  0.0000    2    2.000   1.0000       realNov
  2.0000    2    2.000   1.0000       realNov
  4.0000    4    2.000   1.0000     pseudoNov
  6.0000    1    2.000   1.0000       realRep
  8.0000    2    2.000   1.0000       realNov
 10.0000    3    2.000   1.0000     pseudoRep
 12.0000    0    2.000   1.0000          NULL 
 14.0000    3    2.000   1.0000     pseudoRep
 16.0000    4    2.000   1.0000     pseudoNov
 18.0000    1    2.000   1.0000       realRep
 20.0000    2    2.000   1.0000       realNov
 22.0000    4    2.000   1.0000     pseudoNov
 24.0000    1    2.000   1.0000       realRep
 26.0000    3    2.000   1.0000     pseudoRep
 28.0000    2    2.000   1.0000       realNov
 30.0000    1    2.000   1.0000       realRep
 32.0000    4    2.000   1.0000     pseudoNov
 34.0000    0    4.000   1.0000          NULL 
 38.0000    1    2.000   1.0000       realRep
 40.0000    1    2.000   1.0000       realRep
 42.0000    2    2.000   1.0000       realNov
 44.0000    3    2.000   1.0000     pseudoRep
 46.0000    1    2.000   1.0000       realRep
 48.0000    2    2.000   1.0000       realNov
 50.0000    2    2.000   1.0000       realNov
 52.0000    0    2.000   1.0000          NULL 
 54.0000    3    2.000   1.0000     pseudoRep
 56.0000    3    2.000   1.0000     pseudoRep
 58.0000    1    2.000   1.0000       realRep
 60.0000    1    2.000   1.0000       realRep
 62.0000    3    2.000   1.0000     pseudoRep
 64.0000    0    2.000   1.0000          NULL 
 66.0000    2    2.000   1.0000       realNov
 68.0000    0    2.000   1.0000          NULL 
 70.0000    1    2.000   1.0000       realRep
 72.0000    4    2.000   1.0000     pseudoNov
 74.0000    3    2.000   1.0000     pseudoRep
 76.0000    3    2.000   1.0000     pseudoRep
 78.0000    1    2.000   1.0000       realRep
 80.0000    1    2.000   1.0000       realRep
 82.0000    3    2.000   1.0000     pseudoRep
 84.0000    4    2.000   1.0000     pseudoNov
 86.0000    3    2.000   1.0000     pseudoRep
 88.0000    4    2.000   1.0000     pseudoNov
 90.0000    0    2.000   1.0000          NULL 
 92.0000    4    2.000   1.0000     pseudoNov
 94.0000    0    2.000   1.0000          NULL 
 96.0000    2    2.000   1.0000       realNov
 98.0000    1    2.000   1.0000       realRep
100.0000    1    2.000   1.0000       realRep
102.0000    4    2.000   1.0000     pseudoNov
104.0000    1    2.000   1.0000       realRep
106.0000    0    2.000   1.0000          NULL 
108.0000    2    2.000   1.0000       realNov
110.0000    4    2.000   1.0000     pseudoNov
112.0000    3    2.000   1.0000     pseudoRep
114.0000    1    2.000   1.0000       realRep
116.0000    3    2.000   1.0000     pseudoRep
118.0000    2    2.000   1.0000       realNov
120.0000    2    2.000   1.0000       realNov
122.0000    4    2.000   1.0000     pseudoNov
124.0000    4    2.000   1.0000     pseudoNov
126.0000    4    2.000   1.0000     pseudoNov
128.0000    2    2.000   1.0000       realNov
130.0000    3    2.000   1.0000     pseudoRep
132.0000    1    2.000   1.0000       realRep
134.0000    0    4.000   1.0000          NULL 
138.0000    2    2.000   1.0000       realNov
140.0000    2    2.000   1.0000       realNov
142.0000    3    2.000   1.0000     pseudoRep
144.0000    2    2.000   1.0000       realNov
146.0000    3    2.000   1.0000     pseudoRep
148.0000    3    2.000   1.0000     pseudoRep
150.0000    0    2.000   1.0000          NULL 
152.0000    3    2.000   1.0000     pseudoRep
154.0000    1    2.000   1.0000       realRep
156.0000    4    2.000   1.0000     pseudoNov
158.0000    3    2.000   1.0000     pseudoRep
160.0000    4    2.000   1.0000     pseudoNov
162.0000    4    2.000   1.0000     pseudoNov
164.0000    1    2.000   1.0000       realRep
166.0000    4    2.000   1.0000     pseudoNov
168.0000    3    2.000   1.0000     pseudoRep
170.0000    0    2.000   1.0000          NULL 
172.0000    3    2.000   1.0000     pseudoRep
174.0000    3    2.000   1.0000     pseudoRep
176.0000    1    2.000   1.0000       realRep
178.0000    1    2.000   1.0000       realRep
180.0000    3    2.000   1.0000     pseudoRep
182.0000    3    2.000   1.0000     pseudoRep
184.0000    0    4.000   1.0000          NULL 
188.0000    2    2.000   1.0000       realNov
190.0000    3    2.000   1.0000     pseudoRep
192.0000    3    2.000   1.0000     pseudoRep
194.0000    2    2.000   1.0000       realNov
196.0000    2    2.000   1.0000       realNov
198.0000    1    2.000   1.0000       realRep
200.0000    4    2.000   1.0000     pseudoNov
202.0000    0    2.000   1.0000          NULL 
204.0000    2    2.000   1.0000       realNov
206.0000    0    2.000   1.0000          NULL 
208.0000    1    2.000   1.0000       realRep
210.0000    1    2.000   1.0000       realRep
212.0000    2    2.000   1.0000       realNov
214.0000    4    2.000   1.0000     pseudoNov
216.0000    0    2.000   1.0000          NULL 
218.0000    4    2.000   1.0000     pseudoNov
220.0000    1    2.000   1.0000       realRep
222.0000    2    2.000   1.0000       realNov
224.0000    4    2.000   1.0000     pseudoNov
226.0000    0    2.000   1.0000          NULL 
228.0000    2    2.000   1.0000       realNov
230.0000    4    2.000   1.0000     pseudoNov
232.0000    2    2.000   1.0000       realNov
234.0000    3    2.000   1.0000     pseudoRep
236.0000    4    2.000   1.0000     pseudoNov
238.0000    2    2.000   1.0000       realNov
240.0000    0    6.000   1.0000          NULL 
246.0000    3    2.000   1.0000     pseudoRep
248.0000    4    2.000   1.0000     pseudoNov
250.0000    1    2.000   1.0000       realRep
252.0000    4    2.000   1.0000     pseudoNov
254.0000    4    2.000   1.0000     pseudoNov
256.0000    0    2.000   1.0000          NULL 
258.0000    1    2.000   1.0000       realRep
260.0000    1    2.000   1.0000       realRep
262.0000    1    2.000   1.0000       realRep
264.0000    0    2.000   1.0000          NULL 
266.0000    4    2.000   1.0000     pseudoNov
268.0000    3    2.000   1.0000     pseudoRep
270.0000    2    2.000   1.0000       realNov
272.0000    1    2.000   1.0000       realRep
274.0000    2    2.000   1.0000       realNov
276.0000    0    2.000   1.0000          NULL 
278.0000    3    2.000   1.0000     pseudoRep
280.0000    4    2.000   1.0000     pseudoNov
282.0000    4    2.000   1.0000     pseudoNov
284.0000    4    2.000   1.0000     pseudoNov
286.0000    3    2.000   1.0000     pseudoRep
288.0000    3    2.000   1.0000     pseudoRep
290.0000    0    2.000   1.0000          NULL 
292.0000    1    2.000   1.0000       realRep
294.0000    3    2.000   1.0000     pseudoRep
296.0000    2    2.000   1.0000       realNov
298.0000    0    2.000   1.0000          NULL 
300.0000    3    2.000   1.0000     pseudoRep
302.0000    2    2.000   1.0000       realNov
304.0000    0    4.000   1.0000          NULL 
308.0000    1    2.000   1.0000       realRep
310.0000    2    2.000   1.0000       realNov
312.0000    1    2.000   1.0000       realRep
314.0000    0    2.000   1.0000          NULL 
316.0000    1    2.000   1.0000       realRep
318.0000    3    2.000   1.0000     pseudoRep
320.0000    0    2.000   1.0000          NULL 
322.0000    2    2.000   1.0000       realNov
324.0000    4    2.000   1.0000     pseudoNov
326.0000    0    2.000   1.0000          NULL 
328.0000    1    2.000   1.0000       realRep
330.0000    4    2.000   1.0000     pseudoNov
332.0000    4    2.000   1.0000     pseudoNov
334.0000    4    2.000   1.0000     pseudoNov
336.0000    2    2.000   1.0000       realNov
338.0000    0    2.000   1.0000          NULL 
340.0000    3    2.000   1.0000     pseudoRep
342.0000    2    2.000   1.0000       realNov
344.0000    2    2.000   1.0000       realNov
346.0000    3    2.000   1.0000     pseudoRep
348.0000    0    2.000   1.0000          NULL 
350.0000    1    2.000   1.0000       realRep
352.0000    2    2.000   1.0000       realNov
354.0000    0    2.000   1.0000          NULL 
356.0000    1    2.000   1.0000       realRep
358.0000    2    2.000   1.0000       realNov
360.0000    0    2.000   1.0000          NULL 
362.0000    2    2.000   1.0000       realNov
364.0000    2    2.000   1.0000       realNov
366.0000    4    2.000   1.0000     pseudoNov
368.0000    0    2.000   1.0000          NULL 
370.0000    4    2.000   1.0000     pseudoNov
372.0000    0    2.000   1.0000          NULL 
374.0000    1    2.000   1.0000       realRep
376.0000    3    2.000   1.0000     pseudoRep
378.0000    1    2.000   1.0000       realRep
380.0000    4    2.000   1.0000     pseudoNov
382.0000    4    2.000   1.0000     pseudoNov
384.0000    4    2.000   1.0000     pseudoNov
386.0000    2    2.000   1.0000       realNov
388.0000    3    2.000   1.0000     pseudoRep
390.0000    0    2.000   1.0000          NULL 
392.0000    3    2.000   1.0000     pseudoRep
394.0000    1    2.000   1.0000       realRep
396.0000    0    2.000   1.0000          NULL 
398.0000    4    2.000   1.0000     pseudoNov
