  0.0000    3    2.000   1.0000     pseudoRep
  2.0000    1    2.000   1.0000       realRep
  4.0000    1    2.000   1.0000       realRep
  6.0000    2    2.000   1.0000       realNov
  8.0000    1    2.000   1.0000       realRep
 10.0000    3    2.000   1.0000     pseudoRep
 12.0000    2    2.000   1.0000       realNov
 14.0000    4    2.000   1.0000     pseudoNov
 16.0000    0    2.000   1.0000          NULL 
 18.0000    3    2.000   1.0000     pseudoRep
 20.0000    0    2.000   1.0000          NULL 
 22.0000    4    2.000   1.0000     pseudoNov
 24.0000    4    2.000   1.0000     pseudoNov
 26.0000    3    2.000   1.0000     pseudoRep
 28.0000    3    2.000   1.0000     pseudoRep
 30.0000    4    2.000   1.0000     pseudoNov
 32.0000    4    2.000   1.0000     pseudoNov
 34.0000    1    2.000   1.0000       realRep
 36.0000    1    2.000   1.0000       realRep
 38.0000    4    2.000   1.0000     pseudoNov
 40.0000    3    2.000   1.0000     pseudoRep
 42.0000    2    2.000   1.0000       realNov
 44.0000    3    2.000   1.0000     pseudoRep
 46.0000    3    2.000   1.0000     pseudoRep
 48.0000    1    2.000   1.0000       realRep
 50.0000    2    2.000   1.0000       realNov
 52.0000    0    2.000   1.0000          NULL 
 54.0000    4    2.000   1.0000     pseudoNov
 56.0000    2    2.000   1.0000       realNov
 58.0000    2    2.000   1.0000       realNov
 60.0000    2    2.000   1.0000       realNov
 62.0000    0    2.000   1.0000          NULL 
 64.0000    1    2.000   1.0000       realRep
 66.0000    1    2.000   1.0000       realRep
 68.0000    1    2.000   1.0000       realRep
 70.0000    0    2.000   1.0000          NULL 
 72.0000    3    2.000   1.0000     pseudoRep
 74.0000    2    2.000   1.0000       realNov
 76.0000    4    2.000   1.0000     pseudoNov
 78.0000    4    2.000   1.0000     pseudoNov
 80.0000    3    2.000   1.0000     pseudoRep
 82.0000    3    2.000   1.0000     pseudoRep
 84.0000    0    2.000   1.0000          NULL 
 86.0000    1    2.000   1.0000       realRep
 88.0000    0    4.000   1.0000          NULL 
 92.0000    1    2.000   1.0000       realRep
 94.0000    1    2.000   1.0000       realRep
 96.0000    0    2.000   1.0000          NULL 
 98.0000    2    2.000   1.0000       realNov
100.0000    2    2.000   1.0000       realNov
102.0000    2    2.000   1.0000       realNov
104.0000    3    2.000   1.0000     pseudoRep
106.0000    1    2.000   1.0000       realRep
108.0000    2    2.000   1.0000       realNov
110.0000    3    2.000   1.0000     pseudoRep
112.0000    1    2.000   1.0000       realRep
114.0000    2    2.000   1.0000       realNov
116.0000    0    4.000   1.0000          NULL 
120.0000    3    2.000   1.0000     pseudoRep
122.0000    0    2.000   1.0000          NULL 
124.0000    3    2.000   1.0000     pseudoRep
126.0000    4    2.000   1.0000     pseudoNov
128.0000    0    2.000   1.0000          NULL 
130.0000    1    2.000   1.0000       realRep
132.0000    2    2.000   1.0000       realNov
134.0000    2    2.000   1.0000       realNov
136.0000    2    2.000   1.0000       realNov
138.0000    4    2.000   1.0000     pseudoNov
140.0000    0    2.000   1.0000          NULL 
142.0000    1    2.000   1.0000       realRep
144.0000    4    2.000   1.0000     pseudoNov
146.0000    4    2.000   1.0000     pseudoNov
148.0000    3    2.000   1.0000     pseudoRep
150.0000    0    2.000   1.0000          NULL 
152.0000    2    2.000   1.0000       realNov
154.0000    3    2.000   1.0000     pseudoRep
156.0000    0    4.000   1.0000          NULL 
160.0000    2    2.000   1.0000       realNov
162.0000    4    2.000   1.0000     pseudoNov
164.0000    0    2.000   1.0000          NULL 
166.0000    3    2.000   1.0000     pseudoRep
168.0000    3    2.000   1.0000     pseudoRep
170.0000    3    2.000   1.0000     pseudoRep
172.0000    2    2.000   1.0000       realNov
174.0000    0    2.000   1.0000          NULL 
176.0000    1    2.000   1.0000       realRep
178.0000    2    2.000   1.0000       realNov
180.0000    3    2.000   1.0000     pseudoRep
182.0000    3    2.000   1.0000     pseudoRep
184.0000    3    2.000   1.0000     pseudoRep
186.0000    2    2.000   1.0000       realNov
188.0000    0    4.000   1.0000          NULL 
192.0000    2    2.000   1.0000       realNov
194.0000    4    2.000   1.0000     pseudoNov
196.0000    3    2.000   1.0000     pseudoRep
198.0000    4    2.000   1.0000     pseudoNov
200.0000    2    2.000   1.0000       realNov
202.0000    1    2.000   1.0000       realRep
204.0000    2    2.000   1.0000       realNov
206.0000    3    2.000   1.0000     pseudoRep
208.0000    1    2.000   1.0000       realRep
210.0000    2    2.000   1.0000       realNov
212.0000    3    2.000   1.0000     pseudoRep
214.0000    0    2.000   1.0000          NULL 
216.0000    1    2.000   1.0000       realRep
218.0000    3    2.000   1.0000     pseudoRep
220.0000    2    2.000   1.0000       realNov
222.0000    1    2.000   1.0000       realRep
224.0000    4    2.000   1.0000     pseudoNov
226.0000    1    2.000   1.0000       realRep
228.0000    4    2.000   1.0000     pseudoNov
230.0000    4    2.000   1.0000     pseudoNov
232.0000    4    2.000   1.0000     pseudoNov
234.0000    4    2.000   1.0000     pseudoNov
236.0000    1    2.000   1.0000       realRep
238.0000    3    2.000   1.0000     pseudoRep
240.0000    4    2.000   1.0000     pseudoNov
242.0000    4    2.000   1.0000     pseudoNov
244.0000    0    2.000   1.0000          NULL 
246.0000    3    2.000   1.0000     pseudoRep
248.0000    2    2.000   1.0000       realNov
250.0000    0    2.000   1.0000          NULL 
252.0000    2    2.000   1.0000       realNov
254.0000    4    2.000   1.0000     pseudoNov
256.0000    1    2.000   1.0000       realRep
258.0000    0    4.000   1.0000          NULL 
262.0000    4    2.000   1.0000     pseudoNov
264.0000    1    2.000   1.0000       realRep
266.0000    0    2.000   1.0000          NULL 
268.0000    4    2.000   1.0000     pseudoNov
270.0000    0    4.000   1.0000          NULL 
274.0000    2    2.000   1.0000       realNov
276.0000    3    2.000   1.0000     pseudoRep
278.0000    4    2.000   1.0000     pseudoNov
280.0000    3    2.000   1.0000     pseudoRep
282.0000    0    2.000   1.0000          NULL 
284.0000    3    2.000   1.0000     pseudoRep
286.0000    2    2.000   1.0000       realNov
288.0000    2    2.000   1.0000       realNov
290.0000    4    2.000   1.0000     pseudoNov
292.0000    2    2.000   1.0000       realNov
294.0000    4    2.000   1.0000     pseudoNov
296.0000    1    2.000   1.0000       realRep
298.0000    0    2.000   1.0000          NULL 
300.0000    4    2.000   1.0000     pseudoNov
302.0000    1    2.000   1.0000       realRep
304.0000    2    2.000   1.0000       realNov
306.0000    1    2.000   1.0000       realRep
308.0000    1    2.000   1.0000       realRep
310.0000    2    2.000   1.0000       realNov
312.0000    1    2.000   1.0000       realRep
314.0000    1    2.000   1.0000       realRep
316.0000    0    2.000   1.0000          NULL 
318.0000    4    2.000   1.0000     pseudoNov
320.0000    0    2.000   1.0000          NULL 
322.0000    2    2.000   1.0000       realNov
324.0000    1    2.000   1.0000       realRep
326.0000    4    2.000   1.0000     pseudoNov
328.0000    3    2.000   1.0000     pseudoRep
330.0000    0    2.000   1.0000          NULL 
332.0000    1    2.000   1.0000       realRep
334.0000    2    2.000   1.0000       realNov
336.0000    1    2.000   1.0000       realRep
338.0000    3    2.000   1.0000     pseudoRep
340.0000    4    2.000   1.0000     pseudoNov
342.0000    3    2.000   1.0000     pseudoRep
344.0000    3    2.000   1.0000     pseudoRep
346.0000    4    2.000   1.0000     pseudoNov
348.0000    4    2.000   1.0000     pseudoNov
350.0000    1    2.000   1.0000       realRep
352.0000    0    2.000   1.0000          NULL 
354.0000    2    2.000   1.0000       realNov
356.0000    0    2.000   1.0000          NULL 
358.0000    2    2.000   1.0000       realNov
360.0000    0    4.000   1.0000          NULL 
364.0000    4    2.000   1.0000     pseudoNov
366.0000    3    2.000   1.0000     pseudoRep
368.0000    4    2.000   1.0000     pseudoNov
370.0000    4    2.000   1.0000     pseudoNov
372.0000    1    2.000   1.0000       realRep
374.0000    3    2.000   1.0000     pseudoRep
376.0000    4    2.000   1.0000     pseudoNov
378.0000    0    2.000   1.0000          NULL 
380.0000    3    2.000   1.0000     pseudoRep
382.0000    4    2.000   1.0000     pseudoNov
384.0000    1    2.000   1.0000       realRep
386.0000    1    2.000   1.0000       realRep
388.0000    3    2.000   1.0000     pseudoRep
390.0000    1    2.000   1.0000       realRep
392.0000    0    2.000   1.0000          NULL 
394.0000    1    2.000   1.0000       realRep
396.0000    2    2.000   1.0000       realNov
398.0000    2    2.000   1.0000       realNov
