  0.0000    4    2.000   1.0000     pseudoNov
  2.0000    4    2.000   1.0000     pseudoNov
  4.0000    0    2.000   1.0000          NULL 
  6.0000    1    2.000   1.0000       realRep
  8.0000    0    2.000   1.0000          NULL 
 10.0000    2    2.000   1.0000       realNov
 12.0000    4    2.000   1.0000     pseudoNov
 14.0000    3    2.000   1.0000     pseudoRep
 16.0000    2    2.000   1.0000       realNov
 18.0000    0    2.000   1.0000          NULL 
 20.0000    1    2.000   1.0000       realRep
 22.0000    3    2.000   1.0000     pseudoRep
 24.0000    3    2.000   1.0000     pseudoRep
 26.0000    2    2.000   1.0000       realNov
 28.0000    4    2.000   1.0000     pseudoNov
 30.0000    0    2.000   1.0000          NULL 
 32.0000    2    2.000   1.0000       realNov
 34.0000    4    2.000   1.0000     pseudoNov
 36.0000    4    2.000   1.0000     pseudoNov
 38.0000    2    2.000   1.0000       realNov
 40.0000    0    2.000   1.0000          NULL 
 42.0000    3    2.000   1.0000     pseudoRep
 44.0000    1    2.000   1.0000       realRep
 46.0000    1    2.000   1.0000       realRep
 48.0000    2    2.000   1.0000       realNov
 50.0000    1    2.000   1.0000       realRep
 52.0000    4    2.000   1.0000     pseudoNov
 54.0000    1    2.000   1.0000       realRep
 56.0000    4    2.000   1.0000     pseudoNov
 58.0000    0    2.000   1.0000          NULL 
 60.0000    2    2.000   1.0000       realNov
 62.0000    1    2.000   1.0000       realRep
 64.0000    4    2.000   1.0000     pseudoNov
 66.0000    3    2.000   1.0000     pseudoRep
 68.0000    4    2.000   1.0000     pseudoNov
 70.0000    2    2.000   1.0000       realNov
 72.0000    2    2.000   1.0000       realNov
 74.0000    1    2.000   1.0000       realRep
 76.0000    2    2.000   1.0000       realNov
 78.0000    4    2.000   1.0000     pseudoNov
 80.0000    0    2.000   1.0000          NULL 
 82.0000    2    2.000   1.0000       realNov
 84.0000    3    2.000   1.0000     pseudoRep
 86.0000    2    2.000   1.0000       realNov
 88.0000    4    2.000   1.0000     pseudoNov
 90.0000    2    2.000   1.0000       realNov
 92.0000    2    2.000   1.0000       realNov
 94.0000    2    2.000   1.0000       realNov
 96.0000    2    2.000   1.0000       realNov
 98.0000    3    2.000   1.0000     pseudoRep
100.0000    0    2.000   1.0000          NULL 
102.0000    1    2.000   1.0000       realRep
104.0000    3    2.000   1.0000     pseudoRep
106.0000    4    2.000   1.0000     pseudoNov
108.0000    4    2.000   1.0000     pseudoNov
110.0000    4    2.000   1.0000     pseudoNov
112.0000    4    2.000   1.0000     pseudoNov
114.0000    1    2.000   1.0000       realRep
116.0000    2    2.000   1.0000       realNov
118.0000    0    2.000   1.0000          NULL 
120.0000    4    2.000   1.0000     pseudoNov
122.0000    3    2.000   1.0000     pseudoRep
124.0000    4    2.000   1.0000     pseudoNov
126.0000    2    2.000   1.0000       realNov
128.0000    3    2.000   1.0000     pseudoRep
130.0000    3    2.000   1.0000     pseudoRep
132.0000    3    2.000   1.0000     pseudoRep
134.0000    0    2.000   1.0000          NULL 
136.0000    4    2.000   1.0000     pseudoNov
138.0000    3    2.000   1.0000     pseudoRep
140.0000    0    4.000   1.0000          NULL 
144.0000    1    2.000   1.0000       realRep
146.0000    3    2.000   1.0000     pseudoRep
148.0000    3    2.000   1.0000     pseudoRep
150.0000    3    2.000   1.0000     pseudoRep
152.0000    3    2.000   1.0000     pseudoRep
154.0000    4    2.000   1.0000     pseudoNov
156.0000    0    4.000   1.0000          NULL 
160.0000    3    2.000   1.0000     pseudoRep
162.0000    2    2.000   1.0000       realNov
164.0000    2    2.000   1.0000       realNov
166.0000    1    2.000   1.0000       realRep
168.0000    3    2.000   1.0000     pseudoRep
170.0000    4    2.000   1.0000     pseudoNov
172.0000    4    2.000   1.0000     pseudoNov
174.0000    4    2.000   1.0000     pseudoNov
176.0000    3    2.000   1.0000     pseudoRep
178.0000    3    2.000   1.0000     pseudoRep
180.0000    0    2.000   1.0000          NULL 
182.0000    4    2.000   1.0000     pseudoNov
184.0000    4    2.000   1.0000     pseudoNov
186.0000    0    2.000   1.0000          NULL 
188.0000    3    2.000   1.0000     pseudoRep
190.0000    3    2.000   1.0000     pseudoRep
192.0000    2    2.000   1.0000       realNov
194.0000    0    2.000   1.0000          NULL 
196.0000    3    2.000   1.0000     pseudoRep
198.0000    2    2.000   1.0000       realNov
200.0000    3    2.000   1.0000     pseudoRep
202.0000    2    2.000   1.0000       realNov
204.0000    1    2.000   1.0000       realRep
206.0000    1    2.000   1.0000       realRep
208.0000    1    2.000   1.0000       realRep
210.0000    0    2.000   1.0000          NULL 
212.0000    2    2.000   1.0000       realNov
214.0000    2    2.000   1.0000       realNov
216.0000    3    2.000   1.0000     pseudoRep
218.0000    1    2.000   1.0000       realRep
220.0000    2    2.000   1.0000       realNov
222.0000    1    2.000   1.0000       realRep
224.0000    2    2.000   1.0000       realNov
226.0000    1    2.000   1.0000       realRep
228.0000    1    2.000   1.0000       realRep
230.0000    1    2.000   1.0000       realRep
232.0000    0    4.000   1.0000          NULL 
236.0000    3    2.000   1.0000     pseudoRep
238.0000    1    2.000   1.0000       realRep
240.0000    4    2.000   1.0000     pseudoNov
242.0000    0    2.000   1.0000          NULL 
244.0000    3    2.000   1.0000     pseudoRep
246.0000    2    2.000   1.0000       realNov
248.0000    3    2.000   1.0000     pseudoRep
250.0000    1    2.000   1.0000       realRep
252.0000    4    2.000   1.0000     pseudoNov
254.0000    3    2.000   1.0000     pseudoRep
256.0000    2    2.000   1.0000       realNov
258.0000    3    2.000   1.0000     pseudoRep
260.0000    0    2.000   1.0000          NULL 
262.0000    1    2.000   1.0000       realRep
264.0000    4    2.000   1.0000     pseudoNov
266.0000    2    2.000   1.0000       realNov
268.0000    3    2.000   1.0000     pseudoRep
270.0000    1    2.000   1.0000       realRep
272.0000    0    2.000   1.0000          NULL 
274.0000    4    2.000   1.0000     pseudoNov
276.0000    3    2.000   1.0000     pseudoRep
278.0000    0    2.000   1.0000          NULL 
280.0000    1    2.000   1.0000       realRep
282.0000    1    2.000   1.0000       realRep
284.0000    4    2.000   1.0000     pseudoNov
286.0000    2    2.000   1.0000       realNov
288.0000    4    2.000   1.0000     pseudoNov
290.0000    1    2.000   1.0000       realRep
292.0000    0    8.000   1.0000          NULL 
300.0000    2    2.000   1.0000       realNov
302.0000    1    2.000   1.0000       realRep
304.0000    4    2.000   1.0000     pseudoNov
306.0000    1    2.000   1.0000       realRep
308.0000    3    2.000   1.0000     pseudoRep
310.0000    3    2.000   1.0000     pseudoRep
312.0000    4    2.000   1.0000     pseudoNov
314.0000    2    2.000   1.0000       realNov
316.0000    3    2.000   1.0000     pseudoRep
318.0000    2    2.000   1.0000       realNov
320.0000    0    2.000   1.0000          NULL 
322.0000    4    2.000   1.0000     pseudoNov
324.0000    4    2.000   1.0000     pseudoNov
326.0000    0    2.000   1.0000          NULL 
328.0000    3    2.000   1.0000     pseudoRep
330.0000    1    2.000   1.0000       realRep
332.0000    0    4.000   1.0000          NULL 
336.0000    4    2.000   1.0000     pseudoNov
338.0000    1    2.000   1.0000       realRep
340.0000    1    2.000   1.0000       realRep
342.0000    2    2.000   1.0000       realNov
344.0000    1    2.000   1.0000       realRep
346.0000    0    2.000   1.0000          NULL 
348.0000    1    2.000   1.0000       realRep
350.0000    0    2.000   1.0000          NULL 
352.0000    1    2.000   1.0000       realRep
354.0000    0    2.000   1.0000          NULL 
356.0000    2    2.000   1.0000       realNov
358.0000    2    2.000   1.0000       realNov
360.0000    4    2.000   1.0000     pseudoNov
362.0000    1    2.000   1.0000       realRep
364.0000    3    2.000   1.0000     pseudoRep
366.0000    3    2.000   1.0000     pseudoRep
368.0000    1    2.000   1.0000       realRep
370.0000    3    2.000   1.0000     pseudoRep
372.0000    0    8.000   1.0000          NULL 
380.0000    4    2.000   1.0000     pseudoNov
382.0000    2    2.000   1.0000       realNov
384.0000    1    2.000   1.0000       realRep
386.0000    0    2.000   1.0000          NULL 
388.0000    4    2.000   1.0000     pseudoNov
390.0000    2    2.000   1.0000       realNov
392.0000    1    2.000   1.0000       realRep
394.0000    2    2.000   1.0000       realNov
396.0000    4    2.000   1.0000     pseudoNov
398.0000    1    2.000   1.0000       realRep
