  0.0000    4    2.000   1.0000     pseudoNov
  2.0000    3    2.000   1.0000     pseudoRep
  4.0000    1    2.000   1.0000       realRep
  6.0000    1    2.000   1.0000       realRep
  8.0000    3    2.000   1.0000     pseudoRep
 10.0000    1    2.000   1.0000       realRep
 12.0000    4    2.000   1.0000     pseudoNov
 14.0000    0    2.000   1.0000          NULL 
 16.0000    1    2.000   1.0000       realRep
 18.0000    4    2.000   1.0000     pseudoNov
 20.0000    2    2.000   1.0000       realNov
 22.0000    1    2.000   1.0000       realRep
 24.0000    1    2.000   1.0000       realRep
 26.0000    4    2.000   1.0000     pseudoNov
 28.0000    2    2.000   1.0000       realNov
 30.0000    3    2.000   1.0000     pseudoRep
 32.0000    2    2.000   1.0000       realNov
 34.0000    0    2.000   1.0000          NULL 
 36.0000    2    2.000   1.0000       realNov
 38.0000    1    2.000   1.0000       realRep
 40.0000    3    2.000   1.0000     pseudoRep
 42.0000    0    2.000   1.0000          NULL 
 44.0000    2    2.000   1.0000       realNov
 46.0000    0    2.000   1.0000          NULL 
 48.0000    3    2.000   1.0000     pseudoRep
 50.0000    4    2.000   1.0000     pseudoNov
 52.0000    4    2.000   1.0000     pseudoNov
 54.0000    4    2.000   1.0000     pseudoNov
 56.0000    1    2.000   1.0000       realRep
 58.0000    0    4.000   1.0000          NULL 
 62.0000    4    2.000   1.0000     pseudoNov
 64.0000    0    2.000   1.0000          NULL 
 66.0000    1    2.000   1.0000       realRep
 68.0000    2    2.000   1.0000       realNov
 70.0000    2    2.000   1.0000       realNov
 72.0000    3    2.000   1.0000     pseudoRep
 74.0000    3    2.000   1.0000     pseudoRep
 76.0000    4    2.000   1.0000     pseudoNov
 78.0000    2    2.000   1.0000       realNov
 80.0000    3    2.000   1.0000     pseudoRep
 82.0000    4    2.000   1.0000     pseudoNov
 84.0000    4    2.000   1.0000     pseudoNov
 86.0000    4    2.000   1.0000     pseudoNov
 88.0000    1    2.000   1.0000       realRep
 90.0000    2    2.000   1.0000       realNov
 92.0000    3    2.000   1.0000     pseudoRep
 94.0000    0    2.000   1.0000          NULL 
 96.0000    2    2.000   1.0000       realNov
 98.0000    1    2.000   1.0000       realRep
100.0000    0    2.000   1.0000          NULL 
102.0000    4    2.000   1.0000     pseudoNov
104.0000    1    2.000   1.0000       realRep
106.0000    4    2.000   1.0000     pseudoNov
108.0000    2    2.000   1.0000       realNov
110.0000    2    2.000   1.0000       realNov
112.0000    4    2.000   1.0000     pseudoNov
114.0000    1    2.000   1.0000       realRep
116.0000    4    2.000   1.0000     pseudoNov
118.0000    3    2.000   1.0000     pseudoRep
120.0000    2    2.000   1.0000       realNov
122.0000    2    2.000   1.0000       realNov
124.0000    2    2.000   1.0000       realNov
126.0000    2    2.000   1.0000       realNov
128.0000    3    2.000   1.0000     pseudoRep
130.0000    0    2.000   1.0000          NULL 
132.0000    4    2.000   1.0000     pseudoNov
134.0000    2    2.000   1.0000       realNov
136.0000    3    2.000   1.0000     pseudoRep
138.0000    3    2.000   1.0000     pseudoRep
140.0000    1    2.000   1.0000       realRep
142.0000    0    4.000   1.0000          NULL 
146.0000    3    2.000   1.0000     pseudoRep
148.0000    0    2.000   1.0000          NULL 
150.0000    3    2.000   1.0000     pseudoRep
152.0000    1    2.000   1.0000       realRep
154.0000    2    2.000   1.0000       realNov
156.0000    1    2.000   1.0000       realRep
158.0000    4    2.000   1.0000     pseudoNov
160.0000    3    2.000   1.0000     pseudoRep
162.0000    3    2.000   1.0000     pseudoRep
164.0000    2    2.000   1.0000       realNov
166.0000    0    2.000   1.0000          NULL 
168.0000    3    2.000   1.0000     pseudoRep
170.0000    2    2.000   1.0000       realNov
172.0000    0    4.000   1.0000          NULL 
176.0000    1    2.000   1.0000       realRep
178.0000    0    4.000   1.0000          NULL 
182.0000    2    2.000   1.0000       realNov
184.0000    3    2.000   1.0000     pseudoRep
186.0000    2    2.000   1.0000       realNov
188.0000    0    2.000   1.0000          NULL 
190.0000    3    2.000   1.0000     pseudoRep
192.0000    2    2.000   1.0000       realNov
194.0000    3    2.000   1.0000     pseudoRep
196.0000    2    2.000   1.0000       realNov
198.0000    1    2.000   1.0000       realRep
200.0000    0    4.000   1.0000          NULL 
204.0000    1    2.000   1.0000       realRep
206.0000    1    2.000   1.0000       realRep
208.0000    2    2.000   1.0000       realNov
210.0000    0    2.000   1.0000          NULL 
212.0000    2    2.000   1.0000       realNov
214.0000    2    2.000   1.0000       realNov
216.0000    0    2.000   1.0000          NULL 
218.0000    3    2.000   1.0000     pseudoRep
220.0000    4    2.000   1.0000     pseudoNov
222.0000    3    2.000   1.0000     pseudoRep
224.0000    3    2.000   1.0000     pseudoRep
226.0000    3    2.000   1.0000     pseudoRep
228.0000    1    2.000   1.0000       realRep
230.0000    2    2.000   1.0000       realNov
232.0000    2    2.000   1.0000       realNov
234.0000    0    2.000   1.0000          NULL 
236.0000    2    2.000   1.0000       realNov
238.0000    0    2.000   1.0000          NULL 
240.0000    3    2.000   1.0000     pseudoRep
242.0000    3    2.000   1.0000     pseudoRep
244.0000    4    2.000   1.0000     pseudoNov
246.0000    0    2.000   1.0000          NULL 
248.0000    2    2.000   1.0000       realNov
250.0000    3    2.000   1.0000     pseudoRep
252.0000    2    2.000   1.0000       realNov
254.0000    1    2.000   1.0000       realRep
256.0000    1    2.000   1.0000       realRep
258.0000    1    2.000   1.0000       realRep
260.0000    0    2.000   1.0000          NULL 
262.0000    1    2.000   1.0000       realRep
264.0000    0    2.000   1.0000          NULL 
266.0000    4    2.000   1.0000     pseudoNov
268.0000    2    2.000   1.0000       realNov
270.0000    2    2.000   1.0000       realNov
272.0000    4    2.000   1.0000     pseudoNov
274.0000    1    2.000   1.0000       realRep
276.0000    1    2.000   1.0000       realRep
278.0000    2    2.000   1.0000       realNov
280.0000    4    2.000   1.0000     pseudoNov
282.0000    2    2.000   1.0000       realNov
284.0000    0    2.000   1.0000          NULL 
286.0000    3    2.000   1.0000     pseudoRep
288.0000    0    2.000   1.0000          NULL 
290.0000    3    2.000   1.0000     pseudoRep
292.0000    1    2.000   1.0000       realRep
294.0000    0    2.000   1.0000          NULL 
296.0000    2    2.000   1.0000       realNov
298.0000    4    2.000   1.0000     pseudoNov
300.0000    4    2.000   1.0000     pseudoNov
302.0000    3    2.000   1.0000     pseudoRep
304.0000    0    2.000   1.0000          NULL 
306.0000    4    2.000   1.0000     pseudoNov
308.0000    4    2.000   1.0000     pseudoNov
310.0000    2    2.000   1.0000       realNov
312.0000    4    2.000   1.0000     pseudoNov
314.0000    4    2.000   1.0000     pseudoNov
316.0000    3    2.000   1.0000     pseudoRep
318.0000    3    2.000   1.0000     pseudoRep
320.0000    4    2.000   1.0000     pseudoNov
322.0000    0    4.000   1.0000          NULL 
326.0000    1    2.000   1.0000       realRep
328.0000    4    2.000   1.0000     pseudoNov
330.0000    2    2.000   1.0000       realNov
332.0000    0    2.000   1.0000          NULL 
334.0000    1    2.000   1.0000       realRep
336.0000    3    2.000   1.0000     pseudoRep
338.0000    1    2.000   1.0000       realRep
340.0000    3    2.000   1.0000     pseudoRep
342.0000    0    2.000   1.0000          NULL 
344.0000    1    2.000   1.0000       realRep
346.0000    4    2.000   1.0000     pseudoNov
348.0000    4    2.000   1.0000     pseudoNov
350.0000    4    2.000   1.0000     pseudoNov
352.0000    4    2.000   1.0000     pseudoNov
354.0000    0    2.000   1.0000          NULL 
356.0000    1    2.000   1.0000       realRep
358.0000    1    2.000   1.0000       realRep
360.0000    2    2.000   1.0000       realNov
362.0000    0    2.000   1.0000          NULL 
364.0000    4    2.000   1.0000     pseudoNov
366.0000    1    2.000   1.0000       realRep
368.0000    3    2.000   1.0000     pseudoRep
370.0000    1    2.000   1.0000       realRep
372.0000    4    2.000   1.0000     pseudoNov
374.0000    4    2.000   1.0000     pseudoNov
376.0000    0    4.000   1.0000          NULL 
380.0000    4    2.000   1.0000     pseudoNov
382.0000    3    2.000   1.0000     pseudoRep
384.0000    1    2.000   1.0000       realRep
386.0000    3    2.000   1.0000     pseudoRep
388.0000    3    2.000   1.0000     pseudoRep
390.0000    1    2.000   1.0000       realRep
392.0000    1    2.000   1.0000       realRep
394.0000    3    2.000   1.0000     pseudoRep
396.0000    1    2.000   1.0000       realRep
398.0000    4    2.000   1.0000     pseudoNov
