  0.0000    2    2.000   1.0000       realNov
  2.0000    3    2.000   1.0000     pseudoRep
  4.0000    2    2.000   1.0000       realNov
  6.0000    2    2.000   1.0000       realNov
  8.0000    3    2.000   1.0000     pseudoRep
 10.0000    4    2.000   1.0000     pseudoNov
 12.0000    1    2.000   1.0000       realRep
 14.0000    3    2.000   1.0000     pseudoRep
 16.0000    3    2.000   1.0000     pseudoRep
 18.0000    4    2.000   1.0000     pseudoNov
 20.0000    1    2.000   1.0000       realRep
 22.0000    2    2.000   1.0000       realNov
 24.0000    2    2.000   1.0000       realNov
 26.0000    0    2.000   1.0000          NULL 
 28.0000    2    2.000   1.0000       realNov
 30.0000    2    2.000   1.0000       realNov
 32.0000    0    2.000   1.0000          NULL 
 34.0000    2    2.000   1.0000       realNov
 36.0000    0    2.000   1.0000          NULL 
 38.0000    1    2.000   1.0000       realRep
 40.0000    0    2.000   1.0000          NULL 
 42.0000    2    2.000   1.0000       realNov
 44.0000    3    2.000   1.0000     pseudoRep
 46.0000    0    2.000   1.0000          NULL 
 48.0000    4    2.000   1.0000     pseudoNov
 50.0000    4    2.000   1.0000     pseudoNov
 52.0000    1    2.000   1.0000       realRep
 54.0000    1    2.000   1.0000       realRep
 56.0000    4    2.000   1.0000     pseudoNov
 58.0000    3    2.000   1.0000     pseudoRep
 60.0000    4    2.000   1.0000     pseudoNov
 62.0000    4    2.000   1.0000     pseudoNov
 64.0000    4    2.000   1.0000     pseudoNov
 66.0000    3    2.000   1.0000     pseudoRep
 68.0000    1    2.000   1.0000       realRep
 70.0000    2    2.000   1.0000       realNov
 72.0000    4    2.000   1.0000     pseudoNov
 74.0000    0    2.000   1.0000          NULL 
 76.0000    4    2.000   1.0000     pseudoNov
 78.0000    3    2.000   1.0000     pseudoRep
 80.0000    3    2.000   1.0000     pseudoRep
 82.0000    1    2.000   1.0000       realRep
 84.0000    2    2.000   1.0000       realNov
 86.0000    1    2.000   1.0000       realRep
 88.0000    1    2.000   1.0000       realRep
 90.0000    4    2.000   1.0000     pseudoNov
 92.0000    4    2.000   1.0000     pseudoNov
 94.0000    1    2.000   1.0000       realRep
 96.0000    0    2.000   1.0000          NULL 
 98.0000    2    2.000   1.0000       realNov
100.0000    0    2.000   1.0000          NULL 
102.0000    3    2.000   1.0000     pseudoRep
104.0000    1    2.000   1.0000       realRep
106.0000    3    2.000   1.0000     pseudoRep
108.0000    3    2.000   1.0000     pseudoRep
110.0000    3    2.000   1.0000     pseudoRep
112.0000    0    2.000   1.0000          NULL 
114.0000    1    2.000   1.0000       realRep
116.0000    0    2.000   1.0000          NULL 
118.0000    2    2.000   1.0000       realNov
120.0000    4    2.000   1.0000     pseudoNov
122.0000    2    2.000   1.0000       realNov
124.0000    0    4.000   1.0000          NULL 
128.0000    1    2.000   1.0000       realRep
130.0000    4    2.000   1.0000     pseudoNov
132.0000    4    2.000   1.0000     pseudoNov
134.0000    4    2.000   1.0000     pseudoNov
136.0000    2    2.000   1.0000       realNov
138.0000    4    2.000   1.0000     pseudoNov
140.0000    0    2.000   1.0000          NULL 
142.0000    3    2.000   1.0000     pseudoRep
144.0000    4    2.000   1.0000     pseudoNov
146.0000    0    4.000   1.0000          NULL 
150.0000    2    2.000   1.0000       realNov
152.0000    2    2.000   1.0000       realNov
154.0000    0    4.000   1.0000          NULL 
158.0000    1    2.000   1.0000       realRep
160.0000    4    2.000   1.0000     pseudoNov
162.0000    3    2.000   1.0000     pseudoRep
164.0000    0    4.000   1.0000          NULL 
168.0000    2    2.000   1.0000       realNov
170.0000    1    2.000   1.0000       realRep
172.0000    2    2.000   1.0000       realNov
174.0000    3    2.000   1.0000     pseudoRep
176.0000    1    2.000   1.0000       realRep
178.0000    1    2.000   1.0000       realRep
180.0000    0    4.000   1.0000          NULL 
184.0000    3    2.000   1.0000     pseudoRep
186.0000    2    2.000   1.0000       realNov
188.0000    4    2.000   1.0000     pseudoNov
190.0000    1    2.000   1.0000       realRep
192.0000    1    2.000   1.0000       realRep
194.0000    0    2.000   1.0000          NULL 
196.0000    1    2.000   1.0000       realRep
198.0000    4    2.000   1.0000     pseudoNov
200.0000    4    2.000   1.0000     pseudoNov
202.0000    3    2.000   1.0000     pseudoRep
204.0000    4    2.000   1.0000     pseudoNov
206.0000    2    2.000   1.0000       realNov
208.0000    3    2.000   1.0000     pseudoRep
210.0000    1    2.000   1.0000       realRep
212.0000    1    2.000   1.0000       realRep
214.0000    3    2.000   1.0000     pseudoRep
216.0000    0    4.000   1.0000          NULL 
220.0000    4    2.000   1.0000     pseudoNov
222.0000    4    2.000   1.0000     pseudoNov
224.0000    0    2.000   1.0000          NULL 
226.0000    2    2.000   1.0000       realNov
228.0000    3    2.000   1.0000     pseudoRep
230.0000    0    2.000   1.0000          NULL 
232.0000    2    2.000   1.0000       realNov
234.0000    0    2.000   1.0000          NULL 
236.0000    2    2.000   1.0000       realNov
238.0000    1    2.000   1.0000       realRep
240.0000    1    2.000   1.0000       realRep
242.0000    4    2.000   1.0000     pseudoNov
244.0000    3    2.000   1.0000     pseudoRep
246.0000    3    2.000   1.0000     pseudoRep
248.0000    0    2.000   1.0000          NULL 
250.0000    2    2.000   1.0000       realNov
252.0000    0    2.000   1.0000          NULL 
254.0000    3    2.000   1.0000     pseudoRep
256.0000    4    2.000   1.0000     pseudoNov
258.0000    1    2.000   1.0000       realRep
260.0000    3    2.000   1.0000     pseudoRep
262.0000    2    2.000   1.0000       realNov
264.0000    3    2.000   1.0000     pseudoRep
266.0000    2    2.000   1.0000       realNov
268.0000    3    2.000   1.0000     pseudoRep
270.0000    0    2.000   1.0000          NULL 
272.0000    4    2.000   1.0000     pseudoNov
274.0000    2    2.000   1.0000       realNov
276.0000    0    2.000   1.0000          NULL 
278.0000    3    2.000   1.0000     pseudoRep
280.0000    2    2.000   1.0000       realNov
282.0000    2    2.000   1.0000       realNov
284.0000    2    2.000   1.0000       realNov
286.0000    0    2.000   1.0000          NULL 
288.0000    3    2.000   1.0000     pseudoRep
290.0000    2    2.000   1.0000       realNov
292.0000    0    2.000   1.0000          NULL 
294.0000    1    2.000   1.0000       realRep
296.0000    3    2.000   1.0000     pseudoRep
298.0000    4    2.000   1.0000     pseudoNov
300.0000    0    2.000   1.0000          NULL 
302.0000    4    2.000   1.0000     pseudoNov
304.0000    4    2.000   1.0000     pseudoNov
306.0000    1    2.000   1.0000       realRep
308.0000    2    2.000   1.0000       realNov
310.0000    4    2.000   1.0000     pseudoNov
312.0000    0    2.000   1.0000          NULL 
314.0000    4    2.000   1.0000     pseudoNov
316.0000    1    2.000   1.0000       realRep
318.0000    2    2.000   1.0000       realNov
320.0000    1    2.000   1.0000       realRep
322.0000    2    2.000   1.0000       realNov
324.0000    2    2.000   1.0000       realNov
326.0000    1    2.000   1.0000       realRep
328.0000    4    2.000   1.0000     pseudoNov
330.0000    3    2.000   1.0000     pseudoRep
332.0000    4    2.000   1.0000     pseudoNov
334.0000    3    2.000   1.0000     pseudoRep
336.0000    3    2.000   1.0000     pseudoRep
338.0000    3    2.000   1.0000     pseudoRep
340.0000    4    2.000   1.0000     pseudoNov
342.0000    0    2.000   1.0000          NULL 
344.0000    4    2.000   1.0000     pseudoNov
346.0000    3    2.000   1.0000     pseudoRep
348.0000    2    2.000   1.0000       realNov
350.0000    3    2.000   1.0000     pseudoRep
352.0000    0    2.000   1.0000          NULL 
354.0000    3    2.000   1.0000     pseudoRep
356.0000    1    2.000   1.0000       realRep
358.0000    1    2.000   1.0000       realRep
360.0000    1    2.000   1.0000       realRep
362.0000    2    2.000   1.0000       realNov
364.0000    2    2.000   1.0000       realNov
366.0000    2    2.000   1.0000       realNov
368.0000    0    2.000   1.0000          NULL 
370.0000    1    2.000   1.0000       realRep
372.0000    4    2.000   1.0000     pseudoNov
374.0000    1    2.000   1.0000       realRep
376.0000    1    2.000   1.0000       realRep
378.0000    1    2.000   1.0000       realRep
380.0000    0    2.000   1.0000          NULL 
382.0000    1    2.000   1.0000       realRep
384.0000    3    2.000   1.0000     pseudoRep
386.0000    0    2.000   1.0000          NULL 
388.0000    1    2.000   1.0000       realRep
390.0000    3    2.000   1.0000     pseudoRep
392.0000    1    2.000   1.0000       realRep
394.0000    4    2.000   1.0000     pseudoNov
396.0000    4    2.000   1.0000     pseudoNov
398.0000    3    2.000   1.0000     pseudoRep
