  0.0000    3    2.000   1.0000     pseudoRep
  2.0000    0    2.000   1.0000          NULL 
  4.0000    2    2.000   1.0000       realNov
  6.0000    4    2.000   1.0000     pseudoNov
  8.0000    0    4.000   1.0000          NULL 
 12.0000    4    2.000   1.0000     pseudoNov
 14.0000    4    2.000   1.0000     pseudoNov
 16.0000    1    2.000   1.0000       realRep
 18.0000    0    2.000   1.0000          NULL 
 20.0000    3    2.000   1.0000     pseudoRep
 22.0000    3    2.000   1.0000     pseudoRep
 24.0000    1    2.000   1.0000       realRep
 26.0000    1    2.000   1.0000       realRep
 28.0000    1    2.000   1.0000       realRep
 30.0000    1    2.000   1.0000       realRep
 32.0000    2    2.000   1.0000       realNov
 34.0000    1    2.000   1.0000       realRep
 36.0000    4    2.000   1.0000     pseudoNov
 38.0000    1    2.000   1.0000       realRep
 40.0000    0    2.000   1.0000          NULL 
 42.0000    4    2.000   1.0000     pseudoNov
 44.0000    0    2.000   1.0000          NULL 
 46.0000    2    2.000   1.0000       realNov
 48.0000    3    2.000   1.0000     pseudoRep
 50.0000    0    2.000   1.0000          NULL 
 52.0000    2    2.000   1.0000       realNov
 54.0000    2    2.000   1.0000       realNov
 56.0000    3    2.000   1.0000     pseudoRep
 58.0000    4    2.000   1.0000     pseudoNov
 60.0000    3    2.000   1.0000     pseudoRep
 62.0000    1    2.000   1.0000       realRep
 64.0000    2    2.000   1.0000       realNov
 66.0000    4    2.000   1.0000     pseudoNov
 68.0000    3    2.000   1.0000     pseudoRep
 70.0000    2    2.000   1.0000       realNov
 72.0000    4    2.000   1.0000     pseudoNov
 74.0000    2    2.000   1.0000       realNov
 76.0000    2    2.000   1.0000       realNov
 78.0000    4    2.000   1.0000     pseudoNov
 80.0000    1    2.000   1.0000       realRep
 82.0000    4    2.000   1.0000     pseudoNov
 84.0000    0    4.000   1.0000          NULL 
 88.0000    2    2.000   1.0000       realNov
 90.0000    2    2.000   1.0000       realNov
 92.0000    3    2.000   1.0000     pseudoRep
 94.0000    1    2.000   1.0000       realRep
 96.0000    2    2.000   1.0000       realNov
 98.0000    2    2.000   1.0000       realNov
100.0000    3    2.000   1.0000     pseudoRep
102.0000    3    2.000   1.0000     pseudoRep
104.0000    4    2.000   1.0000     pseudoNov
106.0000    2    2.000   1.0000       realNov
108.0000    0    2.000   1.0000          NULL 
110.0000    2    2.000   1.0000       realNov
112.0000    0    2.000   1.0000          NULL 
114.0000    3    2.000   1.0000     pseudoRep
116.0000    4    2.000   1.0000     pseudoNov
118.0000    0    2.000   1.0000          NULL 
120.0000    1    2.000   1.0000       realRep
122.0000    3    2.000   1.0000     pseudoRep
124.0000    2    2.000   1.0000       realNov
126.0000    4    2.000   1.0000     pseudoNov
128.0000    1    2.000   1.0000       realRep
130.0000    3    2.000   1.0000     pseudoRep
132.0000    1    2.000   1.0000       realRep
134.0000    1    2.000   1.0000       realRep
136.0000    0    4.000   1.0000          NULL 
140.0000    3    2.000   1.0000     pseudoRep
142.0000    2    2.000   1.0000       realNov
144.0000    4    2.000   1.0000     pseudoNov
146.0000    4    2.000   1.0000     pseudoNov
148.0000    1    2.000   1.0000       realRep
150.0000    1    2.000   1.0000       realRep
152.0000    3    2.000   1.0000     pseudoRep
154.0000    4    2.000   1.0000     pseudoNov
156.0000    0    2.000   1.0000          NULL 
158.0000    4    2.000   1.0000     pseudoNov
160.0000    3    2.000   1.0000     pseudoRep
162.0000    3    2.000   1.0000     pseudoRep
164.0000    0    2.000   1.0000          NULL 
166.0000    4    2.000   1.0000     pseudoNov
168.0000    2    2.000   1.0000       realNov
170.0000    1    2.000   1.0000       realRep
172.0000    0    4.000   1.0000          NULL 
176.0000    3    2.000   1.0000     pseudoRep
178.0000    3    2.000   1.0000     pseudoRep
180.0000    3    2.000   1.0000     pseudoRep
182.0000    4    2.000   1.0000     pseudoNov
184.0000    4    2.000   1.0000     pseudoNov
186.0000    0    2.000   1.0000          NULL 
188.0000    2    2.000   1.0000       realNov
190.0000    4    2.000   1.0000     pseudoNov
192.0000    2    2.000   1.0000       realNov
194.0000    3    2.000   1.0000     pseudoRep
196.0000    1    2.000   1.0000       realRep
198.0000    4    2.000   1.0000     pseudoNov
200.0000    0    2.000   1.0000          NULL 
202.0000    1    2.000   1.0000       realRep
204.0000    3    2.000   1.0000     pseudoRep
206.0000    1    2.000   1.0000       realRep
208.0000    3    2.000   1.0000     pseudoRep
210.0000    3    2.000   1.0000     pseudoRep
212.0000    0    2.000   1.0000          NULL 
214.0000    1    2.000   1.0000       realRep
216.0000    4    2.000   1.0000     pseudoNov
218.0000    4    2.000   1.0000     pseudoNov
220.0000    3    2.000   1.0000     pseudoRep
222.0000    0    2.000   1.0000          NULL 
224.0000    1    2.000   1.0000       realRep
226.0000    0    2.000   1.0000          NULL 
228.0000    3    2.000   1.0000     pseudoRep
230.0000    2    2.000   1.0000       realNov
232.0000    0    2.000   1.0000          NULL 
234.0000    1    2.000   1.0000       realRep
236.0000    0    2.000   1.0000          NULL 
238.0000    4    2.000   1.0000     pseudoNov
240.0000    1    2.000   1.0000       realRep
242.0000    4    2.000   1.0000     pseudoNov
244.0000    1    2.000   1.0000       realRep
246.0000    0    2.000   1.0000          NULL 
248.0000    4    2.000   1.0000     pseudoNov
250.0000    3    2.000   1.0000     pseudoRep
252.0000    3    2.000   1.0000     pseudoRep
254.0000    0    2.000   1.0000          NULL 
256.0000    4    2.000   1.0000     pseudoNov
258.0000    0    2.000   1.0000          NULL 
260.0000    3    2.000   1.0000     pseudoRep
262.0000    3    2.000   1.0000     pseudoRep
264.0000    1    2.000   1.0000       realRep
266.0000    3    2.000   1.0000     pseudoRep
268.0000    4    2.000   1.0000     pseudoNov
270.0000    0    2.000   1.0000          NULL 
272.0000    2    2.000   1.0000       realNov
274.0000    3    2.000   1.0000     pseudoRep
276.0000    2    2.000   1.0000       realNov
278.0000    0    2.000   1.0000          NULL 
280.0000    2    2.000   1.0000       realNov
282.0000    0    4.000   1.0000          NULL 
286.0000    1    2.000   1.0000       realRep
288.0000    4    2.000   1.0000     pseudoNov
290.0000    4    2.000   1.0000     pseudoNov
292.0000    4    2.000   1.0000     pseudoNov
294.0000    1    2.000   1.0000       realRep
296.0000    1    2.000   1.0000       realRep
298.0000    0    2.000   1.0000          NULL 
300.0000    2    2.000   1.0000       realNov
302.0000    1    2.000   1.0000       realRep
304.0000    4    2.000   1.0000     pseudoNov
306.0000    2    2.000   1.0000       realNov
308.0000    1    2.000   1.0000       realRep
310.0000    3    2.000   1.0000     pseudoRep
312.0000    1    2.000   1.0000       realRep
314.0000    0    2.000   1.0000          NULL 
316.0000    3    2.000   1.0000     pseudoRep
318.0000    4    2.000   1.0000     pseudoNov
320.0000    3    2.000   1.0000     pseudoRep
322.0000    0    2.000   1.0000          NULL 
324.0000    2    2.000   1.0000       realNov
326.0000    4    2.000   1.0000     pseudoNov
328.0000    2    2.000   1.0000       realNov
330.0000    3    2.000   1.0000     pseudoRep
332.0000    0    2.000   1.0000          NULL 
334.0000    2    2.000   1.0000       realNov
336.0000    1    2.000   1.0000       realRep
338.0000    1    2.000   1.0000       realRep
340.0000    3    2.000   1.0000     pseudoRep
342.0000    4    2.000   1.0000     pseudoNov
344.0000    4    2.000   1.0000     pseudoNov
346.0000    4    2.000   1.0000     pseudoNov
348.0000    2    2.000   1.0000       realNov
350.0000    2    2.000   1.0000       realNov
352.0000    4    2.000   1.0000     pseudoNov
354.0000    4    2.000   1.0000     pseudoNov
356.0000    1    2.000   1.0000       realRep
358.0000    0    4.000   1.0000          NULL 
362.0000    3    2.000   1.0000     pseudoRep
364.0000    2    2.000   1.0000       realNov
366.0000    2    2.000   1.0000       realNov
368.0000    2    2.000   1.0000       realNov
370.0000    0    2.000   1.0000          NULL 
372.0000    3    2.000   1.0000     pseudoRep
374.0000    1    2.000   1.0000       realRep
376.0000    2    2.000   1.0000       realNov
378.0000    1    2.000   1.0000       realRep
380.0000    2    2.000   1.0000       realNov
382.0000    2    2.000   1.0000       realNov
384.0000    2    2.000   1.0000       realNov
386.0000    3    2.000   1.0000     pseudoRep
388.0000    2    2.000   1.0000       realNov
390.0000    2    2.000   1.0000       realNov
392.0000    0    2.000   1.0000          NULL 
394.0000    1    2.000   1.0000       realRep
396.0000    1    2.000   1.0000       realRep
398.0000    1    2.000   1.0000       realRep
