  0.0000    1    2.000   1.0000       realRep
  2.0000    4    2.000   1.0000     pseudoNov
  4.0000    3    2.000   1.0000     pseudoRep
  6.0000    4    2.000   1.0000     pseudoNov
  8.0000    3    2.000   1.0000     pseudoRep
 10.0000    1    2.000   1.0000       realRep
 12.0000    4    2.000   1.0000     pseudoNov
 14.0000    4    2.000   1.0000     pseudoNov
 16.0000    0    2.000   1.0000          NULL 
 18.0000    2    2.000   1.0000       realNov
 20.0000    4    2.000   1.0000     pseudoNov
 22.0000    0    2.000   1.0000          NULL 
 24.0000    1    2.000   1.0000       realRep
 26.0000    2    2.000   1.0000       realNov
 28.0000    4    2.000   1.0000     pseudoNov
 30.0000    2    2.000   1.0000       realNov
 32.0000    0    2.000   1.0000          NULL 
 34.0000    3    2.000   1.0000     pseudoRep
 36.0000    0    2.000   1.0000          NULL 
 38.0000    2    2.000   1.0000       realNov
 40.0000    3    2.000   1.0000     pseudoRep
 42.0000    1    2.000   1.0000       realRep
 44.0000    3    2.000   1.0000     pseudoRep
 46.0000    0    2.000   1.0000          NULL 
 48.0000    2    2.000   1.0000       realNov
 50.0000    0    2.000   1.0000          NULL 
 52.0000    4    2.000   1.0000     pseudoNov
 54.0000    2    2.000   1.0000       realNov
 56.0000    2    2.000   1.0000       realNov
 58.0000    1    2.000   1.0000       realRep
 60.0000    2    2.000   1.0000       realNov
 62.0000    1    2.000   1.0000       realRep
 64.0000    0    4.000   1.0000          NULL 
 68.0000    1    2.000   1.0000       realRep
 70.0000    1    2.000   1.0000       realRep
 72.0000    3    2.000   1.0000     pseudoRep
 74.0000    3    2.000   1.0000     pseudoRep
 76.0000    2    2.000   1.0000       realNov
 78.0000    2    2.000   1.0000       realNov
 80.0000    2    2.000   1.0000       realNov
 82.0000    0    4.000   1.0000          NULL 
 86.0000    3    2.000   1.0000     pseudoRep
 88.0000    1    2.000   1.0000       realRep
 90.0000    4    2.000   1.0000     pseudoNov
 92.0000    2    2.000   1.0000       realNov
 94.0000    2    2.000   1.0000       realNov
 96.0000    0    2.000   1.0000          NULL 
 98.0000    2    2.000   1.0000       realNov
100.0000    1    2.000   1.0000       realRep
102.0000    3    2.000   1.0000     pseudoRep
104.0000    2    2.000   1.0000       realNov
106.0000    1    2.000   1.0000       realRep
108.0000    0    2.000   1.0000          NULL 
110.0000    2    2.000   1.0000       realNov
112.0000    0    2.000   1.0000          NULL 
114.0000    3    2.000   1.0000     pseudoRep
116.0000    2    2.000   1.0000       realNov
118.0000    0    2.000   1.0000          NULL 
120.0000    3    2.000   1.0000     pseudoRep
122.0000    3    2.000   1.0000     pseudoRep
124.0000    0    2.000   1.0000          NULL 
126.0000    1    2.000   1.0000       realRep
128.0000    2    2.000   1.0000       realNov
130.0000    3    2.000   1.0000     pseudoRep
132.0000    0    2.000   1.0000          NULL 
134.0000    4    2.000   1.0000     pseudoNov
136.0000    3    2.000   1.0000     pseudoRep
138.0000    1    2.000   1.0000       realRep
140.0000    1    2.000   1.0000       realRep
142.0000    2    2.000   1.0000       realNov
144.0000    4    2.000   1.0000     pseudoNov
146.0000    4    2.000   1.0000     pseudoNov
148.0000    2    2.000   1.0000       realNov
150.0000    3    2.000   1.0000     pseudoRep
152.0000    3    2.000   1.0000     pseudoRep
154.0000    0    4.000   1.0000          NULL 
158.0000    1    2.000   1.0000       realRep
160.0000    1    2.000   1.0000       realRep
162.0000    4    2.000   1.0000     pseudoNov
164.0000    1    2.000   1.0000       realRep
166.0000    3    2.000   1.0000     pseudoRep
168.0000    0    2.000   1.0000          NULL 
170.0000    4    2.000   1.0000     pseudoNov
172.0000    0    4.000   1.0000          NULL 
176.0000    1    2.000   1.0000       realRep
178.0000    3    2.000   1.0000     pseudoRep
180.0000    2    2.000   1.0000       realNov
182.0000    0    2.000   1.0000          NULL 
184.0000    2    2.000   1.0000       realNov
186.0000    4    2.000   1.0000     pseudoNov
188.0000    4    2.000   1.0000     pseudoNov
190.0000    1    2.000   1.0000       realRep
192.0000    0    2.000   1.0000          NULL 
194.0000    2    2.000   1.0000       realNov
196.0000    3    2.000   1.0000     pseudoRep
198.0000    4    2.000   1.0000     pseudoNov
200.0000    4    2.000   1.0000     pseudoNov
202.0000    4    2.000   1.0000     pseudoNov
204.0000    0    2.000   1.0000          NULL 
206.0000    1    2.000   1.0000       realRep
208.0000    4    2.000   1.0000     pseudoNov
210.0000    4    2.000   1.0000     pseudoNov
212.0000    2    2.000   1.0000       realNov
214.0000    4    2.000   1.0000     pseudoNov
216.0000    3    2.000   1.0000     pseudoRep
218.0000    1    2.000   1.0000       realRep
220.0000    2    2.000   1.0000       realNov
222.0000    3    2.000   1.0000     pseudoRep
224.0000    3    2.000   1.0000     pseudoRep
226.0000    1    2.000   1.0000       realRep
228.0000    4    2.000   1.0000     pseudoNov
230.0000    2    2.000   1.0000       realNov
232.0000    3    2.000   1.0000     pseudoRep
234.0000    4    2.000   1.0000     pseudoNov
236.0000    0    2.000   1.0000          NULL 
238.0000    3    2.000   1.0000     pseudoRep
240.0000    3    2.000   1.0000     pseudoRep
242.0000    3    2.000   1.0000     pseudoRep
244.0000    3    2.000   1.0000     pseudoRep
246.0000    3    2.000   1.0000     pseudoRep
248.0000    1    2.000   1.0000       realRep
250.0000    4    2.000   1.0000     pseudoNov
252.0000    3    2.000   1.0000     pseudoRep
254.0000    4    2.000   1.0000     pseudoNov
256.0000    0    2.000   1.0000          NULL 
258.0000    1    2.000   1.0000       realRep
260.0000    4    2.000   1.0000     pseudoNov
262.0000    1    2.000   1.0000       realRep
264.0000    1    2.000   1.0000       realRep
266.0000    3    2.000   1.0000     pseudoRep
268.0000    0    2.000   1.0000          NULL 
270.0000    1    2.000   1.0000       realRep
272.0000    2    2.000   1.0000       realNov
274.0000    2    2.000   1.0000       realNov
276.0000    0    6.000   1.0000          NULL 
282.0000    4    2.000   1.0000     pseudoNov
284.0000    2    2.000   1.0000       realNov
286.0000    2    2.000   1.0000       realNov
288.0000    4    2.000   1.0000     pseudoNov
290.0000    3    2.000   1.0000     pseudoRep
292.0000    2    2.000   1.0000       realNov
294.0000    4    2.000   1.0000     pseudoNov
296.0000    0    2.000   1.0000          NULL 
298.0000    2    2.000   1.0000       realNov
300.0000    4    2.000   1.0000     pseudoNov
302.0000    1    2.000   1.0000       realRep
304.0000    3    2.000   1.0000     pseudoRep
306.0000    4    2.000   1.0000     pseudoNov
308.0000    4    2.000   1.0000     pseudoNov
310.0000    0    2.000   1.0000          NULL 
312.0000    3    2.000   1.0000     pseudoRep
314.0000    2    2.000   1.0000       realNov
316.0000    2    2.000   1.0000       realNov
318.0000    3    2.000   1.0000     pseudoRep
320.0000    4    2.000   1.0000     pseudoNov
322.0000    0    2.000   1.0000          NULL 
324.0000    1    2.000   1.0000       realRep
326.0000    1    2.000   1.0000       realRep
328.0000    3    2.000   1.0000     pseudoRep
330.0000    4    2.000   1.0000     pseudoNov
332.0000    4    2.000   1.0000     pseudoNov
334.0000    2    2.000   1.0000       realNov
336.0000    4    2.000   1.0000     pseudoNov
338.0000    3    2.000   1.0000     pseudoRep
340.0000    3    2.000   1.0000     pseudoRep
342.0000    2    2.000   1.0000       realNov
344.0000    1    2.000   1.0000       realRep
346.0000    1    2.000   1.0000       realRep
348.0000    4    2.000   1.0000     pseudoNov
350.0000    0    2.000   1.0000          NULL 
352.0000    2    2.000   1.0000       realNov
354.0000    0    2.000   1.0000          NULL 
356.0000    3    2.000   1.0000     pseudoRep
358.0000    2    2.000   1.0000       realNov
360.0000    0    4.000   1.0000          NULL 
364.0000    4    2.000   1.0000     pseudoNov
366.0000    1    2.000   1.0000       realRep
368.0000    2    2.000   1.0000       realNov
370.0000    1    2.000   1.0000       realRep
372.0000    0    4.000   1.0000          NULL 
376.0000    2    2.000   1.0000       realNov
378.0000    1    2.000   1.0000       realRep
380.0000    0    2.000   1.0000          NULL 
382.0000    3    2.000   1.0000     pseudoRep
384.0000    4    2.000   1.0000     pseudoNov
386.0000    1    2.000   1.0000       realRep
388.0000    1    2.000   1.0000       realRep
390.0000    4    2.000   1.0000     pseudoNov
392.0000    1    2.000   1.0000       realRep
394.0000    1    2.000   1.0000       realRep
396.0000    3    2.000   1.0000     pseudoRep
398.0000    1    2.000   1.0000       realRep
