  0.0000    1    2.000   1.0000       realRep
  2.0000    2    2.000   1.0000       realNov
  4.0000    0    4.000   1.0000          NULL 
  8.0000    3    2.000   1.0000     pseudoRep
 10.0000    2    2.000   1.0000       realNov
 12.0000    1    2.000   1.0000       realRep
 14.0000    1    2.000   1.0000       realRep
 16.0000    2    2.000   1.0000       realNov
 18.0000    1    2.000   1.0000       realRep
 20.0000    2    2.000   1.0000       realNov
 22.0000    3    2.000   1.0000     pseudoRep
 24.0000    3    2.000   1.0000     pseudoRep
 26.0000    1    2.000   1.0000       realRep
 28.0000    3    2.000   1.0000     pseudoRep
 30.0000    3    2.000   1.0000     pseudoRep
 32.0000    0    2.000   1.0000          NULL 
 34.0000    1    2.000   1.0000       realRep
 36.0000    2    2.000   1.0000       realNov
 38.0000    0    2.000   1.0000          NULL 
 40.0000    2    2.000   1.0000       realNov
 42.0000    4    2.000   1.0000     pseudoNov
 44.0000    4    2.000   1.0000     pseudoNov
 46.0000    1    2.000   1.0000       realRep
 48.0000    2    2.000   1.0000       realNov
 50.0000    4    2.000   1.0000     pseudoNov
 52.0000    3    2.000   1.0000     pseudoRep
 54.0000    0    2.000   1.0000          NULL 
 56.0000    2    2.000   1.0000       realNov
 58.0000    2    2.000   1.0000       realNov
 60.0000    2    2.000   1.0000       realNov
 62.0000    4    2.000   1.0000     pseudoNov
 64.0000    4    2.000   1.0000     pseudoNov
 66.0000    1    2.000   1.0000       realRep
 68.0000    2    2.000   1.0000       realNov
 70.0000    0    2.000   1.0000          NULL 
 72.0000    1    2.000   1.0000       realRep
 74.0000    0    4.000   1.0000          NULL 
 78.0000    1    2.000   1.0000       realRep
 80.0000    2    2.000   1.0000       realNov
 82.0000    4    2.000   1.0000     pseudoNov
 84.0000    2    2.000   1.0000       realNov
 86.0000    0    2.000   1.0000          NULL 
 88.0000    4    2.000   1.0000     pseudoNov
 90.0000    4    2.000   1.0000     pseudoNov
 92.0000    3    2.000   1.0000     pseudoRep
 94.0000    0    2.000   1.0000          NULL 
 96.0000    3    2.000   1.0000     pseudoRep
 98.0000    0    2.000   1.0000          NULL 
100.0000    4    2.000   1.0000     pseudoNov
102.0000    3    2.000   1.0000     pseudoRep
104.0000    4    2.000   1.0000     pseudoNov
106.0000    4    2.000   1.0000     pseudoNov
108.0000    2    2.000   1.0000       realNov
110.0000    0    2.000   1.0000          NULL 
112.0000    3    2.000   1.0000     pseudoRep
114.0000    2    2.000   1.0000       realNov
116.0000    3    2.000   1.0000     pseudoRep
118.0000    4    2.000   1.0000     pseudoNov
120.0000    1    2.000   1.0000       realRep
122.0000    2    2.000   1.0000       realNov
124.0000    3    2.000   1.0000     pseudoRep
126.0000    4    2.000   1.0000     pseudoNov
128.0000    0    6.000   1.0000          NULL 
134.0000    4    2.000   1.0000     pseudoNov
136.0000    1    2.000   1.0000       realRep
138.0000    4    2.000   1.0000     pseudoNov
140.0000    2    2.000   1.0000       realNov
142.0000    1    2.000   1.0000       realRep
144.0000    3    2.000   1.0000     pseudoRep
146.0000    3    2.000   1.0000     pseudoRep
148.0000    3    2.000   1.0000     pseudoRep
150.0000    4    2.000   1.0000     pseudoNov
152.0000    1    2.000   1.0000       realRep
154.0000    2    2.000   1.0000       realNov
156.0000    0    2.000   1.0000          NULL 
158.0000    3    2.000   1.0000     pseudoRep
160.0000    2    2.000   1.0000       realNov
162.0000    2    2.000   1.0000       realNov
164.0000    4    2.000   1.0000     pseudoNov
166.0000    3    2.000   1.0000     pseudoRep
168.0000    0    4.000   1.0000          NULL 
172.0000    2    2.000   1.0000       realNov
174.0000    3    2.000   1.0000     pseudoRep
176.0000    1    2.000   1.0000       realRep
178.0000    3    2.000   1.0000     pseudoRep
180.0000    4    2.000   1.0000     pseudoNov
182.0000    3    2.000   1.0000     pseudoRep
184.0000    3    2.000   1.0000     pseudoRep
186.0000    4    2.000   1.0000     pseudoNov
188.0000    0    2.000   1.0000          NULL 
190.0000    4    2.000   1.0000     pseudoNov
192.0000    1    2.000   1.0000       realRep
194.0000    0    2.000   1.0000          NULL 
196.0000    2    2.000   1.0000       realNov
198.0000    4    2.000   1.0000     pseudoNov
200.0000    2    2.000   1.0000       realNov
202.0000    4    2.000   1.0000     pseudoNov
204.0000    3    2.000   1.0000     pseudoRep
206.0000    0    2.000   1.0000          NULL 
208.0000    4    2.000   1.0000     pseudoNov
210.0000    4    2.000   1.0000     pseudoNov
212.0000    4    2.000   1.0000     pseudoNov
214.0000    2    2.000   1.0000       realNov
216.0000    4    2.000   1.0000     pseudoNov
218.0000    4    2.000   1.0000     pseudoNov
220.0000    0    2.000   1.0000          NULL 
222.0000    2    2.000   1.0000       realNov
224.0000    1    2.000   1.0000       realRep
226.0000    3    2.000   1.0000     pseudoRep
228.0000    1    2.000   1.0000       realRep
230.0000    0    2.000   1.0000          NULL 
232.0000    3    2.000   1.0000     pseudoRep
234.0000    1    2.000   1.0000       realRep
236.0000    1    2.000   1.0000       realRep
238.0000    0    2.000   1.0000          NULL 
240.0000    3    2.000   1.0000     pseudoRep
242.0000    2    2.000   1.0000       realNov
244.0000    1    2.000   1.0000       realRep
246.0000    0    2.000   1.0000          NULL 
248.0000    3    2.000   1.0000     pseudoRep
250.0000    0    2.000   1.0000          NULL 
252.0000    3    2.000   1.0000     pseudoRep
254.0000    1    2.000   1.0000       realRep
256.0000    0    2.000   1.0000          NULL 
258.0000    4    2.000   1.0000     pseudoNov
260.0000    0    2.000   1.0000          NULL 
262.0000    2    2.000   1.0000       realNov
264.0000    3    2.000   1.0000     pseudoRep
266.0000    2    2.000   1.0000       realNov
268.0000    3    2.000   1.0000     pseudoRep
270.0000    4    2.000   1.0000     pseudoNov
272.0000    1    2.000   1.0000       realRep
274.0000    0    2.000   1.0000          NULL 
276.0000    4    2.000   1.0000     pseudoNov
278.0000    4    2.000   1.0000     pseudoNov
280.0000    0    2.000   1.0000          NULL 
282.0000    4    2.000   1.0000     pseudoNov
284.0000    1    2.000   1.0000       realRep
286.0000    1    2.000   1.0000       realRep
288.0000    0    2.000   1.0000          NULL 
290.0000    2    2.000   1.0000       realNov
292.0000    3    2.000   1.0000     pseudoRep
294.0000    3    2.000   1.0000     pseudoRep
296.0000    2    2.000   1.0000       realNov
298.0000    1    2.000   1.0000       realRep
300.0000    1    2.000   1.0000       realRep
302.0000    0    2.000   1.0000          NULL 
304.0000    1    2.000   1.0000       realRep
306.0000    0    2.000   1.0000          NULL 
308.0000    1    2.000   1.0000       realRep
310.0000    2    2.000   1.0000       realNov
312.0000    4    2.000   1.0000     pseudoNov
314.0000    4    2.000   1.0000     pseudoNov
316.0000    2    2.000   1.0000       realNov
318.0000    2    2.000   1.0000       realNov
320.0000    0    2.000   1.0000          NULL 
322.0000    1    2.000   1.0000       realRep
324.0000    4    2.000   1.0000     pseudoNov
326.0000    1    2.000   1.0000       realRep
328.0000    2    2.000   1.0000       realNov
330.0000    1    2.000   1.0000       realRep
332.0000    2    2.000   1.0000       realNov
334.0000    3    2.000   1.0000     pseudoRep
336.0000    1    2.000   1.0000       realRep
338.0000    1    2.000   1.0000       realRep
340.0000    4    2.000   1.0000     pseudoNov
342.0000    3    2.000   1.0000     pseudoRep
344.0000    0    4.000   1.0000          NULL 
348.0000    1    2.000   1.0000       realRep
350.0000    4    2.000   1.0000     pseudoNov
352.0000    3    2.000   1.0000     pseudoRep
354.0000    1    2.000   1.0000       realRep
356.0000    1    2.000   1.0000       realRep
358.0000    3    2.000   1.0000     pseudoRep
360.0000    1    2.000   1.0000       realRep
362.0000    1    2.000   1.0000       realRep
364.0000    2    2.000   1.0000       realNov
366.0000    2    2.000   1.0000       realNov
368.0000    0    2.000   1.0000          NULL 
370.0000    4    2.000   1.0000     pseudoNov
372.0000    4    2.000   1.0000     pseudoNov
374.0000    0    2.000   1.0000          NULL 
376.0000    2    2.000   1.0000       realNov
378.0000    3    2.000   1.0000     pseudoRep
380.0000    2    2.000   1.0000       realNov
382.0000    3    2.000   1.0000     pseudoRep
384.0000    0    2.000   1.0000          NULL 
386.0000    4    2.000   1.0000     pseudoNov
388.0000    3    2.000   1.0000     pseudoRep
390.0000    0    2.000   1.0000          NULL 
392.0000    3    2.000   1.0000     pseudoRep
394.0000    1    2.000   1.0000       realRep
396.0000    2    2.000   1.0000       realNov
398.0000    3    2.000   1.0000     pseudoRep
