  0.0000    4    2.000   1.0000     pseudoNov
  2.0000    3    2.000   1.0000     pseudoRep
  4.0000    3    2.000   1.0000     pseudoRep
  6.0000    3    2.000   1.0000     pseudoRep
  8.0000    1    2.000   1.0000       realRep
 10.0000    0    2.000   1.0000          NULL 
 12.0000    1    2.000   1.0000       realRep
 14.0000    3    2.000   1.0000     pseudoRep
 16.0000    2    2.000   1.0000       realNov
 18.0000    3    2.000   1.0000     pseudoRep
 20.0000    3    2.000   1.0000     pseudoRep
 22.0000    1    2.000   1.0000       realRep
 24.0000    3    2.000   1.0000     pseudoRep
 26.0000    4    2.000   1.0000     pseudoNov
 28.0000    2    2.000   1.0000       realNov
 30.0000    0    2.000   1.0000          NULL 
 32.0000    4    2.000   1.0000     pseudoNov
 34.0000    2    2.000   1.0000       realNov
 36.0000    2    2.000   1.0000       realNov
 38.0000    2    2.000   1.0000       realNov
 40.0000    4    2.000   1.0000     pseudoNov
 42.0000    1    2.000   1.0000       realRep
 44.0000    0    2.000   1.0000          NULL 
 46.0000    2    2.000   1.0000       realNov
 48.0000    4    2.000   1.0000     pseudoNov
 50.0000    0    2.000   1.0000          NULL 
 52.0000    1    2.000   1.0000       realRep
 54.0000    3    2.000   1.0000     pseudoRep
 56.0000    1    2.000   1.0000       realRep
 58.0000    1    2.000   1.0000       realRep
 60.0000    3    2.000   1.0000     pseudoRep
 62.0000    0    2.000   1.0000          NULL 
 64.0000    4    2.000   1.0000     pseudoNov
 66.0000    0    2.000   1.0000          NULL 
 68.0000    3    2.000   1.0000     pseudoRep
 70.0000    1    2.000   1.0000       realRep
 72.0000    1    2.000   1.0000       realRep
 74.0000    4    2.000   1.0000     pseudoNov
 76.0000    0    2.000   1.0000          NULL 
 78.0000    1    2.000   1.0000       realRep
 80.0000    4    2.000   1.0000     pseudoNov
 82.0000    1    2.000   1.0000       realRep
 84.0000    3    2.000   1.0000     pseudoRep
 86.0000    2    2.000   1.0000       realNov
 88.0000    2    2.000   1.0000       realNov
 90.0000    1    2.000   1.0000       realRep
 92.0000    2    2.000   1.0000       realNov
 94.0000    1    2.000   1.0000       realRep
 96.0000    4    2.000   1.0000     pseudoNov
 98.0000    1    2.000   1.0000       realRep
100.0000    2    2.000   1.0000       realNov
102.0000    2    2.000   1.0000       realNov
104.0000    4    2.000   1.0000     pseudoNov
106.0000    0    2.000   1.0000          NULL 
108.0000    2    2.000   1.0000       realNov
110.0000    0    2.000   1.0000          NULL 
112.0000    1    2.000   1.0000       realRep
114.0000    1    2.000   1.0000       realRep
116.0000    4    2.000   1.0000     pseudoNov
118.0000    3    2.000   1.0000     pseudoRep
120.0000    0    2.000   1.0000          NULL 
122.0000    2    2.000   1.0000       realNov
124.0000    3    2.000   1.0000     pseudoRep
126.0000    4    2.000   1.0000     pseudoNov
128.0000    0    2.000   1.0000          NULL 
130.0000    1    2.000   1.0000       realRep
132.0000    2    2.000   1.0000       realNov
134.0000    4    2.000   1.0000     pseudoNov
136.0000    4    2.000   1.0000     pseudoNov
138.0000    1    2.000   1.0000       realRep
140.0000    4    2.000   1.0000     pseudoNov
142.0000    2    2.000   1.0000       realNov
144.0000    0    2.000   1.0000          NULL 
146.0000    1    2.000   1.0000       realRep
148.0000    1    2.000   1.0000       realRep
150.0000    0    2.000   1.0000          NULL 
152.0000    3    2.000   1.0000     pseudoRep
154.0000    2    2.000   1.0000       realNov
156.0000    0    2.000   1.0000          NULL 
158.0000    4    2.000   1.0000     pseudoNov
160.0000    4    2.000   1.0000     pseudoNov
162.0000    4    2.000   1.0000     pseudoNov
164.0000    4    2.000   1.0000     pseudoNov
166.0000    3    2.000   1.0000     pseudoRep
168.0000    4    2.000   1.0000     pseudoNov
170.0000    0    2.000   1.0000          NULL 
172.0000    3    2.000   1.0000     pseudoRep
174.0000    2    2.000   1.0000       realNov
176.0000    3    2.000   1.0000     pseudoRep
178.0000    2    2.000   1.0000       realNov
180.0000    3    2.000   1.0000     pseudoRep
182.0000    0    2.000   1.0000          NULL 
184.0000    4    2.000   1.0000     pseudoNov
186.0000    3    2.000   1.0000     pseudoRep
188.0000    1    2.000   1.0000       realRep
190.0000    3    2.000   1.0000     pseudoRep
192.0000    0    4.000   1.0000          NULL 
196.0000    1    2.000   1.0000       realRep
198.0000    1    2.000   1.0000       realRep
200.0000    4    2.000   1.0000     pseudoNov
202.0000    3    2.000   1.0000     pseudoRep
204.0000    3    2.000   1.0000     pseudoRep
206.0000    3    2.000   1.0000     pseudoRep
208.0000    4    2.000   1.0000     pseudoNov
210.0000    4    2.000   1.0000     pseudoNov
212.0000    4    2.000   1.0000     pseudoNov
214.0000    1    2.000   1.0000       realRep
216.0000    2    2.000   1.0000       realNov
218.0000    4    2.000   1.0000     pseudoNov
220.0000    2    2.000   1.0000       realNov
222.0000    3    2.000   1.0000     pseudoRep
224.0000    1    2.000   1.0000       realRep
226.0000    2    2.000   1.0000       realNov
228.0000    2    2.000   1.0000       realNov
230.0000    1    2.000   1.0000       realRep
232.0000    4    2.000   1.0000     pseudoNov
234.0000    0    6.000   1.0000          NULL 
240.0000    3    2.000   1.0000     pseudoRep
242.0000    1    2.000   1.0000       realRep
244.0000    4    2.000   1.0000     pseudoNov
246.0000    1    2.000   1.0000       realRep
248.0000    1    2.000   1.0000       realRep
250.0000    1    2.000   1.0000       realRep
252.0000    0    2.000   1.0000          NULL 
254.0000    2    2.000   1.0000       realNov
256.0000    1    2.000   1.0000       realRep
258.0000    3    2.000   1.0000     pseudoRep
260.0000    0    6.000   1.0000          NULL 
266.0000    4    2.000   1.0000     pseudoNov
268.0000    4    2.000   1.0000     pseudoNov
270.0000    2    2.000   1.0000       realNov
272.0000    2    2.000   1.0000       realNov
274.0000    3    2.000   1.0000     pseudoRep
276.0000    0    2.000   1.0000          NULL 
278.0000    2    2.000   1.0000       realNov
280.0000    3    2.000   1.0000     pseudoRep
282.0000    3    2.000   1.0000     pseudoRep
284.0000    4    2.000   1.0000     pseudoNov
286.0000    2    2.000   1.0000       realNov
288.0000    0    6.000   1.0000          NULL 
294.0000    4    2.000   1.0000     pseudoNov
296.0000    3    2.000   1.0000     pseudoRep
298.0000    0    2.000   1.0000          NULL 
300.0000    3    2.000   1.0000     pseudoRep
302.0000    0    2.000   1.0000          NULL 
304.0000    4    2.000   1.0000     pseudoNov
306.0000    1    2.000   1.0000       realRep
308.0000    2    2.000   1.0000       realNov
310.0000    2    2.000   1.0000       realNov
312.0000    1    2.000   1.0000       realRep
314.0000    3    2.000   1.0000     pseudoRep
316.0000    1    2.000   1.0000       realRep
318.0000    0    2.000   1.0000          NULL 
320.0000    2    2.000   1.0000       realNov
322.0000    0    2.000   1.0000          NULL 
324.0000    4    2.000   1.0000     pseudoNov
326.0000    0    2.000   1.0000          NULL 
328.0000    2    2.000   1.0000       realNov
330.0000    0    2.000   1.0000          NULL 
332.0000    2    2.000   1.0000       realNov
334.0000    3    2.000   1.0000     pseudoRep
336.0000    1    2.000   1.0000       realRep
338.0000    4    2.000   1.0000     pseudoNov
340.0000    3    2.000   1.0000     pseudoRep
342.0000    2    2.000   1.0000       realNov
344.0000    0    2.000   1.0000          NULL 
346.0000    4    2.000   1.0000     pseudoNov
348.0000    4    2.000   1.0000     pseudoNov
350.0000    3    2.000   1.0000     pseudoRep
352.0000    4    2.000   1.0000     pseudoNov
354.0000    0    2.000   1.0000          NULL 
356.0000    2    2.000   1.0000       realNov
358.0000    2    2.000   1.0000       realNov
360.0000    1    2.000   1.0000       realRep
362.0000    0    4.000   1.0000          NULL 
366.0000    2    2.000   1.0000       realNov
368.0000    1    2.000   1.0000       realRep
370.0000    0    2.000   1.0000          NULL 
372.0000    2    2.000   1.0000       realNov
374.0000    4    2.000   1.0000     pseudoNov
376.0000    1    2.000   1.0000       realRep
378.0000    2    2.000   1.0000       realNov
380.0000    3    2.000   1.0000     pseudoRep
382.0000    3    2.000   1.0000     pseudoRep
384.0000    1    2.000   1.0000       realRep
386.0000    2    2.000   1.0000       realNov
388.0000    1    2.000   1.0000       realRep
390.0000    3    2.000   1.0000     pseudoRep
392.0000    4    2.000   1.0000     pseudoNov
394.0000    3    2.000   1.0000     pseudoRep
396.0000    3    2.000   1.0000     pseudoRep
398.0000    2    2.000   1.0000       realNov
