  0.0000    4    2.000   1.0000     pseudoNov
  2.0000    3    2.000   1.0000     pseudoRep
  4.0000    1    2.000   1.0000       realRep
  6.0000    3    2.000   1.0000     pseudoRep
  8.0000    3    2.000   1.0000     pseudoRep
 10.0000    3    2.000   1.0000     pseudoRep
 12.0000    3    2.000   1.0000     pseudoRep
 14.0000    4    2.000   1.0000     pseudoNov
 16.0000    2    2.000   1.0000       realNov
 18.0000    1    2.000   1.0000       realRep
 20.0000    4    2.000   1.0000     pseudoNov
 22.0000    1    2.000   1.0000       realRep
 24.0000    4    2.000   1.0000     pseudoNov
 26.0000    4    2.000   1.0000     pseudoNov
 28.0000    0    2.000   1.0000          NULL 
 30.0000    2    2.000   1.0000       realNov
 32.0000    3    2.000   1.0000     pseudoRep
 34.0000    1    2.000   1.0000       realRep
 36.0000    1    2.000   1.0000       realRep
 38.0000    4    2.000   1.0000     pseudoNov
 40.0000    4    2.000   1.0000     pseudoNov
 42.0000    1    2.000   1.0000       realRep
 44.0000    0    2.000   1.0000          NULL 
 46.0000    2    2.000   1.0000       realNov
 48.0000    4    2.000   1.0000     pseudoNov
 50.0000    4    2.000   1.0000     pseudoNov
 52.0000    2    2.000   1.0000       realNov
 54.0000    4    2.000   1.0000     pseudoNov
 56.0000    3    2.000   1.0000     pseudoRep
 58.0000    3    2.000   1.0000     pseudoRep
 60.0000    2    2.000   1.0000       realNov
 62.0000    3    2.000   1.0000     pseudoRep
 64.0000    1    2.000   1.0000       realRep
 66.0000    1    2.000   1.0000       realRep
 68.0000    0    2.000   1.0000          NULL 
 70.0000    2    2.000   1.0000       realNov
 72.0000    1    2.000   1.0000       realRep
 74.0000    2    2.000   1.0000       realNov
 76.0000    1    2.000   1.0000       realRep
 78.0000    2    2.000   1.0000       realNov
 80.0000    1    2.000   1.0000       realRep
 82.0000    0    2.000   1.0000          NULL 
 84.0000    3    2.000   1.0000     pseudoRep
 86.0000    2    2.000   1.0000       realNov
 88.0000    1    2.000   1.0000       realRep
 90.0000    3    2.000   1.0000     pseudoRep
 92.0000    3    2.000   1.0000     pseudoRep
 94.0000    2    2.000   1.0000       realNov
 96.0000    0    4.000   1.0000          NULL 
100.0000    3    2.000   1.0000     pseudoRep
102.0000    2    2.000   1.0000       realNov
104.0000    3    2.000   1.0000     pseudoRep
106.0000    2    2.000   1.0000       realNov
108.0000    1    2.000   1.0000       realRep
110.0000    4    2.000   1.0000     pseudoNov
112.0000    0    2.000   1.0000          NULL 
114.0000    3    2.000   1.0000     pseudoRep
116.0000    3    2.000   1.0000     pseudoRep
118.0000    1    2.000   1.0000       realRep
120.0000    2    2.000   1.0000       realNov
122.0000    3    2.000   1.0000     pseudoRep
124.0000    4    2.000   1.0000     pseudoNov
126.0000    0    2.000   1.0000          NULL 
128.0000    1    2.000   1.0000       realRep
130.0000    4    2.000   1.0000     pseudoNov
132.0000    1    2.000   1.0000       realRep
134.0000    3    2.000   1.0000     pseudoRep
136.0000    2    2.000   1.0000       realNov
138.0000    0    2.000   1.0000          NULL 
140.0000    3    2.000   1.0000     pseudoRep
142.0000    2    2.000   1.0000       realNov
144.0000    4    2.000   1.0000     pseudoNov
146.0000    0    4.000   1.0000          NULL 
150.0000    4    2.000   1.0000     pseudoNov
152.0000    0    2.000   1.0000          NULL 
154.0000    3    2.000   1.0000     pseudoRep
156.0000    4    2.000   1.0000     pseudoNov
158.0000    2    2.000   1.0000       realNov
160.0000    2    2.000   1.0000       realNov
162.0000    4    2.000   1.0000     pseudoNov
164.0000    3    2.000   1.0000     pseudoRep
166.0000    0    2.000   1.0000          NULL 
168.0000    1    2.000   1.0000       realRep
170.0000    2    2.000   1.0000       realNov
172.0000    1    2.000   1.0000       realRep
174.0000    4    2.000   1.0000     pseudoNov
176.0000    4    2.000   1.0000     pseudoNov
178.0000    2    2.000   1.0000       realNov
180.0000    2    2.000   1.0000       realNov
182.0000    4    2.000   1.0000     pseudoNov
184.0000    0    2.000   1.0000          NULL 
186.0000    4    2.000   1.0000     pseudoNov
188.0000    0    2.000   1.0000          NULL 
190.0000    3    2.000   1.0000     pseudoRep
192.0000    3    2.000   1.0000     pseudoRep
194.0000    3    2.000   1.0000     pseudoRep
196.0000    1    2.000   1.0000       realRep
198.0000    2    2.000   1.0000       realNov
200.0000    0    2.000   1.0000          NULL 
202.0000    1    2.000   1.0000       realRep
204.0000    3    2.000   1.0000     pseudoRep
206.0000    0    6.000   1.0000          NULL 
212.0000    1    2.000   1.0000       realRep
214.0000    4    2.000   1.0000     pseudoNov
216.0000    1    2.000   1.0000       realRep
218.0000    0    2.000   1.0000          NULL 
220.0000    3    2.000   1.0000     pseudoRep
222.0000    3    2.000   1.0000     pseudoRep
224.0000    1    2.000   1.0000       realRep
226.0000    3    2.000   1.0000     pseudoRep
228.0000    2    2.000   1.0000       realNov
230.0000    0    2.000   1.0000          NULL 
232.0000    4    2.000   1.0000     pseudoNov
234.0000    0    4.000   1.0000          NULL 
238.0000    4    2.000   1.0000     pseudoNov
240.0000    1    2.000   1.0000       realRep
242.0000    2    2.000   1.0000       realNov
244.0000    4    2.000   1.0000     pseudoNov
246.0000    1    2.000   1.0000       realRep
248.0000    4    2.000   1.0000     pseudoNov
250.0000    4    2.000   1.0000     pseudoNov
252.0000    1    2.000   1.0000       realRep
254.0000    4    2.000   1.0000     pseudoNov
256.0000    4    2.000   1.0000     pseudoNov
258.0000    4    2.000   1.0000     pseudoNov
260.0000    0    2.000   1.0000          NULL 
262.0000    3    2.000   1.0000     pseudoRep
264.0000    0    2.000   1.0000          NULL 
266.0000    2    2.000   1.0000       realNov
268.0000    2    2.000   1.0000       realNov
270.0000    2    2.000   1.0000       realNov
272.0000    0    2.000   1.0000          NULL 
274.0000    3    2.000   1.0000     pseudoRep
276.0000    3    2.000   1.0000     pseudoRep
278.0000    4    2.000   1.0000     pseudoNov
280.0000    2    2.000   1.0000       realNov
282.0000    4    2.000   1.0000     pseudoNov
284.0000    3    2.000   1.0000     pseudoRep
286.0000    4    2.000   1.0000     pseudoNov
288.0000    2    2.000   1.0000       realNov
290.0000    4    2.000   1.0000     pseudoNov
292.0000    0    2.000   1.0000          NULL 
294.0000    1    2.000   1.0000       realRep
296.0000    1    2.000   1.0000       realRep
298.0000    1    2.000   1.0000       realRep
300.0000    4    2.000   1.0000     pseudoNov
302.0000    3    2.000   1.0000     pseudoRep
304.0000    0    2.000   1.0000          NULL 
306.0000    1    2.000   1.0000       realRep
308.0000    3    2.000   1.0000     pseudoRep
310.0000    1    2.000   1.0000       realRep
312.0000    0    2.000   1.0000          NULL 
314.0000    3    2.000   1.0000     pseudoRep
316.0000    0    6.000   1.0000          NULL 
322.0000    2    2.000   1.0000       realNov
324.0000    2    2.000   1.0000       realNov
326.0000    2    2.000   1.0000       realNov
328.0000    1    2.000   1.0000       realRep
330.0000    1    2.000   1.0000       realRep
332.0000    2    2.000   1.0000       realNov
334.0000    0    2.000   1.0000          NULL 
336.0000    4    2.000   1.0000     pseudoNov
338.0000    1    2.000   1.0000       realRep
340.0000    2    2.000   1.0000       realNov
342.0000    1    2.000   1.0000       realRep
344.0000    0    2.000   1.0000          NULL 
346.0000    2    2.000   1.0000       realNov
348.0000    2    2.000   1.0000       realNov
350.0000    0    2.000   1.0000          NULL 
352.0000    2    2.000   1.0000       realNov
354.0000    2    2.000   1.0000       realNov
356.0000    1    2.000   1.0000       realRep
358.0000    2    2.000   1.0000       realNov
360.0000    0    4.000   1.0000          NULL 
364.0000    4    2.000   1.0000     pseudoNov
366.0000    3    2.000   1.0000     pseudoRep
368.0000    4    2.000   1.0000     pseudoNov
370.0000    3    2.000   1.0000     pseudoRep
372.0000    2    2.000   1.0000       realNov
374.0000    0    4.000   1.0000          NULL 
378.0000    4    2.000   1.0000     pseudoNov
380.0000    3    2.000   1.0000     pseudoRep
382.0000    3    2.000   1.0000     pseudoRep
384.0000    4    2.000   1.0000     pseudoNov
386.0000    1    2.000   1.0000       realRep
388.0000    0    2.000   1.0000          NULL 
390.0000    1    2.000   1.0000       realRep
392.0000    1    2.000   1.0000       realRep
394.0000    3    2.000   1.0000     pseudoRep
396.0000    2    2.000   1.0000       realNov
398.0000    1    2.000   1.0000       realRep
