  0.0000    4    2.000   1.0000     pseudoNov
  2.0000    1    2.000   1.0000       realRep
  4.0000    1    2.000   1.0000       realRep
  6.0000    0    2.000   1.0000          NULL 
  8.0000    4    2.000   1.0000     pseudoNov
 10.0000    1    2.000   1.0000       realRep
 12.0000    3    2.000   1.0000     pseudoRep
 14.0000    4    2.000   1.0000     pseudoNov
 16.0000    1    2.000   1.0000       realRep
 18.0000    1    2.000   1.0000       realRep
 20.0000    0    2.000   1.0000          NULL 
 22.0000    4    2.000   1.0000     pseudoNov
 24.0000    1    2.000   1.0000       realRep
 26.0000    0    2.000   1.0000          NULL 
 28.0000    2    2.000   1.0000       realNov
 30.0000    2    2.000   1.0000       realNov
 32.0000    3    2.000   1.0000     pseudoRep
 34.0000    2    2.000   1.0000       realNov
 36.0000    2    2.000   1.0000       realNov
 38.0000    2    2.000   1.0000       realNov
 40.0000    4    2.000   1.0000     pseudoNov
 42.0000    4    2.000   1.0000     pseudoNov
 44.0000    2    2.000   1.0000       realNov
 46.0000    4    2.000   1.0000     pseudoNov
 48.0000    1    2.000   1.0000       realRep
 50.0000    4    2.000   1.0000     pseudoNov
 52.0000    0    4.000   1.0000          NULL 
 56.0000    1    2.000   1.0000       realRep
 58.0000    2    2.000   1.0000       realNov
 60.0000    3    2.000   1.0000     pseudoRep
 62.0000    3    2.000   1.0000     pseudoRep
 64.0000    2    2.000   1.0000       realNov
 66.0000    4    2.000   1.0000     pseudoNov
 68.0000    0    2.000   1.0000          NULL 
 70.0000    1    2.000   1.0000       realRep
 72.0000    4    2.000   1.0000     pseudoNov
 74.0000    2    2.000   1.0000       realNov
 76.0000    2    2.000   1.0000       realNov
 78.0000    4    2.000   1.0000     pseudoNov
 80.0000    4    2.000   1.0000     pseudoNov
 82.0000    1    2.000   1.0000       realRep
 84.0000    2    2.000   1.0000       realNov
 86.0000    3    2.000   1.0000     pseudoRep
 88.0000    1    2.000   1.0000       realRep
 90.0000    0    2.000   1.0000          NULL 
 92.0000    1    2.000   1.0000       realRep
 94.0000    4    2.000   1.0000     pseudoNov
 96.0000    3    2.000   1.0000     pseudoRep
 98.0000    1    2.000   1.0000       realRep
100.0000    3    2.000   1.0000     pseudoRep
102.0000    3    2.000   1.0000     pseudoRep
104.0000    2    2.000   1.0000       realNov
106.0000    2    2.000   1.0000       realNov
108.0000    2    2.000   1.0000       realNov
110.0000    1    2.000   1.0000       realRep
112.0000    4    2.000   1.0000     pseudoNov
114.0000    1    2.000   1.0000       realRep
116.0000    2    2.000   1.0000       realNov
118.0000    1    2.000   1.0000       realRep
120.0000    2    2.000   1.0000       realNov
122.0000    0    2.000   1.0000          NULL 
124.0000    4    2.000   1.0000     pseudoNov
126.0000    0    2.000   1.0000          NULL 
128.0000    2    2.000   1.0000       realNov
130.0000    1    2.000   1.0000       realRep
132.0000    3    2.000   1.0000     pseudoRep
134.0000    1    2.000   1.0000       realRep
136.0000    1    2.000   1.0000       realRep
138.0000    1    2.000   1.0000       realRep
140.0000    4    2.000   1.0000     pseudoNov
142.0000    3    2.000   1.0000     pseudoRep
144.0000    2    2.000   1.0000       realNov
146.0000    1    2.000   1.0000       realRep
148.0000    0    2.000   1.0000          NULL 
150.0000    2    2.000   1.0000       realNov
152.0000    4    2.000   1.0000     pseudoNov
154.0000    3    2.000   1.0000     pseudoRep
156.0000    4    2.000   1.0000     pseudoNov
158.0000    0    2.000   1.0000          NULL 
160.0000    3    2.000   1.0000     pseudoRep
162.0000    3    2.000   1.0000     pseudoRep
164.0000    4    2.000   1.0000     pseudoNov
166.0000    4    2.000   1.0000     pseudoNov
168.0000    1    2.000   1.0000       realRep
170.0000    1    2.000   1.0000       realRep
172.0000    2    2.000   1.0000       realNov
174.0000    3    2.000   1.0000     pseudoRep
176.0000    3    2.000   1.0000     pseudoRep
178.0000    1    2.000   1.0000       realRep
180.0000    3    2.000   1.0000     pseudoRep
182.0000    1    2.000   1.0000       realRep
184.0000    0    2.000   1.0000          NULL 
186.0000    3    2.000   1.0000     pseudoRep
188.0000    1    2.000   1.0000       realRep
190.0000    4    2.000   1.0000     pseudoNov
192.0000    1    2.000   1.0000       realRep
194.0000    1    2.000   1.0000       realRep
196.0000    2    2.000   1.0000       realNov
198.0000    0    4.000   1.0000          NULL 
202.0000    1    2.000   1.0000       realRep
204.0000    3    2.000   1.0000     pseudoRep
206.0000    0    2.000   1.0000          NULL 
208.0000    3    2.000   1.0000     pseudoRep
210.0000    1    2.000   1.0000       realRep
212.0000    4    2.000   1.0000     pseudoNov
214.0000    2    2.000   1.0000       realNov
216.0000    0    2.000   1.0000          NULL 
218.0000    3    2.000   1.0000     pseudoRep
220.0000    3    2.000   1.0000     pseudoRep
222.0000    2    2.000   1.0000       realNov
224.0000    3    2.000   1.0000     pseudoRep
226.0000    4    2.000   1.0000     pseudoNov
228.0000    4    2.000   1.0000     pseudoNov
230.0000    0    2.000   1.0000          NULL 
232.0000    4    2.000   1.0000     pseudoNov
234.0000    2    2.000   1.0000       realNov
236.0000    1    2.000   1.0000       realRep
238.0000    0    2.000   1.0000          NULL 
240.0000    3    2.000   1.0000     pseudoRep
242.0000    4    2.000   1.0000     pseudoNov
244.0000    2    2.000   1.0000       realNov
246.0000    0    2.000   1.0000          NULL 
248.0000    2    2.000   1.0000       realNov
250.0000    0    4.000   1.0000          NULL 
254.0000    3    2.000   1.0000     pseudoRep
256.0000    0    2.000   1.0000          NULL 
258.0000    4    2.000   1.0000     pseudoNov
260.0000    2    2.000   1.0000       realNov
262.0000    1    2.000   1.0000       realRep
264.0000    0    2.000   1.0000          NULL 
266.0000    1    2.000   1.0000       realRep
268.0000    0    2.000   1.0000          NULL 
270.0000    1    2.000   1.0000       realRep
272.0000    3    2.000   1.0000     pseudoRep
274.0000    0    4.000   1.0000          NULL 
278.0000    4    2.000   1.0000     pseudoNov
280.0000    3    2.000   1.0000     pseudoRep
282.0000    3    2.000   1.0000     pseudoRep
284.0000    4    2.000   1.0000     pseudoNov
286.0000    0    4.000   1.0000          NULL 
290.0000    3    2.000   1.0000     pseudoRep
292.0000    0    2.000   1.0000          NULL 
294.0000    3    2.000   1.0000     pseudoRep
296.0000    3    2.000   1.0000     pseudoRep
298.0000    4    2.000   1.0000     pseudoNov
300.0000    2    2.000   1.0000       realNov
302.0000    2    2.000   1.0000       realNov
304.0000    2    2.000   1.0000       realNov
306.0000    0    4.000   1.0000          NULL 
310.0000    2    2.000   1.0000       realNov
312.0000    4    2.000   1.0000     pseudoNov
314.0000    4    2.000   1.0000     pseudoNov
316.0000    0    2.000   1.0000          NULL 
318.0000    4    2.000   1.0000     pseudoNov
320.0000    4    2.000   1.0000     pseudoNov
322.0000    3    2.000   1.0000     pseudoRep
324.0000    2    2.000   1.0000       realNov
326.0000    0    2.000   1.0000          NULL 
328.0000    2    2.000   1.0000       realNov
330.0000    1    2.000   1.0000       realRep
332.0000    2    2.000   1.0000       realNov
334.0000    3    2.000   1.0000     pseudoRep
336.0000    0    2.000   1.0000          NULL 
338.0000    2    2.000   1.0000       realNov
340.0000    3    2.000   1.0000     pseudoRep
342.0000    2    2.000   1.0000       realNov
344.0000    3    2.000   1.0000     pseudoRep
346.0000    4    2.000   1.0000     pseudoNov
348.0000    0    4.000   1.0000          NULL 
352.0000    4    2.000   1.0000     pseudoNov
354.0000    2    2.000   1.0000       realNov
356.0000    1    2.000   1.0000       realRep
358.0000    1    2.000   1.0000       realRep
360.0000    3    2.000   1.0000     pseudoRep
362.0000    2    2.000   1.0000       realNov
364.0000    3    2.000   1.0000     pseudoRep
366.0000    4    2.000   1.0000     pseudoNov
368.0000    1    2.000   1.0000       realRep
370.0000    0    4.000   1.0000          NULL 
374.0000    4    2.000   1.0000     pseudoNov
376.0000    2    2.000   1.0000       realNov
378.0000    0    2.000   1.0000          NULL 
380.0000    3    2.000   1.0000     pseudoRep
382.0000    0    2.000   1.0000          NULL 
384.0000    1    2.000   1.0000       realRep
386.0000    2    2.000   1.0000       realNov
388.0000    1    2.000   1.0000       realRep
390.0000    4    2.000   1.0000     pseudoNov
392.0000    3    2.000   1.0000     pseudoRep
394.0000    4    2.000   1.0000     pseudoNov
396.0000    3    2.000   1.0000     pseudoRep
398.0000    3    2.000   1.0000     pseudoRep
