  0.0000    4    2.000   1.0000     pseudoNov
  2.0000    3    2.000   1.0000     pseudoRep
  4.0000    0    2.000   1.0000          NULL 
  6.0000    4    2.000   1.0000     pseudoNov
  8.0000    1    2.000   1.0000       realRep
 10.0000    1    2.000   1.0000       realRep
 12.0000    1    2.000   1.0000       realRep
 14.0000    1    2.000   1.0000       realRep
 16.0000    0    2.000   1.0000          NULL 
 18.0000    3    2.000   1.0000     pseudoRep
 20.0000    1    2.000   1.0000       realRep
 22.0000    0    2.000   1.0000          NULL 
 24.0000    3    2.000   1.0000     pseudoRep
 26.0000    3    2.000   1.0000     pseudoRep
 28.0000    2    2.000   1.0000       realNov
 30.0000    4    2.000   1.0000     pseudoNov
 32.0000    2    2.000   1.0000       realNov
 34.0000    3    2.000   1.0000     pseudoRep
 36.0000    1    2.000   1.0000       realRep
 38.0000    1    2.000   1.0000       realRep
 40.0000    1    2.000   1.0000       realRep
 42.0000    3    2.000   1.0000     pseudoRep
 44.0000    2    2.000   1.0000       realNov
 46.0000    1    2.000   1.0000       realRep
 48.0000    1    2.000   1.0000       realRep
 50.0000    4    2.000   1.0000     pseudoNov
 52.0000    2    2.000   1.0000       realNov
 54.0000    2    2.000   1.0000       realNov
 56.0000    4    2.000   1.0000     pseudoNov
 58.0000    1    2.000   1.0000       realRep
 60.0000    1    2.000   1.0000       realRep
 62.0000    2    2.000   1.0000       realNov
 64.0000    2    2.000   1.0000       realNov
 66.0000    4    2.000   1.0000     pseudoNov
 68.0000    2    2.000   1.0000       realNov
 70.0000    0    2.000   1.0000          NULL 
 72.0000    1    2.000   1.0000       realRep
 74.0000    0    2.000   1.0000          NULL 
 76.0000    3    2.000   1.0000     pseudoRep
 78.0000    0    2.000   1.0000          NULL 
 80.0000    1    2.000   1.0000       realRep
 82.0000    2    2.000   1.0000       realNov
 84.0000    3    2.000   1.0000     pseudoRep
 86.0000    1    2.000   1.0000       realRep
 88.0000    3    2.000   1.0000     pseudoRep
 90.0000    1    2.000   1.0000       realRep
 92.0000    1    2.000   1.0000       realRep
 94.0000    4    2.000   1.0000     pseudoNov
 96.0000    3    2.000   1.0000     pseudoRep
 98.0000    3    2.000   1.0000     pseudoRep
100.0000    1    2.000   1.0000       realRep
102.0000    2    2.000   1.0000       realNov
104.0000    0    2.000   1.0000          NULL 
106.0000    3    2.000   1.0000     pseudoRep
108.0000    4    2.000   1.0000     pseudoNov
110.0000    0    2.000   1.0000          NULL 
112.0000    3    2.000   1.0000     pseudoRep
114.0000    1    2.000   1.0000       realRep
116.0000    3    2.000   1.0000     pseudoRep
118.0000    3    2.000   1.0000     pseudoRep
120.0000    2    2.000   1.0000       realNov
122.0000    3    2.000   1.0000     pseudoRep
124.0000    2    2.000   1.0000       realNov
126.0000    3    2.000   1.0000     pseudoRep
128.0000    1    2.000   1.0000       realRep
130.0000    4    2.000   1.0000     pseudoNov
132.0000    3    2.000   1.0000     pseudoRep
134.0000    2    2.000   1.0000       realNov
136.0000    4    2.000   1.0000     pseudoNov
138.0000    2    2.000   1.0000       realNov
140.0000    3    2.000   1.0000     pseudoRep
142.0000    0    4.000   1.0000          NULL 
146.0000    1    2.000   1.0000       realRep
148.0000    0    2.000   1.0000          NULL 
150.0000    4    2.000   1.0000     pseudoNov
152.0000    4    2.000   1.0000     pseudoNov
154.0000    4    2.000   1.0000     pseudoNov
156.0000    2    2.000   1.0000       realNov
158.0000    1    2.000   1.0000       realRep
160.0000    3    2.000   1.0000     pseudoRep
162.0000    4    2.000   1.0000     pseudoNov
164.0000    3    2.000   1.0000     pseudoRep
166.0000    1    2.000   1.0000       realRep
168.0000    1    2.000   1.0000       realRep
170.0000    0    2.000   1.0000          NULL 
172.0000    2    2.000   1.0000       realNov
174.0000    1    2.000   1.0000       realRep
176.0000    2    2.000   1.0000       realNov
178.0000    0    2.000   1.0000          NULL 
180.0000    2    2.000   1.0000       realNov
182.0000    2    2.000   1.0000       realNov
184.0000    2    2.000   1.0000       realNov
186.0000    4    2.000   1.0000     pseudoNov
188.0000    0    2.000   1.0000          NULL 
190.0000    3    2.000   1.0000     pseudoRep
192.0000    3    2.000   1.0000     pseudoRep
194.0000    0    2.000   1.0000          NULL 
196.0000    1    2.000   1.0000       realRep
198.0000    1    2.000   1.0000       realRep
200.0000    1    2.000   1.0000       realRep
202.0000    4    2.000   1.0000     pseudoNov
204.0000    0    6.000   1.0000          NULL 
210.0000    4    2.000   1.0000     pseudoNov
212.0000    2    2.000   1.0000       realNov
214.0000    1    2.000   1.0000       realRep
216.0000    0    4.000   1.0000          NULL 
220.0000    3    2.000   1.0000     pseudoRep
222.0000    0    2.000   1.0000          NULL 
224.0000    4    2.000   1.0000     pseudoNov
226.0000    3    2.000   1.0000     pseudoRep
228.0000    0    2.000   1.0000          NULL 
230.0000    4    2.000   1.0000     pseudoNov
232.0000    1    2.000   1.0000       realRep
234.0000    4    2.000   1.0000     pseudoNov
236.0000    4    2.000   1.0000     pseudoNov
238.0000    2    2.000   1.0000       realNov
240.0000    0    2.000   1.0000          NULL 
242.0000    2    2.000   1.0000       realNov
244.0000    0    2.000   1.0000          NULL 
246.0000    2    2.000   1.0000       realNov
248.0000    4    2.000   1.0000     pseudoNov
250.0000    4    2.000   1.0000     pseudoNov
252.0000    2    2.000   1.0000       realNov
254.0000    0    2.000   1.0000          NULL 
256.0000    3    2.000   1.0000     pseudoRep
258.0000    4    2.000   1.0000     pseudoNov
260.0000    2    2.000   1.0000       realNov
262.0000    2    2.000   1.0000       realNov
264.0000    3    2.000   1.0000     pseudoRep
266.0000    2    2.000   1.0000       realNov
268.0000    2    2.000   1.0000       realNov
270.0000    1    2.000   1.0000       realRep
272.0000    2    2.000   1.0000       realNov
274.0000    2    2.000   1.0000       realNov
276.0000    3    2.000   1.0000     pseudoRep
278.0000    4    2.000   1.0000     pseudoNov
280.0000    0    2.000   1.0000          NULL 
282.0000    4    2.000   1.0000     pseudoNov
284.0000    1    2.000   1.0000       realRep
286.0000    3    2.000   1.0000     pseudoRep
288.0000    2    2.000   1.0000       realNov
290.0000    4    2.000   1.0000     pseudoNov
292.0000    4    2.000   1.0000     pseudoNov
294.0000    0    2.000   1.0000          NULL 
296.0000    4    2.000   1.0000     pseudoNov
298.0000    4    2.000   1.0000     pseudoNov
300.0000    0    2.000   1.0000          NULL 
302.0000    1    2.000   1.0000       realRep
304.0000    4    2.000   1.0000     pseudoNov
306.0000    0    2.000   1.0000          NULL 
308.0000    1    2.000   1.0000       realRep
310.0000    0    2.000   1.0000          NULL 
312.0000    4    2.000   1.0000     pseudoNov
314.0000    4    2.000   1.0000     pseudoNov
316.0000    3    2.000   1.0000     pseudoRep
318.0000    0    2.000   1.0000          NULL 
320.0000    2    2.000   1.0000       realNov
322.0000    0    2.000   1.0000          NULL 
324.0000    3    2.000   1.0000     pseudoRep
326.0000    0    2.000   1.0000          NULL 
328.0000    2    2.000   1.0000       realNov
330.0000    2    2.000   1.0000       realNov
332.0000    4    2.000   1.0000     pseudoNov
334.0000    3    2.000   1.0000     pseudoRep
336.0000    4    2.000   1.0000     pseudoNov
338.0000    0    4.000   1.0000          NULL 
342.0000    2    2.000   1.0000       realNov
344.0000    3    2.000   1.0000     pseudoRep
346.0000    4    2.000   1.0000     pseudoNov
348.0000    2    2.000   1.0000       realNov
350.0000    1    2.000   1.0000       realRep
352.0000    0    4.000   1.0000          NULL 
356.0000    2    2.000   1.0000       realNov
358.0000    1    2.000   1.0000       realRep
360.0000    3    2.000   1.0000     pseudoRep
362.0000    1    2.000   1.0000       realRep
364.0000    4    2.000   1.0000     pseudoNov
366.0000    1    2.000   1.0000       realRep
368.0000    2    2.000   1.0000       realNov
370.0000    0    4.000   1.0000          NULL 
374.0000    1    2.000   1.0000       realRep
376.0000    3    2.000   1.0000     pseudoRep
378.0000    3    2.000   1.0000     pseudoRep
380.0000    3    2.000   1.0000     pseudoRep
382.0000    4    2.000   1.0000     pseudoNov
384.0000    4    2.000   1.0000     pseudoNov
386.0000    0    2.000   1.0000          NULL 
388.0000    2    2.000   1.0000       realNov
390.0000    1    2.000   1.0000       realRep
392.0000    3    2.000   1.0000     pseudoRep
394.0000    3    2.000   1.0000     pseudoRep
396.0000    3    2.000   1.0000     pseudoRep
398.0000    4    2.000   1.0000     pseudoNov
