  0.0000    3    2.000   1.0000     pseudoRep
  2.0000    4    2.000   1.0000     pseudoNov
  4.0000    4    2.000   1.0000     pseudoNov
  6.0000    4    2.000   1.0000     pseudoNov
  8.0000    0    2.000   1.0000          NULL 
 10.0000    3    2.000   1.0000     pseudoRep
 12.0000    3    2.000   1.0000     pseudoRep
 14.0000    3    2.000   1.0000     pseudoRep
 16.0000    2    2.000   1.0000       realNov
 18.0000    0    2.000   1.0000          NULL 
 20.0000    4    2.000   1.0000     pseudoNov
 22.0000    0    2.000   1.0000          NULL 
 24.0000    2    2.000   1.0000       realNov
 26.0000    3    2.000   1.0000     pseudoRep
 28.0000    1    2.000   1.0000       realRep
 30.0000    0    2.000   1.0000          NULL 
 32.0000    2    2.000   1.0000       realNov
 34.0000    2    2.000   1.0000       realNov
 36.0000    1    2.000   1.0000       realRep
 38.0000    0    4.000   1.0000          NULL 
 42.0000    3    2.000   1.0000     pseudoRep
 44.0000    0    4.000   1.0000          NULL 
 48.0000    3    2.000   1.0000     pseudoRep
 50.0000    3    2.000   1.0000     pseudoRep
 52.0000    2    2.000   1.0000       realNov
 54.0000    4    2.000   1.0000     pseudoNov
 56.0000    0    2.000   1.0000          NULL 
 58.0000    4    2.000   1.0000     pseudoNov
 60.0000    0    2.000   1.0000          NULL 
 62.0000    1    2.000   1.0000       realRep
 64.0000    1    2.000   1.0000       realRep
 66.0000    2    2.000   1.0000       realNov
 68.0000    1    2.000   1.0000       realRep
 70.0000    4    2.000   1.0000     pseudoNov
 72.0000    3    2.000   1.0000     pseudoRep
 74.0000    0    4.000   1.0000          NULL 
 78.0000    2    2.000   1.0000       realNov
 80.0000    0    2.000   1.0000          NULL 
 82.0000    4    2.000   1.0000     pseudoNov
 84.0000    4    2.000   1.0000     pseudoNov
 86.0000    2    2.000   1.0000       realNov
 88.0000    2    2.000   1.0000       realNov
 90.0000    2    2.000   1.0000       realNov
 92.0000    4    2.000   1.0000     pseudoNov
 94.0000    4    2.000   1.0000     pseudoNov
 96.0000    0    2.000   1.0000          NULL 
 98.0000    1    2.000   1.0000       realRep
100.0000    3    2.000   1.0000     pseudoRep
102.0000    2    2.000   1.0000       realNov
104.0000    1    2.000   1.0000       realRep
106.0000    0    2.000   1.0000          NULL 
108.0000    1    2.000   1.0000       realRep
110.0000    1    2.000   1.0000       realRep
112.0000    4    2.000   1.0000     pseudoNov
114.0000    4    2.000   1.0000     pseudoNov
116.0000    1    2.000   1.0000       realRep
118.0000    3    2.000   1.0000     pseudoRep
120.0000    4    2.000   1.0000     pseudoNov
122.0000    2    2.000   1.0000       realNov
124.0000    4    2.000   1.0000     pseudoNov
126.0000    1    2.000   1.0000       realRep
128.0000    0    2.000   1.0000          NULL 
130.0000    1    2.000   1.0000       realRep
132.0000    3    2.000   1.0000     pseudoRep
134.0000    2    2.000   1.0000       realNov
136.0000    2    2.000   1.0000       realNov
138.0000    1    2.000   1.0000       realRep
140.0000    2    2.000   1.0000       realNov
142.0000    1    2.000   1.0000       realRep
144.0000    2    2.000   1.0000       realNov
146.0000    3    2.000   1.0000     pseudoRep
148.0000    1    2.000   1.0000       realRep
150.0000    2    2.000   1.0000       realNov
152.0000    0    2.000   1.0000          NULL 
154.0000    3    2.000   1.0000     pseudoRep
156.0000    4    2.000   1.0000     pseudoNov
158.0000    4    2.000   1.0000     pseudoNov
160.0000    1    2.000   1.0000       realRep
162.0000    3    2.000   1.0000     pseudoRep
164.0000    3    2.000   1.0000     pseudoRep
166.0000    0    2.000   1.0000          NULL 
168.0000    2    2.000   1.0000       realNov
170.0000    1    2.000   1.0000       realRep
172.0000    3    2.000   1.0000     pseudoRep
174.0000    0    2.000   1.0000          NULL 
176.0000    1    2.000   1.0000       realRep
178.0000    4    2.000   1.0000     pseudoNov
180.0000    1    2.000   1.0000       realRep
182.0000    4    2.000   1.0000     pseudoNov
184.0000    3    2.000   1.0000     pseudoRep
186.0000    4    2.000   1.0000     pseudoNov
188.0000    1    2.000   1.0000       realRep
190.0000    2    2.000   1.0000       realNov
192.0000    3    2.000   1.0000     pseudoRep
194.0000    3    2.000   1.0000     pseudoRep
196.0000    3    2.000   1.0000     pseudoRep
198.0000    1    2.000   1.0000       realRep
200.0000    3    2.000   1.0000     pseudoRep
202.0000    0    2.000   1.0000          NULL 
204.0000    4    2.000   1.0000     pseudoNov
206.0000    1    2.000   1.0000       realRep
208.0000    1    2.000   1.0000       realRep
210.0000    0    2.000   1.0000          NULL 
212.0000    4    2.000   1.0000     pseudoNov
214.0000    2    2.000   1.0000       realNov
216.0000    0    2.000   1.0000          NULL 
218.0000    1    2.000   1.0000       realRep
220.0000    4    2.000   1.0000     pseudoNov
222.0000    2    2.000   1.0000       realNov
224.0000    3    2.000   1.0000     pseudoRep
226.0000    4    2.000   1.0000     pseudoNov
228.0000    0    2.000   1.0000          NULL 
230.0000    1    2.000   1.0000       realRep
232.0000    4    2.000   1.0000     pseudoNov
234.0000    0    2.000   1.0000          NULL 
236.0000    1    2.000   1.0000       realRep
238.0000    2    2.000   1.0000       realNov
240.0000    0    2.000   1.0000          NULL 
242.0000    2    2.000   1.0000       realNov
244.0000    1    2.000   1.0000       realRep
246.0000    3    2.000   1.0000     pseudoRep
248.0000    3    2.000   1.0000     pseudoRep
250.0000    3    2.000   1.0000     pseudoRep
252.0000    0    2.000   1.0000          NULL 
254.0000    2    2.000   1.0000       realNov
256.0000    3    2.000   1.0000     pseudoRep
258.0000    2    2.000   1.0000       realNov
260.0000    4    2.000   1.0000     pseudoNov
262.0000    3    2.000   1.0000     pseudoRep
264.0000    1    2.000   1.0000       realRep
266.0000    0    2.000   1.0000          NULL 
268.0000    2    2.000   1.0000       realNov
270.0000    1    2.000   1.0000       realRep
272.0000    2    2.000   1.0000       realNov
274.0000    1    2.000   1.0000       realRep
276.0000    0    2.000   1.0000          NULL 
278.0000    4    2.000   1.0000     pseudoNov
280.0000    4    2.000   1.0000     pseudoNov
282.0000    4    2.000   1.0000     pseudoNov
284.0000    0    2.000   1.0000          NULL 
286.0000    1    2.000   1.0000       realRep
288.0000    1    2.000   1.0000       realRep
290.0000    4    2.000   1.0000     pseudoNov
292.0000    3    2.000   1.0000     pseudoRep
294.0000    0    2.000   1.0000          NULL 
296.0000    4    2.000   1.0000     pseudoNov
298.0000    1    2.000   1.0000       realRep
300.0000    1    2.000   1.0000       realRep
302.0000    1    2.000   1.0000       realRep
304.0000    2    2.000   1.0000       realNov
306.0000    4    2.000   1.0000     pseudoNov
308.0000    3    2.000   1.0000     pseudoRep
310.0000    0    4.000   1.0000          NULL 
314.0000    2    2.000   1.0000       realNov
316.0000    3    2.000   1.0000     pseudoRep
318.0000    1    2.000   1.0000       realRep
320.0000    4    2.000   1.0000     pseudoNov
322.0000    2    2.000   1.0000       realNov
324.0000    2    2.000   1.0000       realNov
326.0000    0    4.000   1.0000          NULL 
330.0000    2    2.000   1.0000       realNov
332.0000    2    2.000   1.0000       realNov
334.0000    3    2.000   1.0000     pseudoRep
336.0000    3    2.000   1.0000     pseudoRep
338.0000    2    2.000   1.0000       realNov
340.0000    2    2.000   1.0000       realNov
342.0000    4    2.000   1.0000     pseudoNov
344.0000    0    2.000   1.0000          NULL 
346.0000    2    2.000   1.0000       realNov
348.0000    4    2.000   1.0000     pseudoNov
350.0000    1    2.000   1.0000       realRep
352.0000    0    2.000   1.0000          NULL 
354.0000    4    2.000   1.0000     pseudoNov
356.0000    4    2.000   1.0000     pseudoNov
358.0000    3    2.000   1.0000     pseudoRep
360.0000    4    2.000   1.0000     pseudoNov
362.0000    3    2.000   1.0000     pseudoRep
364.0000    3    2.000   1.0000     pseudoRep
366.0000    0    2.000   1.0000          NULL 
368.0000    2    2.000   1.0000       realNov
370.0000    3    2.000   1.0000     pseudoRep
372.0000    2    2.000   1.0000       realNov
374.0000    0    2.000   1.0000          NULL 
376.0000    3    2.000   1.0000     pseudoRep
378.0000    2    2.000   1.0000       realNov
380.0000    2    2.000   1.0000       realNov
382.0000    3    2.000   1.0000     pseudoRep
384.0000    1    2.000   1.0000       realRep
386.0000    3    2.000   1.0000     pseudoRep
388.0000    4    2.000   1.0000     pseudoNov
390.0000    1    2.000   1.0000       realRep
392.0000    1    2.000   1.0000       realRep
394.0000    4    2.000   1.0000     pseudoNov
396.0000    0    4.000   1.0000          NULL 
