  0.0000    4    2.000   1.0000     pseudoNov
  2.0000    3    2.000   1.0000     pseudoRep
  4.0000    2    2.000   1.0000       realNov
  6.0000    3    2.000   1.0000     pseudoRep
  8.0000    1    2.000   1.0000       realRep
 10.0000    4    2.000   1.0000     pseudoNov
 12.0000    2    2.000   1.0000       realNov
 14.0000    1    2.000   1.0000       realRep
 16.0000    4    2.000   1.0000     pseudoNov
 18.0000    2    2.000   1.0000       realNov
 20.0000    4    2.000   1.0000     pseudoNov
 22.0000    1    2.000   1.0000       realRep
 24.0000    0    4.000   1.0000          NULL 
 28.0000    2    2.000   1.0000       realNov
 30.0000    1    2.000   1.0000       realRep
 32.0000    3    2.000   1.0000     pseudoRep
 34.0000    1    2.000   1.0000       realRep
 36.0000    0    2.000   1.0000          NULL 
 38.0000    3    2.000   1.0000     pseudoRep
 40.0000    2    2.000   1.0000       realNov
 42.0000    2    2.000   1.0000       realNov
 44.0000    0    4.000   1.0000          NULL 
 48.0000    4    2.000   1.0000     pseudoNov
 50.0000    0    2.000   1.0000          NULL 
 52.0000    1    2.000   1.0000       realRep
 54.0000    2    2.000   1.0000       realNov
 56.0000    4    2.000   1.0000     pseudoNov
 58.0000    1    2.000   1.0000       realRep
 60.0000    0    2.000   1.0000          NULL 
 62.0000    1    2.000   1.0000       realRep
 64.0000    3    2.000   1.0000     pseudoRep
 66.0000    3    2.000   1.0000     pseudoRep
 68.0000    0    2.000   1.0000          NULL 
 70.0000    4    2.000   1.0000     pseudoNov
 72.0000    3    2.000   1.0000     pseudoRep
 74.0000    3    2.000   1.0000     pseudoRep
 76.0000    2    2.000   1.0000       realNov
 78.0000    2    2.000   1.0000       realNov
 80.0000    2    2.000   1.0000       realNov
 82.0000    4    2.000   1.0000     pseudoNov
 84.0000    0    2.000   1.0000          NULL 
 86.0000    2    2.000   1.0000       realNov
 88.0000    1    2.000   1.0000       realRep
 90.0000    4    2.000   1.0000     pseudoNov
 92.0000    2    2.000   1.0000       realNov
 94.0000    3    2.000   1.0000     pseudoRep
 96.0000    4    2.000   1.0000     pseudoNov
 98.0000    1    2.000   1.0000       realRep
100.0000    3    2.000   1.0000     pseudoRep
102.0000    0    2.000   1.0000          NULL 
104.0000    4    2.000   1.0000     pseudoNov
106.0000    1    2.000   1.0000       realRep
108.0000    3    2.000   1.0000     pseudoRep
110.0000    3    2.000   1.0000     pseudoRep
112.0000    3    2.000   1.0000     pseudoRep
114.0000    4    2.000   1.0000     pseudoNov
116.0000    4    2.000   1.0000     pseudoNov
118.0000    4    2.000   1.0000     pseudoNov
120.0000    3    2.000   1.0000     pseudoRep
122.0000    4    2.000   1.0000     pseudoNov
124.0000    0    2.000   1.0000          NULL 
126.0000    1    2.000   1.0000       realRep
128.0000    4    2.000   1.0000     pseudoNov
130.0000    0    2.000   1.0000          NULL 
132.0000    1    2.000   1.0000       realRep
134.0000    0    4.000   1.0000          NULL 
138.0000    2    2.000   1.0000       realNov
140.0000    2    2.000   1.0000       realNov
142.0000    3    2.000   1.0000     pseudoRep
144.0000    1    2.000   1.0000       realRep
146.0000    2    2.000   1.0000       realNov
148.0000    4    2.000   1.0000     pseudoNov
150.0000    2    2.000   1.0000       realNov
152.0000    1    2.000   1.0000       realRep
154.0000    4    2.000   1.0000     pseudoNov
156.0000    2    2.000   1.0000       realNov
158.0000    0    2.000   1.0000          NULL 
160.0000    3    2.000   1.0000     pseudoRep
162.0000    1    2.000   1.0000       realRep
164.0000    0    2.000   1.0000          NULL 
166.0000    4    2.000   1.0000     pseudoNov
168.0000    4    2.000   1.0000     pseudoNov
170.0000    2    2.000   1.0000       realNov
172.0000    3    2.000   1.0000     pseudoRep
174.0000    3    2.000   1.0000     pseudoRep
176.0000    1    2.000   1.0000       realRep
178.0000    2    2.000   1.0000       realNov
180.0000    0    2.000   1.0000          NULL 
182.0000    1    2.000   1.0000       realRep
184.0000    1    2.000   1.0000       realRep
186.0000    2    2.000   1.0000       realNov
188.0000    1    2.000   1.0000       realRep
190.0000    3    2.000   1.0000     pseudoRep
192.0000    4    2.000   1.0000     pseudoNov
194.0000    0    2.000   1.0000          NULL 
196.0000    1    2.000   1.0000       realRep
198.0000    2    2.000   1.0000       realNov
200.0000    3    2.000   1.0000     pseudoRep
202.0000    0    4.000   1.0000          NULL 
206.0000    1    2.000   1.0000       realRep
208.0000    1    2.000   1.0000       realRep
210.0000    4    2.000   1.0000     pseudoNov
212.0000    1    2.000   1.0000       realRep
214.0000    1    2.000   1.0000       realRep
216.0000    3    2.000   1.0000     pseudoRep
218.0000    0    2.000   1.0000          NULL 
220.0000    1    2.000   1.0000       realRep
222.0000    4    2.000   1.0000     pseudoNov
224.0000    2    2.000   1.0000       realNov
226.0000    1    2.000   1.0000       realRep
228.0000    0    4.000   1.0000          NULL 
232.0000    4    2.000   1.0000     pseudoNov
234.0000    0    2.000   1.0000          NULL 
236.0000    2    2.000   1.0000       realNov
238.0000    0    2.000   1.0000          NULL 
240.0000    2    2.000   1.0000       realNov
242.0000    0    2.000   1.0000          NULL 
244.0000    4    2.000   1.0000     pseudoNov
246.0000    2    2.000   1.0000       realNov
248.0000    4    2.000   1.0000     pseudoNov
250.0000    3    2.000   1.0000     pseudoRep
252.0000    3    2.000   1.0000     pseudoRep
254.0000    4    2.000   1.0000     pseudoNov
256.0000    1    2.000   1.0000       realRep
258.0000    0    2.000   1.0000          NULL 
260.0000    2    2.000   1.0000       realNov
262.0000    0    4.000   1.0000          NULL 
266.0000    3    2.000   1.0000     pseudoRep
268.0000    3    2.000   1.0000     pseudoRep
270.0000    2    2.000   1.0000       realNov
272.0000    4    2.000   1.0000     pseudoNov
274.0000    0    2.000   1.0000          NULL 
276.0000    1    2.000   1.0000       realRep
278.0000    4    2.000   1.0000     pseudoNov
280.0000    1    2.000   1.0000       realRep
282.0000    1    2.000   1.0000       realRep
284.0000    4    2.000   1.0000     pseudoNov
286.0000    3    2.000   1.0000     pseudoRep
288.0000    3    2.000   1.0000     pseudoRep
290.0000    4    2.000   1.0000     pseudoNov
292.0000    3    2.000   1.0000     pseudoRep
294.0000    1    2.000   1.0000       realRep
296.0000    4    2.000   1.0000     pseudoNov
298.0000    3    2.000   1.0000     pseudoRep
300.0000    0    4.000   1.0000          NULL 
304.0000    3    2.000   1.0000     pseudoRep
306.0000    0    2.000   1.0000          NULL 
308.0000    3    2.000   1.0000     pseudoRep
310.0000    1    2.000   1.0000       realRep
312.0000    1    2.000   1.0000       realRep
314.0000    3    2.000   1.0000     pseudoRep
316.0000    0    2.000   1.0000          NULL 
318.0000    3    2.000   1.0000     pseudoRep
320.0000    0    2.000   1.0000          NULL 
322.0000    1    2.000   1.0000       realRep
324.0000    3    2.000   1.0000     pseudoRep
326.0000    4    2.000   1.0000     pseudoNov
328.0000    2    2.000   1.0000       realNov
330.0000    0    2.000   1.0000          NULL 
332.0000    1    2.000   1.0000       realRep
334.0000    4    2.000   1.0000     pseudoNov
336.0000    4    2.000   1.0000     pseudoNov
338.0000    0    2.000   1.0000          NULL 
340.0000    2    2.000   1.0000       realNov
342.0000    0    2.000   1.0000          NULL 
344.0000    2    2.000   1.0000       realNov
346.0000    3    2.000   1.0000     pseudoRep
348.0000    1    2.000   1.0000       realRep
350.0000    4    2.000   1.0000     pseudoNov
352.0000    0    2.000   1.0000          NULL 
354.0000    3    2.000   1.0000     pseudoRep
356.0000    2    2.000   1.0000       realNov
358.0000    2    2.000   1.0000       realNov
360.0000    4    2.000   1.0000     pseudoNov
362.0000    4    2.000   1.0000     pseudoNov
364.0000    4    2.000   1.0000     pseudoNov
366.0000    2    2.000   1.0000       realNov
368.0000    1    2.000   1.0000       realRep
370.0000    0    2.000   1.0000          NULL 
372.0000    1    2.000   1.0000       realRep
374.0000    3    2.000   1.0000     pseudoRep
376.0000    2    2.000   1.0000       realNov
378.0000    2    2.000   1.0000       realNov
380.0000    3    2.000   1.0000     pseudoRep
382.0000    2    2.000   1.0000       realNov
384.0000    3    2.000   1.0000     pseudoRep
386.0000    4    2.000   1.0000     pseudoNov
388.0000    2    2.000   1.0000       realNov
390.0000    1    2.000   1.0000       realRep
392.0000    2    2.000   1.0000       realNov
394.0000    2    2.000   1.0000       realNov
396.0000    2    2.000   1.0000       realNov
398.0000    3    2.000   1.0000     pseudoRep
