  0.0000    4    2.000   1.0000     pseudoNov
  2.0000    4    2.000   1.0000     pseudoNov
  4.0000    4    2.000   1.0000     pseudoNov
  6.0000    4    2.000   1.0000     pseudoNov
  8.0000    1    2.000   1.0000       realRep
 10.0000    0    2.000   1.0000          NULL 
 12.0000    1    2.000   1.0000       realRep
 14.0000    4    2.000   1.0000     pseudoNov
 16.0000    0    4.000   1.0000          NULL 
 20.0000    3    2.000   1.0000     pseudoRep
 22.0000    2    2.000   1.0000       realNov
 24.0000    2    2.000   1.0000       realNov
 26.0000    0    2.000   1.0000          NULL 
 28.0000    2    2.000   1.0000       realNov
 30.0000    4    2.000   1.0000     pseudoNov
 32.0000    2    2.000   1.0000       realNov
 34.0000    2    2.000   1.0000       realNov
 36.0000    4    2.000   1.0000     pseudoNov
 38.0000    2    2.000   1.0000       realNov
 40.0000    4    2.000   1.0000     pseudoNov
 42.0000    3    2.000   1.0000     pseudoRep
 44.0000    1    2.000   1.0000       realRep
 46.0000    1    2.000   1.0000       realRep
 48.0000    1    2.000   1.0000       realRep
 50.0000    2    2.000   1.0000       realNov
 52.0000    1    2.000   1.0000       realRep
 54.0000    0    2.000   1.0000          NULL 
 56.0000    4    2.000   1.0000     pseudoNov
 58.0000    1    2.000   1.0000       realRep
 60.0000    2    2.000   1.0000       realNov
 62.0000    2    2.000   1.0000       realNov
 64.0000    3    2.000   1.0000     pseudoRep
 66.0000    4    2.000   1.0000     pseudoNov
 68.0000    2    2.000   1.0000       realNov
 70.0000    1    2.000   1.0000       realRep
 72.0000    3    2.000   1.0000     pseudoRep
 74.0000    1    2.000   1.0000       realRep
 76.0000    2    2.000   1.0000       realNov
 78.0000    0    2.000   1.0000          NULL 
 80.0000    1    2.000   1.0000       realRep
 82.0000    1    2.000   1.0000       realRep
 84.0000    3    2.000   1.0000     pseudoRep
 86.0000    4    2.000   1.0000     pseudoNov
 88.0000    2    2.000   1.0000       realNov
 90.0000    1    2.000   1.0000       realRep
 92.0000    0    4.000   1.0000          NULL 
 96.0000    3    2.000   1.0000     pseudoRep
 98.0000    4    2.000   1.0000     pseudoNov
100.0000    3    2.000   1.0000     pseudoRep
102.0000    4    2.000   1.0000     pseudoNov
104.0000    0    2.000   1.0000          NULL 
106.0000    4    2.000   1.0000     pseudoNov
108.0000    1    2.000   1.0000       realRep
110.0000    0    2.000   1.0000          NULL 
112.0000    3    2.000   1.0000     pseudoRep
114.0000    2    2.000   1.0000       realNov
116.0000    1    2.000   1.0000       realRep
118.0000    3    2.000   1.0000     pseudoRep
120.0000    1    2.000   1.0000       realRep
122.0000    3    2.000   1.0000     pseudoRep
124.0000    0    4.000   1.0000          NULL 
128.0000    4    2.000   1.0000     pseudoNov
130.0000    4    2.000   1.0000     pseudoNov
132.0000    3    2.000   1.0000     pseudoRep
134.0000    3    2.000   1.0000     pseudoRep
136.0000    0    2.000   1.0000          NULL 
138.0000    4    2.000   1.0000     pseudoNov
140.0000    0    2.000   1.0000          NULL 
142.0000    4    2.000   1.0000     pseudoNov
144.0000    0    4.000   1.0000          NULL 
148.0000    2    2.000   1.0000       realNov
150.0000    1    2.000   1.0000       realRep
152.0000    3    2.000   1.0000     pseudoRep
154.0000    1    2.000   1.0000       realRep
156.0000    4    2.000   1.0000     pseudoNov
158.0000    2    2.000   1.0000       realNov
160.0000    0    4.000   1.0000          NULL 
164.0000    2    2.000   1.0000       realNov
166.0000    3    2.000   1.0000     pseudoRep
168.0000    1    2.000   1.0000       realRep
170.0000    4    2.000   1.0000     pseudoNov
172.0000    1    2.000   1.0000       realRep
174.0000    1    2.000   1.0000       realRep
176.0000    1    2.000   1.0000       realRep
178.0000    4    2.000   1.0000     pseudoNov
180.0000    3    2.000   1.0000     pseudoRep
182.0000    1    2.000   1.0000       realRep
184.0000    3    2.000   1.0000     pseudoRep
186.0000    0    4.000   1.0000          NULL 
190.0000    2    2.000   1.0000       realNov
192.0000    2    2.000   1.0000       realNov
194.0000    1    2.000   1.0000       realRep
196.0000    3    2.000   1.0000     pseudoRep
198.0000    3    2.000   1.0000     pseudoRep
200.0000    3    2.000   1.0000     pseudoRep
202.0000    3    2.000   1.0000     pseudoRep
204.0000    4    2.000   1.0000     pseudoNov
206.0000    0    2.000   1.0000          NULL 
208.0000    3    2.000   1.0000     pseudoRep
210.0000    0    2.000   1.0000          NULL 
212.0000    1    2.000   1.0000       realRep
214.0000    0    2.000   1.0000          NULL 
216.0000    3    2.000   1.0000     pseudoRep
218.0000    0    2.000   1.0000          NULL 
220.0000    1    2.000   1.0000       realRep
222.0000    2    2.000   1.0000       realNov
224.0000    3    2.000   1.0000     pseudoRep
226.0000    2    2.000   1.0000       realNov
228.0000    0    2.000   1.0000          NULL 
230.0000    2    2.000   1.0000       realNov
232.0000    0    2.000   1.0000          NULL 
234.0000    1    2.000   1.0000       realRep
236.0000    2    2.000   1.0000       realNov
238.0000    0    4.000   1.0000          NULL 
242.0000    2    2.000   1.0000       realNov
244.0000    3    2.000   1.0000     pseudoRep
246.0000    2    2.000   1.0000       realNov
248.0000    2    2.000   1.0000       realNov
250.0000    0    2.000   1.0000          NULL 
252.0000    1    2.000   1.0000       realRep
254.0000    0    2.000   1.0000          NULL 
256.0000    1    2.000   1.0000       realRep
258.0000    2    2.000   1.0000       realNov
260.0000    1    2.000   1.0000       realRep
262.0000    0    2.000   1.0000          NULL 
264.0000    4    2.000   1.0000     pseudoNov
266.0000    1    2.000   1.0000       realRep
268.0000    2    2.000   1.0000       realNov
270.0000    3    2.000   1.0000     pseudoRep
272.0000    2    2.000   1.0000       realNov
274.0000    0    2.000   1.0000          NULL 
276.0000    4    2.000   1.0000     pseudoNov
278.0000    4    2.000   1.0000     pseudoNov
280.0000    2    2.000   1.0000       realNov
282.0000    4    2.000   1.0000     pseudoNov
284.0000    3    2.000   1.0000     pseudoRep
286.0000    0    2.000   1.0000          NULL 
288.0000    2    2.000   1.0000       realNov
290.0000    4    2.000   1.0000     pseudoNov
292.0000    4    2.000   1.0000     pseudoNov
294.0000    0    2.000   1.0000          NULL 
296.0000    2    2.000   1.0000       realNov
298.0000    4    2.000   1.0000     pseudoNov
300.0000    2    2.000   1.0000       realNov
302.0000    2    2.000   1.0000       realNov
304.0000    3    2.000   1.0000     pseudoRep
306.0000    2    2.000   1.0000       realNov
308.0000    3    2.000   1.0000     pseudoRep
310.0000    0    2.000   1.0000          NULL 
312.0000    3    2.000   1.0000     pseudoRep
314.0000    3    2.000   1.0000     pseudoRep
316.0000    0    2.000   1.0000          NULL 
318.0000    1    2.000   1.0000       realRep
320.0000    1    2.000   1.0000       realRep
322.0000    2    2.000   1.0000       realNov
324.0000    4    2.000   1.0000     pseudoNov
326.0000    1    2.000   1.0000       realRep
328.0000    4    2.000   1.0000     pseudoNov
330.0000    1    2.000   1.0000       realRep
332.0000    2    2.000   1.0000       realNov
334.0000    1    2.000   1.0000       realRep
336.0000    3    2.000   1.0000     pseudoRep
338.0000    1    2.000   1.0000       realRep
340.0000    3    2.000   1.0000     pseudoRep
342.0000    1    2.000   1.0000       realRep
344.0000    4    2.000   1.0000     pseudoNov
346.0000    4    2.000   1.0000     pseudoNov
348.0000    3    2.000   1.0000     pseudoRep
350.0000    0    4.000   1.0000          NULL 
354.0000    4    2.000   1.0000     pseudoNov
356.0000    4    2.000   1.0000     pseudoNov
358.0000    1    2.000   1.0000       realRep
360.0000    2    2.000   1.0000       realNov
362.0000    1    2.000   1.0000       realRep
364.0000    3    2.000   1.0000     pseudoRep
366.0000    4    2.000   1.0000     pseudoNov
368.0000    2    2.000   1.0000       realNov
370.0000    4    2.000   1.0000     pseudoNov
372.0000    4    2.000   1.0000     pseudoNov
374.0000    2    2.000   1.0000       realNov
376.0000    3    2.000   1.0000     pseudoRep
378.0000    4    2.000   1.0000     pseudoNov
380.0000    3    2.000   1.0000     pseudoRep
382.0000    3    2.000   1.0000     pseudoRep
384.0000    3    2.000   1.0000     pseudoRep
386.0000    3    2.000   1.0000     pseudoRep
388.0000    3    2.000   1.0000     pseudoRep
390.0000    1    2.000   1.0000       realRep
392.0000    0    4.000   1.0000          NULL 
396.0000    2    2.000   1.0000       realNov
398.0000    4    2.000   1.0000     pseudoNov
