  0.0000    1    2.000   1.0000       realRep
  2.0000    2    2.000   1.0000       realNov
  4.0000    3    2.000   1.0000     pseudoRep
  6.0000    4    2.000   1.0000     pseudoNov
  8.0000    1    2.000   1.0000       realRep
 10.0000    1    2.000   1.0000       realRep
 12.0000    3    2.000   1.0000     pseudoRep
 14.0000    1    2.000   1.0000       realRep
 16.0000    2    2.000   1.0000       realNov
 18.0000    1    2.000   1.0000       realRep
 20.0000    3    2.000   1.0000     pseudoRep
 22.0000    4    2.000   1.0000     pseudoNov
 24.0000    3    2.000   1.0000     pseudoRep
 26.0000    1    2.000   1.0000       realRep
 28.0000    1    2.000   1.0000       realRep
 30.0000    4    2.000   1.0000     pseudoNov
 32.0000    1    2.000   1.0000       realRep
 34.0000    2    2.000   1.0000       realNov
 36.0000    3    2.000   1.0000     pseudoRep
 38.0000    3    2.000   1.0000     pseudoRep
 40.0000    2    2.000   1.0000       realNov
 42.0000    3    2.000   1.0000     pseudoRep
 44.0000    0    4.000   1.0000          NULL 
 48.0000    1    2.000   1.0000       realRep
 50.0000    1    2.000   1.0000       realRep
 52.0000    3    2.000   1.0000     pseudoRep
 54.0000    0    2.000   1.0000          NULL 
 56.0000    1    2.000   1.0000       realRep
 58.0000    2    2.000   1.0000       realNov
 60.0000    4    2.000   1.0000     pseudoNov
 62.0000    2    2.000   1.0000       realNov
 64.0000    4    2.000   1.0000     pseudoNov
 66.0000    3    2.000   1.0000     pseudoRep
 68.0000    2    2.000   1.0000       realNov
 70.0000    0    2.000   1.0000          NULL 
 72.0000    4    2.000   1.0000     pseudoNov
 74.0000    0    2.000   1.0000          NULL 
 76.0000    4    2.000   1.0000     pseudoNov
 78.0000    1    2.000   1.0000       realRep
 80.0000    0    2.000   1.0000          NULL 
 82.0000    4    2.000   1.0000     pseudoNov
 84.0000    3    2.000   1.0000     pseudoRep
 86.0000    3    2.000   1.0000     pseudoRep
 88.0000    4    2.000   1.0000     pseudoNov
 90.0000    1    2.000   1.0000       realRep
 92.0000    4    2.000   1.0000     pseudoNov
 94.0000    2    2.000   1.0000       realNov
 96.0000    0    6.000   1.0000          NULL 
102.0000    1    2.000   1.0000       realRep
104.0000    2    2.000   1.0000       realNov
106.0000    3    2.000   1.0000     pseudoRep
108.0000    4    2.000   1.0000     pseudoNov
110.0000    1    2.000   1.0000       realRep
112.0000    3    2.000   1.0000     pseudoRep
114.0000    3    2.000   1.0000     pseudoRep
116.0000    0    2.000   1.0000          NULL 
118.0000    3    2.000   1.0000     pseudoRep
120.0000    3    2.000   1.0000     pseudoRep
122.0000    4    2.000   1.0000     pseudoNov
124.0000    3    2.000   1.0000     pseudoRep
126.0000    1    2.000   1.0000       realRep
128.0000    0    2.000   1.0000          NULL 
130.0000    2    2.000   1.0000       realNov
132.0000    4    2.000   1.0000     pseudoNov
134.0000    0    2.000   1.0000          NULL 
136.0000    2    2.000   1.0000       realNov
138.0000    2    2.000   1.0000       realNov
140.0000    0    2.000   1.0000          NULL 
142.0000    3    2.000   1.0000     pseudoRep
144.0000    2    2.000   1.0000       realNov
146.0000    0    2.000   1.0000          NULL 
148.0000    2    2.000   1.0000       realNov
150.0000    4    2.000   1.0000     pseudoNov
152.0000    2    2.000   1.0000       realNov
154.0000    2    2.000   1.0000       realNov
156.0000    0    2.000   1.0000          NULL 
158.0000    1    2.000   1.0000       realRep
160.0000    2    2.000   1.0000       realNov
162.0000    3    2.000   1.0000     pseudoRep
164.0000    0    2.000   1.0000          NULL 
166.0000    1    2.000   1.0000       realRep
168.0000    2    2.000   1.0000       realNov
170.0000    2    2.000   1.0000       realNov
172.0000    1    2.000   1.0000       realRep
174.0000    4    2.000   1.0000     pseudoNov
176.0000    2    2.000   1.0000       realNov
178.0000    4    2.000   1.0000     pseudoNov
180.0000    3    2.000   1.0000     pseudoRep
182.0000    3    2.000   1.0000     pseudoRep
184.0000    4    2.000   1.0000     pseudoNov
186.0000    4    2.000   1.0000     pseudoNov
188.0000    2    2.000   1.0000       realNov
190.0000    0    2.000   1.0000          NULL 
192.0000    1    2.000   1.0000       realRep
194.0000    4    2.000   1.0000     pseudoNov
196.0000    0    2.000   1.0000          NULL 
198.0000    1    2.000   1.0000       realRep
200.0000    1    2.000   1.0000       realRep
202.0000    0    4.000   1.0000          NULL 
206.0000    3    2.000   1.0000     pseudoRep
208.0000    3    2.000   1.0000     pseudoRep
210.0000    0    2.000   1.0000          NULL 
212.0000    1    2.000   1.0000       realRep
214.0000    0    2.000   1.0000          NULL 
216.0000    3    2.000   1.0000     pseudoRep
218.0000    4    2.000   1.0000     pseudoNov
220.0000    4    2.000   1.0000     pseudoNov
222.0000    3    2.000   1.0000     pseudoRep
224.0000    2    2.000   1.0000       realNov
226.0000    1    2.000   1.0000       realRep
228.0000    2    2.000   1.0000       realNov
230.0000    3    2.000   1.0000     pseudoRep
232.0000    3    2.000   1.0000     pseudoRep
234.0000    0    4.000   1.0000          NULL 
238.0000    2    2.000   1.0000       realNov
240.0000    4    2.000   1.0000     pseudoNov
242.0000    1    2.000   1.0000       realRep
244.0000    4    2.000   1.0000     pseudoNov
246.0000    2    2.000   1.0000       realNov
248.0000    4    2.000   1.0000     pseudoNov
250.0000    4    2.000   1.0000     pseudoNov
252.0000    4    2.000   1.0000     pseudoNov
254.0000    4    2.000   1.0000     pseudoNov
256.0000    0    2.000   1.0000          NULL 
258.0000    1    2.000   1.0000       realRep
260.0000    2    2.000   1.0000       realNov
262.0000    0    2.000   1.0000          NULL 
264.0000    3    2.000   1.0000     pseudoRep
266.0000    2    2.000   1.0000       realNov
268.0000    4    2.000   1.0000     pseudoNov
270.0000    1    2.000   1.0000       realRep
272.0000    1    2.000   1.0000       realRep
274.0000    2    2.000   1.0000       realNov
276.0000    2    2.000   1.0000       realNov
278.0000    0    2.000   1.0000          NULL 
280.0000    3    2.000   1.0000     pseudoRep
282.0000    0    2.000   1.0000          NULL 
284.0000    2    2.000   1.0000       realNov
286.0000    0    2.000   1.0000          NULL 
288.0000    2    2.000   1.0000       realNov
290.0000    0    2.000   1.0000          NULL 
292.0000    2    2.000   1.0000       realNov
294.0000    4    2.000   1.0000     pseudoNov
296.0000    2    2.000   1.0000       realNov
298.0000    1    2.000   1.0000       realRep
300.0000    1    2.000   1.0000       realRep
302.0000    1    2.000   1.0000       realRep
304.0000    3    2.000   1.0000     pseudoRep
306.0000    2    2.000   1.0000       realNov
308.0000    2    2.000   1.0000       realNov
310.0000    1    2.000   1.0000       realRep
312.0000    0    4.000   1.0000          NULL 
316.0000    4    2.000   1.0000     pseudoNov
318.0000    1    2.000   1.0000       realRep
320.0000    1    2.000   1.0000       realRep
322.0000    0    2.000   1.0000          NULL 
324.0000    3    2.000   1.0000     pseudoRep
326.0000    3    2.000   1.0000     pseudoRep
328.0000    2    2.000   1.0000       realNov
330.0000    2    2.000   1.0000       realNov
332.0000    1    2.000   1.0000       realRep
334.0000    2    2.000   1.0000       realNov
336.0000    0    2.000   1.0000          NULL 
338.0000    2    2.000   1.0000       realNov
340.0000    3    2.000   1.0000     pseudoRep
342.0000    4    2.000   1.0000     pseudoNov
344.0000    4    2.000   1.0000     pseudoNov
346.0000    4    2.000   1.0000     pseudoNov
348.0000    0    2.000   1.0000          NULL 
350.0000    3    2.000   1.0000     pseudoRep
352.0000    1    2.000   1.0000       realRep
354.0000    3    2.000   1.0000     pseudoRep
356.0000    4    2.000   1.0000     pseudoNov
358.0000    3    2.000   1.0000     pseudoRep
360.0000    4    2.000   1.0000     pseudoNov
362.0000    4    2.000   1.0000     pseudoNov
364.0000    4    2.000   1.0000     pseudoNov
366.0000    1    2.000   1.0000       realRep
368.0000    3    2.000   1.0000     pseudoRep
370.0000    2    2.000   1.0000       realNov
372.0000    1    2.000   1.0000       realRep
374.0000    3    2.000   1.0000     pseudoRep
376.0000    0    6.000   1.0000          NULL 
382.0000    4    2.000   1.0000     pseudoNov
384.0000    3    2.000   1.0000     pseudoRep
386.0000    0    2.000   1.0000          NULL 
388.0000    4    2.000   1.0000     pseudoNov
390.0000    1    2.000   1.0000       realRep
392.0000    3    2.000   1.0000     pseudoRep
394.0000    0    2.000   1.0000          NULL 
396.0000    4    2.000   1.0000     pseudoNov
398.0000    1    2.000   1.0000       realRep
