  0.0000    3    2.000   1.0000     pseudoRep
  2.0000    2    2.000   1.0000       realNov
  4.0000    1    2.000   1.0000       realRep
  6.0000    4    2.000   1.0000     pseudoNov
  8.0000    4    2.000   1.0000     pseudoNov
 10.0000    3    2.000   1.0000     pseudoRep
 12.0000    2    2.000   1.0000       realNov
 14.0000    2    2.000   1.0000       realNov
 16.0000    2    2.000   1.0000       realNov
 18.0000    0    2.000   1.0000          NULL 
 20.0000    1    2.000   1.0000       realRep
 22.0000    1    2.000   1.0000       realRep
 24.0000    3    2.000   1.0000     pseudoRep
 26.0000    2    2.000   1.0000       realNov
 28.0000    0    2.000   1.0000          NULL 
 30.0000    1    2.000   1.0000       realRep
 32.0000    2    2.000   1.0000       realNov
 34.0000    3    2.000   1.0000     pseudoRep
 36.0000    2    2.000   1.0000       realNov
 38.0000    1    2.000   1.0000       realRep
 40.0000    3    2.000   1.0000     pseudoRep
 42.0000    4    2.000   1.0000     pseudoNov
 44.0000    1    2.000   1.0000       realRep
 46.0000    1    2.000   1.0000       realRep
 48.0000    2    2.000   1.0000       realNov
 50.0000    2    2.000   1.0000       realNov
 52.0000    3    2.000   1.0000     pseudoRep
 54.0000    0    2.000   1.0000          NULL 
 56.0000    1    2.000   1.0000       realRep
 58.0000    2    2.000   1.0000       realNov
 60.0000    1    2.000   1.0000       realRep
 62.0000    4    2.000   1.0000     pseudoNov
 64.0000    0    4.000   1.0000          NULL 
 68.0000    3    2.000   1.0000     pseudoRep
 70.0000    3    2.000   1.0000     pseudoRep
 72.0000    4    2.000   1.0000     pseudoNov
 74.0000    1    2.000   1.0000       realRep
 76.0000    2    2.000   1.0000       realNov
 78.0000    3    2.000   1.0000     pseudoRep
 80.0000    3    2.000   1.0000     pseudoRep
 82.0000    0    2.000   1.0000          NULL 
 84.0000    4    2.000   1.0000     pseudoNov
 86.0000    3    2.000   1.0000     pseudoRep
 88.0000    0    2.000   1.0000          NULL 
 90.0000    4    2.000   1.0000     pseudoNov
 92.0000    1    2.000   1.0000       realRep
 94.0000    4    2.000   1.0000     pseudoNov
 96.0000    0    2.000   1.0000          NULL 
 98.0000    1    2.000   1.0000       realRep
100.0000    1    2.000   1.0000       realRep
102.0000    3    2.000   1.0000     pseudoRep
104.0000    3    2.000   1.0000     pseudoRep
106.0000    3    2.000   1.0000     pseudoRep
108.0000    4    2.000   1.0000     pseudoNov
110.0000    3    2.000   1.0000     pseudoRep
112.0000    1    2.000   1.0000       realRep
114.0000    0    2.000   1.0000          NULL 
116.0000    3    2.000   1.0000     pseudoRep
118.0000    1    2.000   1.0000       realRep
120.0000    1    2.000   1.0000       realRep
122.0000    0    2.000   1.0000          NULL 
124.0000    3    2.000   1.0000     pseudoRep
126.0000    2    2.000   1.0000       realNov
128.0000    1    2.000   1.0000       realRep
130.0000    0    4.000   1.0000          NULL 
134.0000    2    2.000   1.0000       realNov
136.0000    4    2.000   1.0000     pseudoNov
138.0000    1    2.000   1.0000       realRep
140.0000    2    2.000   1.0000       realNov
142.0000    4    2.000   1.0000     pseudoNov
144.0000    0    2.000   1.0000          NULL 
146.0000    1    2.000   1.0000       realRep
148.0000    4    2.000   1.0000     pseudoNov
150.0000    0    2.000   1.0000          NULL 
152.0000    3    2.000   1.0000     pseudoRep
154.0000    3    2.000   1.0000     pseudoRep
156.0000    2    2.000   1.0000       realNov
158.0000    4    2.000   1.0000     pseudoNov
160.0000    4    2.000   1.0000     pseudoNov
162.0000    4    2.000   1.0000     pseudoNov
164.0000    0    2.000   1.0000          NULL 
166.0000    4    2.000   1.0000     pseudoNov
168.0000    4    2.000   1.0000     pseudoNov
170.0000    2    2.000   1.0000       realNov
172.0000    2    2.000   1.0000       realNov
174.0000    1    2.000   1.0000       realRep
176.0000    3    2.000   1.0000     pseudoRep
178.0000    3    2.000   1.0000     pseudoRep
180.0000    4    2.000   1.0000     pseudoNov
182.0000    4    2.000   1.0000     pseudoNov
184.0000    1    2.000   1.0000       realRep
186.0000    0    2.000   1.0000          NULL 
188.0000    1    2.000   1.0000       realRep
190.0000    3    2.000   1.0000     pseudoRep
192.0000    0    2.000   1.0000          NULL 
194.0000    4    2.000   1.0000     pseudoNov
196.0000    0    6.000   1.0000          NULL 
202.0000    4    2.000   1.0000     pseudoNov
204.0000    1    2.000   1.0000       realRep
206.0000    2    2.000   1.0000       realNov
208.0000    3    2.000   1.0000     pseudoRep
210.0000    4    2.000   1.0000     pseudoNov
212.0000    1    2.000   1.0000       realRep
214.0000    1    2.000   1.0000       realRep
216.0000    4    2.000   1.0000     pseudoNov
218.0000    2    2.000   1.0000       realNov
220.0000    4    2.000   1.0000     pseudoNov
222.0000    1    2.000   1.0000       realRep
224.0000    2    2.000   1.0000       realNov
226.0000    4    2.000   1.0000     pseudoNov
228.0000    1    2.000   1.0000       realRep
230.0000    4    2.000   1.0000     pseudoNov
232.0000    3    2.000   1.0000     pseudoRep
234.0000    4    2.000   1.0000     pseudoNov
236.0000    3    2.000   1.0000     pseudoRep
238.0000    3    2.000   1.0000     pseudoRep
240.0000    3    2.000   1.0000     pseudoRep
242.0000    1    2.000   1.0000       realRep
244.0000    0    2.000   1.0000          NULL 
246.0000    3    2.000   1.0000     pseudoRep
248.0000    0    2.000   1.0000          NULL 
250.0000    4    2.000   1.0000     pseudoNov
252.0000    4    2.000   1.0000     pseudoNov
254.0000    2    2.000   1.0000       realNov
256.0000    3    2.000   1.0000     pseudoRep
258.0000    0    2.000   1.0000          NULL 
260.0000    3    2.000   1.0000     pseudoRep
262.0000    3    2.000   1.0000     pseudoRep
264.0000    2    2.000   1.0000       realNov
266.0000    0    2.000   1.0000          NULL 
268.0000    2    2.000   1.0000       realNov
270.0000    1    2.000   1.0000       realRep
272.0000    1    2.000   1.0000       realRep
274.0000    1    2.000   1.0000       realRep
276.0000    4    2.000   1.0000     pseudoNov
278.0000    2    2.000   1.0000       realNov
280.0000    4    2.000   1.0000     pseudoNov
282.0000    4    2.000   1.0000     pseudoNov
284.0000    0    2.000   1.0000          NULL 
286.0000    2    2.000   1.0000       realNov
288.0000    0    2.000   1.0000          NULL 
290.0000    3    2.000   1.0000     pseudoRep
292.0000    4    2.000   1.0000     pseudoNov
294.0000    2    2.000   1.0000       realNov
296.0000    1    2.000   1.0000       realRep
298.0000    2    2.000   1.0000       realNov
300.0000    2    2.000   1.0000       realNov
302.0000    0    2.000   1.0000          NULL 
304.0000    2    2.000   1.0000       realNov
306.0000    0    2.000   1.0000          NULL 
308.0000    1    2.000   1.0000       realRep
310.0000    0    2.000   1.0000          NULL 
312.0000    2    2.000   1.0000       realNov
314.0000    2    2.000   1.0000       realNov
316.0000    4    2.000   1.0000     pseudoNov
318.0000    2    2.000   1.0000       realNov
320.0000    0    2.000   1.0000          NULL 
322.0000    4    2.000   1.0000     pseudoNov
324.0000    0    2.000   1.0000          NULL 
326.0000    1    2.000   1.0000       realRep
328.0000    3    2.000   1.0000     pseudoRep
330.0000    2    2.000   1.0000       realNov
332.0000    0    2.000   1.0000          NULL 
334.0000    3    2.000   1.0000     pseudoRep
336.0000    2    2.000   1.0000       realNov
338.0000    0    2.000   1.0000          NULL 
340.0000    4    2.000   1.0000     pseudoNov
342.0000    2    2.000   1.0000       realNov
344.0000    0    2.000   1.0000          NULL 
346.0000    3    2.000   1.0000     pseudoRep
348.0000    1    2.000   1.0000       realRep
350.0000    4    2.000   1.0000     pseudoNov
352.0000    4    2.000   1.0000     pseudoNov
354.0000    3    2.000   1.0000     pseudoRep
356.0000    3    2.000   1.0000     pseudoRep
358.0000    0    4.000   1.0000          NULL 
362.0000    3    2.000   1.0000     pseudoRep
364.0000    2    2.000   1.0000       realNov
366.0000    2    2.000   1.0000       realNov
368.0000    1    2.000   1.0000       realRep
370.0000    1    2.000   1.0000       realRep
372.0000    1    2.000   1.0000       realRep
374.0000    1    2.000   1.0000       realRep
376.0000    0    2.000   1.0000          NULL 
378.0000    1    2.000   1.0000       realRep
380.0000    2    2.000   1.0000       realNov
382.0000    2    2.000   1.0000       realNov
384.0000    2    2.000   1.0000       realNov
386.0000    0    4.000   1.0000          NULL 
390.0000    3    2.000   1.0000     pseudoRep
392.0000    3    2.000   1.0000     pseudoRep
394.0000    0    2.000   1.0000          NULL 
396.0000    4    2.000   1.0000     pseudoNov
398.0000    4    2.000   1.0000     pseudoNov
