  0.0000    3    2.000   1.0000     pseudoRep
  2.0000    3    2.000   1.0000     pseudoRep
  4.0000    2    2.000   1.0000       realNov
  6.0000    3    2.000   1.0000     pseudoRep
  8.0000    1    2.000   1.0000       realRep
 10.0000    2    2.000   1.0000       realNov
 12.0000    1    2.000   1.0000       realRep
 14.0000    2    2.000   1.0000       realNov
 16.0000    1    2.000   1.0000       realRep
 18.0000    3    2.000   1.0000     pseudoRep
 20.0000    0    2.000   1.0000          NULL 
 22.0000    4    2.000   1.0000     pseudoNov
 24.0000    2    2.000   1.0000       realNov
 26.0000    1    2.000   1.0000       realRep
 28.0000    2    2.000   1.0000       realNov
 30.0000    0    2.000   1.0000          NULL 
 32.0000    2    2.000   1.0000       realNov
 34.0000    3    2.000   1.0000     pseudoRep
 36.0000    3    2.000   1.0000     pseudoRep
 38.0000    1    2.000   1.0000       realRep
 40.0000    1    2.000   1.0000       realRep
 42.0000    2    2.000   1.0000       realNov
 44.0000    2    2.000   1.0000       realNov
 46.0000    4    2.000   1.0000     pseudoNov
 48.0000    3    2.000   1.0000     pseudoRep
 50.0000    3    2.000   1.0000     pseudoRep
 52.0000    2    2.000   1.0000       realNov
 54.0000    4    2.000   1.0000     pseudoNov
 56.0000    0    2.000   1.0000          NULL 
 58.0000    1    2.000   1.0000       realRep
 60.0000    1    2.000   1.0000       realRep
 62.0000    2    2.000   1.0000       realNov
 64.0000    1    2.000   1.0000       realRep
 66.0000    2    2.000   1.0000       realNov
 68.0000    4    2.000   1.0000     pseudoNov
 70.0000    3    2.000   1.0000     pseudoRep
 72.0000    4    2.000   1.0000     pseudoNov
 74.0000    0    4.000   1.0000          NULL 
 78.0000    3    2.000   1.0000     pseudoRep
 80.0000    4    2.000   1.0000     pseudoNov
 82.0000    4    2.000   1.0000     pseudoNov
 84.0000    0    2.000   1.0000          NULL 
 86.0000    2    2.000   1.0000       realNov
 88.0000    4    2.000   1.0000     pseudoNov
 90.0000    4    2.000   1.0000     pseudoNov
 92.0000    2    2.000   1.0000       realNov
 94.0000    0    2.000   1.0000          NULL 
 96.0000    2    2.000   1.0000       realNov
 98.0000    3    2.000   1.0000     pseudoRep
100.0000    0    2.000   1.0000          NULL 
102.0000    2    2.000   1.0000       realNov
104.0000    0    2.000   1.0000          NULL 
106.0000    3    2.000   1.0000     pseudoRep
108.0000    1    2.000   1.0000       realRep
110.0000    3    2.000   1.0000     pseudoRep
112.0000    2    2.000   1.0000       realNov
114.0000    2    2.000   1.0000       realNov
116.0000    0    2.000   1.0000          NULL 
118.0000    1    2.000   1.0000       realRep
120.0000    1    2.000   1.0000       realRep
122.0000    2    2.000   1.0000       realNov
124.0000    4    2.000   1.0000     pseudoNov
126.0000    3    2.000   1.0000     pseudoRep
128.0000    2    2.000   1.0000       realNov
130.0000    0    2.000   1.0000          NULL 
132.0000    4    2.000   1.0000     pseudoNov
134.0000    2    2.000   1.0000       realNov
136.0000    0    2.000   1.0000          NULL 
138.0000    4    2.000   1.0000     pseudoNov
140.0000    0    2.000   1.0000          NULL 
142.0000    1    2.000   1.0000       realRep
144.0000    0    2.000   1.0000          NULL 
146.0000    3    2.000   1.0000     pseudoRep
148.0000    3    2.000   1.0000     pseudoRep
150.0000    4    2.000   1.0000     pseudoNov
152.0000    2    2.000   1.0000       realNov
154.0000    4    2.000   1.0000     pseudoNov
156.0000    2    2.000   1.0000       realNov
158.0000    3    2.000   1.0000     pseudoRep
160.0000    3    2.000   1.0000     pseudoRep
162.0000    0    2.000   1.0000          NULL 
164.0000    4    2.000   1.0000     pseudoNov
166.0000    3    2.000   1.0000     pseudoRep
168.0000    0    2.000   1.0000          NULL 
170.0000    2    2.000   1.0000       realNov
172.0000    2    2.000   1.0000       realNov
174.0000    3    2.000   1.0000     pseudoRep
176.0000    3    2.000   1.0000     pseudoRep
178.0000    4    2.000   1.0000     pseudoNov
180.0000    1    2.000   1.0000       realRep
182.0000    4    2.000   1.0000     pseudoNov
184.0000    3    2.000   1.0000     pseudoRep
186.0000    3    2.000   1.0000     pseudoRep
188.0000    1    2.000   1.0000       realRep
190.0000    1    2.000   1.0000       realRep
192.0000    1    2.000   1.0000       realRep
194.0000    4    2.000   1.0000     pseudoNov
196.0000    4    2.000   1.0000     pseudoNov
198.0000    0    2.000   1.0000          NULL 
200.0000    1    2.000   1.0000       realRep
202.0000    1    2.000   1.0000       realRep
204.0000    0    2.000   1.0000          NULL 
206.0000    2    2.000   1.0000       realNov
208.0000    4    2.000   1.0000     pseudoNov
210.0000    3    2.000   1.0000     pseudoRep
212.0000    3    2.000   1.0000     pseudoRep
214.0000    4    2.000   1.0000     pseudoNov
216.0000    3    2.000   1.0000     pseudoRep
218.0000    1    2.000   1.0000       realRep
220.0000    1    2.000   1.0000       realRep
222.0000    1    2.000   1.0000       realRep
224.0000    1    2.000   1.0000       realRep
226.0000    3    2.000   1.0000     pseudoRep
228.0000    0    2.000   1.0000          NULL 
230.0000    4    2.000   1.0000     pseudoNov
232.0000    3    2.000   1.0000     pseudoRep
234.0000    4    2.000   1.0000     pseudoNov
236.0000    0    2.000   1.0000          NULL 
238.0000    3    2.000   1.0000     pseudoRep
240.0000    0    2.000   1.0000          NULL 
242.0000    1    2.000   1.0000       realRep
244.0000    0    2.000   1.0000          NULL 
246.0000    4    2.000   1.0000     pseudoNov
248.0000    0    2.000   1.0000          NULL 
250.0000    1    2.000   1.0000       realRep
252.0000    4    2.000   1.0000     pseudoNov
254.0000    4    2.000   1.0000     pseudoNov
256.0000    0    2.000   1.0000          NULL 
258.0000    4    2.000   1.0000     pseudoNov
260.0000    4    2.000   1.0000     pseudoNov
262.0000    1    2.000   1.0000       realRep
264.0000    1    2.000   1.0000       realRep
266.0000    0    4.000   1.0000          NULL 
270.0000    3    2.000   1.0000     pseudoRep
272.0000    1    2.000   1.0000       realRep
274.0000    2    2.000   1.0000       realNov
276.0000    2    2.000   1.0000       realNov
278.0000    1    2.000   1.0000       realRep
280.0000    0    2.000   1.0000          NULL 
282.0000    3    2.000   1.0000     pseudoRep
284.0000    1    2.000   1.0000       realRep
286.0000    4    2.000   1.0000     pseudoNov
288.0000    1    2.000   1.0000       realRep
290.0000    0    2.000   1.0000          NULL 
292.0000    4    2.000   1.0000     pseudoNov
294.0000    4    2.000   1.0000     pseudoNov
296.0000    2    2.000   1.0000       realNov
298.0000    3    2.000   1.0000     pseudoRep
300.0000    0    2.000   1.0000          NULL 
302.0000    4    2.000   1.0000     pseudoNov
304.0000    2    2.000   1.0000       realNov
306.0000    2    2.000   1.0000       realNov
308.0000    0    2.000   1.0000          NULL 
310.0000    1    2.000   1.0000       realRep
312.0000    3    2.000   1.0000     pseudoRep
314.0000    0    2.000   1.0000          NULL 
316.0000    1    2.000   1.0000       realRep
318.0000    1    2.000   1.0000       realRep
320.0000    0    2.000   1.0000          NULL 
322.0000    3    2.000   1.0000     pseudoRep
324.0000    4    2.000   1.0000     pseudoNov
326.0000    2    2.000   1.0000       realNov
328.0000    4    2.000   1.0000     pseudoNov
330.0000    0    2.000   1.0000          NULL 
332.0000    4    2.000   1.0000     pseudoNov
334.0000    0    4.000   1.0000          NULL 
338.0000    1    2.000   1.0000       realRep
340.0000    2    2.000   1.0000       realNov
342.0000    2    2.000   1.0000       realNov
344.0000    2    2.000   1.0000       realNov
346.0000    3    2.000   1.0000     pseudoRep
348.0000    2    2.000   1.0000       realNov
350.0000    1    2.000   1.0000       realRep
352.0000    0    4.000   1.0000          NULL 
356.0000    4    2.000   1.0000     pseudoNov
358.0000    1    2.000   1.0000       realRep
360.0000    4    2.000   1.0000     pseudoNov
362.0000    1    2.000   1.0000       realRep
364.0000    4    2.000   1.0000     pseudoNov
366.0000    4    2.000   1.0000     pseudoNov
368.0000    1    2.000   1.0000       realRep
370.0000    3    2.000   1.0000     pseudoRep
372.0000    2    2.000   1.0000       realNov
374.0000    1    2.000   1.0000       realRep
376.0000    3    2.000   1.0000     pseudoRep
378.0000    0    2.000   1.0000          NULL 
380.0000    2    2.000   1.0000       realNov
382.0000    2    2.000   1.0000       realNov
384.0000    2    2.000   1.0000       realNov
386.0000    3    2.000   1.0000     pseudoRep
388.0000    3    2.000   1.0000     pseudoRep
390.0000    2    2.000   1.0000       realNov
392.0000    0    2.000   1.0000          NULL 
394.0000    3    2.000   1.0000     pseudoRep
396.0000    0    2.000   1.0000          NULL 
398.0000    4    2.000   1.0000     pseudoNov
