  0.0000    1    2.000   1.0000       realRep
  2.0000    4    2.000   1.0000     pseudoNov
  4.0000    3    2.000   1.0000     pseudoRep
  6.0000    1    2.000   1.0000       realRep
  8.0000    1    2.000   1.0000       realRep
 10.0000    2    2.000   1.0000       realNov
 12.0000    0    2.000   1.0000          NULL 
 14.0000    3    2.000   1.0000     pseudoRep
 16.0000    0    2.000   1.0000          NULL 
 18.0000    2    2.000   1.0000       realNov
 20.0000    0    2.000   1.0000          NULL 
 22.0000    1    2.000   1.0000       realRep
 24.0000    2    2.000   1.0000       realNov
 26.0000    2    2.000   1.0000       realNov
 28.0000    3    2.000   1.0000     pseudoRep
 30.0000    4    2.000   1.0000     pseudoNov
 32.0000    0    2.000   1.0000          NULL 
 34.0000    2    2.000   1.0000       realNov
 36.0000    3    2.000   1.0000     pseudoRep
 38.0000    4    2.000   1.0000     pseudoNov
 40.0000    4    2.000   1.0000     pseudoNov
 42.0000    4    2.000   1.0000     pseudoNov
 44.0000    1    2.000   1.0000       realRep
 46.0000    4    2.000   1.0000     pseudoNov
 48.0000    3    2.000   1.0000     pseudoRep
 50.0000    0    2.000   1.0000          NULL 
 52.0000    1    2.000   1.0000       realRep
 54.0000    1    2.000   1.0000       realRep
 56.0000    4    2.000   1.0000     pseudoNov
 58.0000    2    2.000   1.0000       realNov
 60.0000    1    2.000   1.0000       realRep
 62.0000    1    2.000   1.0000       realRep
 64.0000    1    2.000   1.0000       realRep
 66.0000    4    2.000   1.0000     pseudoNov
 68.0000    1    2.000   1.0000       realRep
 70.0000    2    2.000   1.0000       realNov
 72.0000    4    2.000   1.0000     pseudoNov
 74.0000    0    2.000   1.0000          NULL 
 76.0000    3    2.000   1.0000     pseudoRep
 78.0000    0    4.000   1.0000          NULL 
 82.0000    1    2.000   1.0000       realRep
 84.0000    3    2.000   1.0000     pseudoRep
 86.0000    1    2.000   1.0000       realRep
 88.0000    3    2.000   1.0000     pseudoRep
 90.0000    3    2.000   1.0000     pseudoRep
 92.0000    4    2.000   1.0000     pseudoNov
 94.0000    3    2.000   1.0000     pseudoRep
 96.0000    4    2.000   1.0000     pseudoNov
 98.0000    3    2.000   1.0000     pseudoRep
100.0000    2    2.000   1.0000       realNov
102.0000    3    2.000   1.0000     pseudoRep
104.0000    1    2.000   1.0000       realRep
106.0000    1    2.000   1.0000       realRep
108.0000    0    4.000   1.0000          NULL 
112.0000    2    2.000   1.0000       realNov
114.0000    2    2.000   1.0000       realNov
116.0000    4    2.000   1.0000     pseudoNov
118.0000    0    2.000   1.0000          NULL 
120.0000    1    2.000   1.0000       realRep
122.0000    1    2.000   1.0000       realRep
124.0000    1    2.000   1.0000       realRep
126.0000    2    2.000   1.0000       realNov
128.0000    3    2.000   1.0000     pseudoRep
130.0000    3    2.000   1.0000     pseudoRep
132.0000    0    2.000   1.0000          NULL 
134.0000    1    2.000   1.0000       realRep
136.0000    3    2.000   1.0000     pseudoRep
138.0000    4    2.000   1.0000     pseudoNov
140.0000    4    2.000   1.0000     pseudoNov
142.0000    2    2.000   1.0000       realNov
144.0000    4    2.000   1.0000     pseudoNov
146.0000    4    2.000   1.0000     pseudoNov
148.0000    0    2.000   1.0000          NULL 
150.0000    4    2.000   1.0000     pseudoNov
152.0000    2    2.000   1.0000       realNov
154.0000    3    2.000   1.0000     pseudoRep
156.0000    2    2.000   1.0000       realNov
158.0000    1    2.000   1.0000       realRep
160.0000    0    2.000   1.0000          NULL 
162.0000    4    2.000   1.0000     pseudoNov
164.0000    1    2.000   1.0000       realRep
166.0000    4    2.000   1.0000     pseudoNov
168.0000    2    2.000   1.0000       realNov
170.0000    3    2.000   1.0000     pseudoRep
172.0000    0    2.000   1.0000          NULL 
174.0000    3    2.000   1.0000     pseudoRep
176.0000    4    2.000   1.0000     pseudoNov
178.0000    2    2.000   1.0000       realNov
180.0000    0    2.000   1.0000          NULL 
182.0000    4    2.000   1.0000     pseudoNov
184.0000    1    2.000   1.0000       realRep
186.0000    1    2.000   1.0000       realRep
188.0000    1    2.000   1.0000       realRep
190.0000    3    2.000   1.0000     pseudoRep
192.0000    0    2.000   1.0000          NULL 
194.0000    3    2.000   1.0000     pseudoRep
196.0000    3    2.000   1.0000     pseudoRep
198.0000    2    2.000   1.0000       realNov
200.0000    0    2.000   1.0000          NULL 
202.0000    3    2.000   1.0000     pseudoRep
204.0000    2    2.000   1.0000       realNov
206.0000    1    2.000   1.0000       realRep
208.0000    0    2.000   1.0000          NULL 
210.0000    4    2.000   1.0000     pseudoNov
212.0000    0    2.000   1.0000          NULL 
214.0000    2    2.000   1.0000       realNov
216.0000    0    2.000   1.0000          NULL 
218.0000    2    2.000   1.0000       realNov
220.0000    3    2.000   1.0000     pseudoRep
222.0000    3    2.000   1.0000     pseudoRep
224.0000    3    2.000   1.0000     pseudoRep
226.0000    2    2.000   1.0000       realNov
228.0000    1    2.000   1.0000       realRep
230.0000    4    2.000   1.0000     pseudoNov
232.0000    4    2.000   1.0000     pseudoNov
234.0000    2    2.000   1.0000       realNov
236.0000    3    2.000   1.0000     pseudoRep
238.0000    1    2.000   1.0000       realRep
240.0000    2    2.000   1.0000       realNov
242.0000    4    2.000   1.0000     pseudoNov
244.0000    0    4.000   1.0000          NULL 
248.0000    2    2.000   1.0000       realNov
250.0000    3    2.000   1.0000     pseudoRep
252.0000    3    2.000   1.0000     pseudoRep
254.0000    0    2.000   1.0000          NULL 
256.0000    4    2.000   1.0000     pseudoNov
258.0000    2    2.000   1.0000       realNov
260.0000    1    2.000   1.0000       realRep
262.0000    1    2.000   1.0000       realRep
264.0000    2    2.000   1.0000       realNov
266.0000    2    2.000   1.0000       realNov
268.0000    4    2.000   1.0000     pseudoNov
270.0000    4    2.000   1.0000     pseudoNov
272.0000    3    2.000   1.0000     pseudoRep
274.0000    1    2.000   1.0000       realRep
276.0000    4    2.000   1.0000     pseudoNov
278.0000    1    2.000   1.0000       realRep
280.0000    0    2.000   1.0000          NULL 
282.0000    4    2.000   1.0000     pseudoNov
284.0000    4    2.000   1.0000     pseudoNov
286.0000    4    2.000   1.0000     pseudoNov
288.0000    3    2.000   1.0000     pseudoRep
290.0000    3    2.000   1.0000     pseudoRep
292.0000    3    2.000   1.0000     pseudoRep
294.0000    1    2.000   1.0000       realRep
296.0000    1    2.000   1.0000       realRep
298.0000    1    2.000   1.0000       realRep
300.0000    0    2.000   1.0000          NULL 
302.0000    1    2.000   1.0000       realRep
304.0000    0    2.000   1.0000          NULL 
306.0000    2    2.000   1.0000       realNov
308.0000    0    2.000   1.0000          NULL 
310.0000    3    2.000   1.0000     pseudoRep
312.0000    1    2.000   1.0000       realRep
314.0000    2    2.000   1.0000       realNov
316.0000    3    2.000   1.0000     pseudoRep
318.0000    4    2.000   1.0000     pseudoNov
320.0000    0    4.000   1.0000          NULL 
324.0000    1    2.000   1.0000       realRep
326.0000    0    2.000   1.0000          NULL 
328.0000    3    2.000   1.0000     pseudoRep
330.0000    4    2.000   1.0000     pseudoNov
332.0000    2    2.000   1.0000       realNov
334.0000    0    4.000   1.0000          NULL 
338.0000    4    2.000   1.0000     pseudoNov
340.0000    3    2.000   1.0000     pseudoRep
342.0000    2    2.000   1.0000       realNov
344.0000    3    2.000   1.0000     pseudoRep
346.0000    2    2.000   1.0000       realNov
348.0000    1    2.000   1.0000       realRep
350.0000    2    2.000   1.0000       realNov
352.0000    0    2.000   1.0000          NULL 
354.0000    3    2.000   1.0000     pseudoRep
356.0000    1    2.000   1.0000       realRep
358.0000    2    2.000   1.0000       realNov
360.0000    0    2.000   1.0000          NULL 
362.0000    2    2.000   1.0000       realNov
364.0000    0    2.000   1.0000          NULL 
366.0000    3    2.000   1.0000     pseudoRep
368.0000    2    2.000   1.0000       realNov
370.0000    4    2.000   1.0000     pseudoNov
372.0000    1    2.000   1.0000       realRep
374.0000    0    4.000   1.0000          NULL 
378.0000    2    2.000   1.0000       realNov
380.0000    0    2.000   1.0000          NULL 
382.0000    4    2.000   1.0000     pseudoNov
384.0000    4    2.000   1.0000     pseudoNov
386.0000    0    2.000   1.0000          NULL 
388.0000    2    2.000   1.0000       realNov
390.0000    3    2.000   1.0000     pseudoRep
392.0000    2    2.000   1.0000       realNov
394.0000    4    2.000   1.0000     pseudoNov
396.0000    4    2.000   1.0000     pseudoNov
398.0000    2    2.000   1.0000       realNov
