  0.0000    1    2.000   1.0000       realRep
  2.0000    4    2.000   1.0000     pseudoNov
  4.0000    2    2.000   1.0000       realNov
  6.0000    0    2.000   1.0000          NULL 
  8.0000    2    2.000   1.0000       realNov
 10.0000    2    2.000   1.0000       realNov
 12.0000    4    2.000   1.0000     pseudoNov
 14.0000    4    2.000   1.0000     pseudoNov
 16.0000    3    2.000   1.0000     pseudoRep
 18.0000    4    2.000   1.0000     pseudoNov
 20.0000    1    2.000   1.0000       realRep
 22.0000    1    2.000   1.0000       realRep
 24.0000    1    2.000   1.0000       realRep
 26.0000    1    2.000   1.0000       realRep
 28.0000    4    2.000   1.0000     pseudoNov
 30.0000    1    2.000   1.0000       realRep
 32.0000    0    2.000   1.0000          NULL 
 34.0000    2    2.000   1.0000       realNov
 36.0000    3    2.000   1.0000     pseudoRep
 38.0000    2    2.000   1.0000       realNov
 40.0000    3    2.000   1.0000     pseudoRep
 42.0000    1    2.000   1.0000       realRep
 44.0000    0    2.000   1.0000          NULL 
 46.0000    3    2.000   1.0000     pseudoRep
 48.0000    2    2.000   1.0000       realNov
 50.0000    0    4.000   1.0000          NULL 
 54.0000    1    2.000   1.0000       realRep
 56.0000    1    2.000   1.0000       realRep
 58.0000    2    2.000   1.0000       realNov
 60.0000    4    2.000   1.0000     pseudoNov
 62.0000    0    2.000   1.0000          NULL 
 64.0000    2    2.000   1.0000       realNov
 66.0000    0    2.000   1.0000          NULL 
 68.0000    2    2.000   1.0000       realNov
 70.0000    2    2.000   1.0000       realNov
 72.0000    4    2.000   1.0000     pseudoNov
 74.0000    3    2.000   1.0000     pseudoRep
 76.0000    4    2.000   1.0000     pseudoNov
 78.0000    3    2.000   1.0000     pseudoRep
 80.0000    0    2.000   1.0000          NULL 
 82.0000    1    2.000   1.0000       realRep
 84.0000    3    2.000   1.0000     pseudoRep
 86.0000    3    2.000   1.0000     pseudoRep
 88.0000    2    2.000   1.0000       realNov
 90.0000    2    2.000   1.0000       realNov
 92.0000    1    2.000   1.0000       realRep
 94.0000    1    2.000   1.0000       realRep
 96.0000    4    2.000   1.0000     pseudoNov
 98.0000    4    2.000   1.0000     pseudoNov
100.0000    3    2.000   1.0000     pseudoRep
102.0000    3    2.000   1.0000     pseudoRep
104.0000    2    2.000   1.0000       realNov
106.0000    1    2.000   1.0000       realRep
108.0000    4    2.000   1.0000     pseudoNov
110.0000    0    2.000   1.0000          NULL 
112.0000    2    2.000   1.0000       realNov
114.0000    4    2.000   1.0000     pseudoNov
116.0000    2    2.000   1.0000       realNov
118.0000    1    2.000   1.0000       realRep
120.0000    1    2.000   1.0000       realRep
122.0000    0    6.000   1.0000          NULL 
128.0000    3    2.000   1.0000     pseudoRep
130.0000    3    2.000   1.0000     pseudoRep
132.0000    3    2.000   1.0000     pseudoRep
134.0000    0    2.000   1.0000          NULL 
136.0000    1    2.000   1.0000       realRep
138.0000    0    2.000   1.0000          NULL 
140.0000    1    2.000   1.0000       realRep
142.0000    2    2.000   1.0000       realNov
144.0000    4    2.000   1.0000     pseudoNov
146.0000    2    2.000   1.0000       realNov
148.0000    2    2.000   1.0000       realNov
150.0000    1    2.000   1.0000       realRep
152.0000    2    2.000   1.0000       realNov
154.0000    3    2.000   1.0000     pseudoRep
156.0000    1    2.000   1.0000       realRep
158.0000    3    2.000   1.0000     pseudoRep
160.0000    3    2.000   1.0000     pseudoRep
162.0000    3    2.000   1.0000     pseudoRep
164.0000    2    2.000   1.0000       realNov
166.0000    2    2.000   1.0000       realNov
168.0000    4    2.000   1.0000     pseudoNov
170.0000    4    2.000   1.0000     pseudoNov
172.0000    2    2.000   1.0000       realNov
174.0000    1    2.000   1.0000       realRep
176.0000    2    2.000   1.0000       realNov
178.0000    0    4.000   1.0000          NULL 
182.0000    2    2.000   1.0000       realNov
184.0000    3    2.000   1.0000     pseudoRep
186.0000    1    2.000   1.0000       realRep
188.0000    2    2.000   1.0000       realNov
190.0000    3    2.000   1.0000     pseudoRep
192.0000    4    2.000   1.0000     pseudoNov
194.0000    1    2.000   1.0000       realRep
196.0000    0    2.000   1.0000          NULL 
198.0000    3    2.000   1.0000     pseudoRep
200.0000    3    2.000   1.0000     pseudoRep
202.0000    3    2.000   1.0000     pseudoRep
204.0000    0    2.000   1.0000          NULL 
206.0000    3    2.000   1.0000     pseudoRep
208.0000    0    2.000   1.0000          NULL 
210.0000    4    2.000   1.0000     pseudoNov
212.0000    3    2.000   1.0000     pseudoRep
214.0000    0    2.000   1.0000          NULL 
216.0000    4    2.000   1.0000     pseudoNov
218.0000    1    2.000   1.0000       realRep
220.0000    4    2.000   1.0000     pseudoNov
222.0000    4    2.000   1.0000     pseudoNov
224.0000    2    2.000   1.0000       realNov
226.0000    2    2.000   1.0000       realNov
228.0000    3    2.000   1.0000     pseudoRep
230.0000    0    2.000   1.0000          NULL 
232.0000    4    2.000   1.0000     pseudoNov
234.0000    3    2.000   1.0000     pseudoRep
236.0000    2    2.000   1.0000       realNov
238.0000    4    2.000   1.0000     pseudoNov
240.0000    1    2.000   1.0000       realRep
242.0000    4    2.000   1.0000     pseudoNov
244.0000    0    2.000   1.0000          NULL 
246.0000    1    2.000   1.0000       realRep
248.0000    4    2.000   1.0000     pseudoNov
250.0000    2    2.000   1.0000       realNov
252.0000    1    2.000   1.0000       realRep
254.0000    0    2.000   1.0000          NULL 
256.0000    1    2.000   1.0000       realRep
258.0000    0    6.000   1.0000          NULL 
264.0000    1    2.000   1.0000       realRep
266.0000    4    2.000   1.0000     pseudoNov
268.0000    4    2.000   1.0000     pseudoNov
270.0000    3    2.000   1.0000     pseudoRep
272.0000    0    2.000   1.0000          NULL 
274.0000    3    2.000   1.0000     pseudoRep
276.0000    1    2.000   1.0000       realRep
278.0000    3    2.000   1.0000     pseudoRep
280.0000    1    2.000   1.0000       realRep
282.0000    0    2.000   1.0000          NULL 
284.0000    3    2.000   1.0000     pseudoRep
286.0000    4    2.000   1.0000     pseudoNov
288.0000    1    2.000   1.0000       realRep
290.0000    2    2.000   1.0000       realNov
292.0000    4    2.000   1.0000     pseudoNov
294.0000    3    2.000   1.0000     pseudoRep
296.0000    0    2.000   1.0000          NULL 
298.0000    3    2.000   1.0000     pseudoRep
300.0000    3    2.000   1.0000     pseudoRep
302.0000    1    2.000   1.0000       realRep
304.0000    1    2.000   1.0000       realRep
306.0000    3    2.000   1.0000     pseudoRep
308.0000    1    2.000   1.0000       realRep
310.0000    4    2.000   1.0000     pseudoNov
312.0000    4    2.000   1.0000     pseudoNov
314.0000    0    2.000   1.0000          NULL 
316.0000    4    2.000   1.0000     pseudoNov
318.0000    0    4.000   1.0000          NULL 
322.0000    2    2.000   1.0000       realNov
324.0000    1    2.000   1.0000       realRep
326.0000    2    2.000   1.0000       realNov
328.0000    3    2.000   1.0000     pseudoRep
330.0000    1    2.000   1.0000       realRep
332.0000    3    2.000   1.0000     pseudoRep
334.0000    0    2.000   1.0000          NULL 
336.0000    4    2.000   1.0000     pseudoNov
338.0000    4    2.000   1.0000     pseudoNov
340.0000    2    2.000   1.0000       realNov
342.0000    0    2.000   1.0000          NULL 
344.0000    3    2.000   1.0000     pseudoRep
346.0000    4    2.000   1.0000     pseudoNov
348.0000    0    2.000   1.0000          NULL 
350.0000    2    2.000   1.0000       realNov
352.0000    0    2.000   1.0000          NULL 
354.0000    3    2.000   1.0000     pseudoRep
356.0000    1    2.000   1.0000       realRep
358.0000    4    2.000   1.0000     pseudoNov
360.0000    1    2.000   1.0000       realRep
362.0000    0    2.000   1.0000          NULL 
364.0000    4    2.000   1.0000     pseudoNov
366.0000    4    2.000   1.0000     pseudoNov
368.0000    0    2.000   1.0000          NULL 
370.0000    4    2.000   1.0000     pseudoNov
372.0000    1    2.000   1.0000       realRep
374.0000    2    2.000   1.0000       realNov
376.0000    2    2.000   1.0000       realNov
378.0000    2    2.000   1.0000       realNov
380.0000    4    2.000   1.0000     pseudoNov
382.0000    2    2.000   1.0000       realNov
384.0000    3    2.000   1.0000     pseudoRep
386.0000    0    4.000   1.0000          NULL 
390.0000    1    2.000   1.0000       realRep
392.0000    2    2.000   1.0000       realNov
394.0000    3    2.000   1.0000     pseudoRep
396.0000    2    2.000   1.0000       realNov
398.0000    4    2.000   1.0000     pseudoNov
