  0.0000    4    2.000   1.0000     pseudoNov
  2.0000    3    2.000   1.0000     pseudoRep
  4.0000    0    2.000   1.0000          NULL 
  6.0000    1    2.000   1.0000       realRep
  8.0000    3    2.000   1.0000     pseudoRep
 10.0000    2    2.000   1.0000       realNov
 12.0000    1    2.000   1.0000       realRep
 14.0000    4    2.000   1.0000     pseudoNov
 16.0000    0    2.000   1.0000          NULL 
 18.0000    1    2.000   1.0000       realRep
 20.0000    2    2.000   1.0000       realNov
 22.0000    1    2.000   1.0000       realRep
 24.0000    2    2.000   1.0000       realNov
 26.0000    1    2.000   1.0000       realRep
 28.0000    2    2.000   1.0000       realNov
 30.0000    2    2.000   1.0000       realNov
 32.0000    1    2.000   1.0000       realRep
 34.0000    3    2.000   1.0000     pseudoRep
 36.0000    0    2.000   1.0000          NULL 
 38.0000    2    2.000   1.0000       realNov
 40.0000    4    2.000   1.0000     pseudoNov
 42.0000    2    2.000   1.0000       realNov
 44.0000    2    2.000   1.0000       realNov
 46.0000    3    2.000   1.0000     pseudoRep
 48.0000    3    2.000   1.0000     pseudoRep
 50.0000    0    4.000   1.0000          NULL 
 54.0000    3    2.000   1.0000     pseudoRep
 56.0000    1    2.000   1.0000       realRep
 58.0000    3    2.000   1.0000     pseudoRep
 60.0000    3    2.000   1.0000     pseudoRep
 62.0000    2    2.000   1.0000       realNov
 64.0000    1    2.000   1.0000       realRep
 66.0000    0    2.000   1.0000          NULL 
 68.0000    2    2.000   1.0000       realNov
 70.0000    4    2.000   1.0000     pseudoNov
 72.0000    4    2.000   1.0000     pseudoNov
 74.0000    2    2.000   1.0000       realNov
 76.0000    0    4.000   1.0000          NULL 
 80.0000    1    2.000   1.0000       realRep
 82.0000    1    2.000   1.0000       realRep
 84.0000    1    2.000   1.0000       realRep
 86.0000    1    2.000   1.0000       realRep
 88.0000    2    2.000   1.0000       realNov
 90.0000    0    2.000   1.0000          NULL 
 92.0000    1    2.000   1.0000       realRep
 94.0000    4    2.000   1.0000     pseudoNov
 96.0000    3    2.000   1.0000     pseudoRep
 98.0000    2    2.000   1.0000       realNov
100.0000    1    2.000   1.0000       realRep
102.0000    3    2.000   1.0000     pseudoRep
104.0000    3    2.000   1.0000     pseudoRep
106.0000    1    2.000   1.0000       realRep
108.0000    0    2.000   1.0000          NULL 
110.0000    1    2.000   1.0000       realRep
112.0000    3    2.000   1.0000     pseudoRep
114.0000    2    2.000   1.0000       realNov
116.0000    1    2.000   1.0000       realRep
118.0000    0    2.000   1.0000          NULL 
120.0000    3    2.000   1.0000     pseudoRep
122.0000    2    2.000   1.0000       realNov
124.0000    2    2.000   1.0000       realNov
126.0000    2    2.000   1.0000       realNov
128.0000    4    2.000   1.0000     pseudoNov
130.0000    0    2.000   1.0000          NULL 
132.0000    1    2.000   1.0000       realRep
134.0000    4    2.000   1.0000     pseudoNov
136.0000    0    2.000   1.0000          NULL 
138.0000    3    2.000   1.0000     pseudoRep
140.0000    2    2.000   1.0000       realNov
142.0000    3    2.000   1.0000     pseudoRep
144.0000    1    2.000   1.0000       realRep
146.0000    2    2.000   1.0000       realNov
148.0000    4    2.000   1.0000     pseudoNov
150.0000    1    2.000   1.0000       realRep
152.0000    1    2.000   1.0000       realRep
154.0000    4    2.000   1.0000     pseudoNov
156.0000    3    2.000   1.0000     pseudoRep
158.0000    3    2.000   1.0000     pseudoRep
160.0000    0    2.000   1.0000          NULL 
162.0000    2    2.000   1.0000       realNov
164.0000    2    2.000   1.0000       realNov
166.0000    3    2.000   1.0000     pseudoRep
168.0000    3    2.000   1.0000     pseudoRep
170.0000    0    2.000   1.0000          NULL 
172.0000    4    2.000   1.0000     pseudoNov
174.0000    4    2.000   1.0000     pseudoNov
176.0000    2    2.000   1.0000       realNov
178.0000    0    2.000   1.0000          NULL 
180.0000    1    2.000   1.0000       realRep
182.0000    0    4.000   1.0000          NULL 
186.0000    3    2.000   1.0000     pseudoRep
188.0000    1    2.000   1.0000       realRep
190.0000    1    2.000   1.0000       realRep
192.0000    2    2.000   1.0000       realNov
194.0000    4    2.000   1.0000     pseudoNov
196.0000    0    2.000   1.0000          NULL 
198.0000    2    2.000   1.0000       realNov
200.0000    4    2.000   1.0000     pseudoNov
202.0000    0    2.000   1.0000          NULL 
204.0000    3    2.000   1.0000     pseudoRep
206.0000    3    2.000   1.0000     pseudoRep
208.0000    1    2.000   1.0000       realRep
210.0000    1    2.000   1.0000       realRep
212.0000    2    2.000   1.0000       realNov
214.0000    3    2.000   1.0000     pseudoRep
216.0000    1    2.000   1.0000       realRep
218.0000    3    2.000   1.0000     pseudoRep
220.0000    4    2.000   1.0000     pseudoNov
222.0000    1    2.000   1.0000       realRep
224.0000    0    2.000   1.0000          NULL 
226.0000    1    2.000   1.0000       realRep
228.0000    3    2.000   1.0000     pseudoRep
230.0000    0    2.000   1.0000          NULL 
232.0000    4    2.000   1.0000     pseudoNov
234.0000    2    2.000   1.0000       realNov
236.0000    0    4.000   1.0000          NULL 
240.0000    4    2.000   1.0000     pseudoNov
242.0000    3    2.000   1.0000     pseudoRep
244.0000    3    2.000   1.0000     pseudoRep
246.0000    4    2.000   1.0000     pseudoNov
248.0000    1    2.000   1.0000       realRep
250.0000    4    2.000   1.0000     pseudoNov
252.0000    2    2.000   1.0000       realNov
254.0000    0    2.000   1.0000          NULL 
256.0000    4    2.000   1.0000     pseudoNov
258.0000    1    2.000   1.0000       realRep
260.0000    4    2.000   1.0000     pseudoNov
262.0000    0    2.000   1.0000          NULL 
264.0000    2    2.000   1.0000       realNov
266.0000    4    2.000   1.0000     pseudoNov
268.0000    1    2.000   1.0000       realRep
270.0000    0    2.000   1.0000          NULL 
272.0000    3    2.000   1.0000     pseudoRep
274.0000    0    2.000   1.0000          NULL 
276.0000    3    2.000   1.0000     pseudoRep
278.0000    4    2.000   1.0000     pseudoNov
280.0000    2    2.000   1.0000       realNov
282.0000    0    2.000   1.0000          NULL 
284.0000    2    2.000   1.0000       realNov
286.0000    1    2.000   1.0000       realRep
288.0000    3    2.000   1.0000     pseudoRep
290.0000    0    4.000   1.0000          NULL 
294.0000    4    2.000   1.0000     pseudoNov
296.0000    3    2.000   1.0000     pseudoRep
298.0000    4    2.000   1.0000     pseudoNov
300.0000    0    2.000   1.0000          NULL 
302.0000    2    2.000   1.0000       realNov
304.0000    2    2.000   1.0000       realNov
306.0000    4    2.000   1.0000     pseudoNov
308.0000    4    2.000   1.0000     pseudoNov
310.0000    3    2.000   1.0000     pseudoRep
312.0000    1    2.000   1.0000       realRep
314.0000    2    2.000   1.0000       realNov
316.0000    3    2.000   1.0000     pseudoRep
318.0000    0    2.000   1.0000          NULL 
320.0000    3    2.000   1.0000     pseudoRep
322.0000    0    2.000   1.0000          NULL 
324.0000    4    2.000   1.0000     pseudoNov
326.0000    4    2.000   1.0000     pseudoNov
328.0000    4    2.000   1.0000     pseudoNov
330.0000    2    2.000   1.0000       realNov
332.0000    0    2.000   1.0000          NULL 
334.0000    1    2.000   1.0000       realRep
336.0000    4    2.000   1.0000     pseudoNov
338.0000    2    2.000   1.0000       realNov
340.0000    4    2.000   1.0000     pseudoNov
342.0000    4    2.000   1.0000     pseudoNov
344.0000    3    2.000   1.0000     pseudoRep
346.0000    4    2.000   1.0000     pseudoNov
348.0000    4    2.000   1.0000     pseudoNov
350.0000    0    2.000   1.0000          NULL 
352.0000    3    2.000   1.0000     pseudoRep
354.0000    3    2.000   1.0000     pseudoRep
356.0000    4    2.000   1.0000     pseudoNov
358.0000    1    2.000   1.0000       realRep
360.0000    0    2.000   1.0000          NULL 
362.0000    2    2.000   1.0000       realNov
364.0000    1    2.000   1.0000       realRep
366.0000    0    2.000   1.0000          NULL 
368.0000    1    2.000   1.0000       realRep
370.0000    0    2.000   1.0000          NULL 
372.0000    1    2.000   1.0000       realRep
374.0000    2    2.000   1.0000       realNov
376.0000    4    2.000   1.0000     pseudoNov
378.0000    4    2.000   1.0000     pseudoNov
380.0000    3    2.000   1.0000     pseudoRep
382.0000    2    2.000   1.0000       realNov
384.0000    4    2.000   1.0000     pseudoNov
386.0000    3    2.000   1.0000     pseudoRep
388.0000    4    2.000   1.0000     pseudoNov
390.0000    2    2.000   1.0000       realNov
392.0000    1    2.000   1.0000       realRep
394.0000    0    2.000   1.0000          NULL 
396.0000    2    2.000   1.0000       realNov
398.0000    3    2.000   1.0000     pseudoRep
