  0.0000    4    2.000   1.0000     pseudoNov
  2.0000    1    2.000   1.0000       realRep
  4.0000    2    2.000   1.0000       realNov
  6.0000    2    2.000   1.0000       realNov
  8.0000    4    2.000   1.0000     pseudoNov
 10.0000    1    2.000   1.0000       realRep
 12.0000    0    2.000   1.0000          NULL 
 14.0000    3    2.000   1.0000     pseudoRep
 16.0000    3    2.000   1.0000     pseudoRep
 18.0000    1    2.000   1.0000       realRep
 20.0000    4    2.000   1.0000     pseudoNov
 22.0000    4    2.000   1.0000     pseudoNov
 24.0000    2    2.000   1.0000       realNov
 26.0000    4    2.000   1.0000     pseudoNov
 28.0000    1    2.000   1.0000       realRep
 30.0000    0    2.000   1.0000          NULL 
 32.0000    1    2.000   1.0000       realRep
 34.0000    2    2.000   1.0000       realNov
 36.0000    1    2.000   1.0000       realRep
 38.0000    2    2.000   1.0000       realNov
 40.0000    4    2.000   1.0000     pseudoNov
 42.0000    0    2.000   1.0000          NULL 
 44.0000    4    2.000   1.0000     pseudoNov
 46.0000    1    2.000   1.0000       realRep
 48.0000    3    2.000   1.0000     pseudoRep
 50.0000    4    2.000   1.0000     pseudoNov
 52.0000    0    2.000   1.0000          NULL 
 54.0000    1    2.000   1.0000       realRep
 56.0000    1    2.000   1.0000       realRep
 58.0000    1    2.000   1.0000       realRep
 60.0000    3    2.000   1.0000     pseudoRep
 62.0000    4    2.000   1.0000     pseudoNov
 64.0000    1    2.000   1.0000       realRep
 66.0000    3    2.000   1.0000     pseudoRep
 68.0000    2    2.000   1.0000       realNov
 70.0000    1    2.000   1.0000       realRep
 72.0000    0    4.000   1.0000          NULL 
 76.0000    1    2.000   1.0000       realRep
 78.0000    1    2.000   1.0000       realRep
 80.0000    2    2.000   1.0000       realNov
 82.0000    3    2.000   1.0000     pseudoRep
 84.0000    2    2.000   1.0000       realNov
 86.0000    2    2.000   1.0000       realNov
 88.0000    0    2.000   1.0000          NULL 
 90.0000    4    2.000   1.0000     pseudoNov
 92.0000    4    2.000   1.0000     pseudoNov
 94.0000    4    2.000   1.0000     pseudoNov
 96.0000    1    2.000   1.0000       realRep
 98.0000    1    2.000   1.0000       realRep
100.0000    1    2.000   1.0000       realRep
102.0000    2    2.000   1.0000       realNov
104.0000    3    2.000   1.0000     pseudoRep
106.0000    1    2.000   1.0000       realRep
108.0000    2    2.000   1.0000       realNov
110.0000    4    2.000   1.0000     pseudoNov
112.0000    4    2.000   1.0000     pseudoNov
114.0000    0    4.000   1.0000          NULL 
118.0000    4    2.000   1.0000     pseudoNov
120.0000    0    2.000   1.0000          NULL 
122.0000    3    2.000   1.0000     pseudoRep
124.0000    3    2.000   1.0000     pseudoRep
126.0000    4    2.000   1.0000     pseudoNov
128.0000    0    2.000   1.0000          NULL 
130.0000    3    2.000   1.0000     pseudoRep
132.0000    3    2.000   1.0000     pseudoRep
134.0000    0    2.000   1.0000          NULL 
136.0000    4    2.000   1.0000     pseudoNov
138.0000    3    2.000   1.0000     pseudoRep
140.0000    0    2.000   1.0000          NULL 
142.0000    2    2.000   1.0000       realNov
144.0000    1    2.000   1.0000       realRep
146.0000    3    2.000   1.0000     pseudoRep
148.0000    2    2.000   1.0000       realNov
150.0000    3    2.000   1.0000     pseudoRep
152.0000    4    2.000   1.0000     pseudoNov
154.0000    2    2.000   1.0000       realNov
156.0000    1    2.000   1.0000       realRep
158.0000    1    2.000   1.0000       realRep
160.0000    0    4.000   1.0000          NULL 
164.0000    3    2.000   1.0000     pseudoRep
166.0000    3    2.000   1.0000     pseudoRep
168.0000    3    2.000   1.0000     pseudoRep
170.0000    2    2.000   1.0000       realNov
172.0000    2    2.000   1.0000       realNov
174.0000    1    2.000   1.0000       realRep
176.0000    1    2.000   1.0000       realRep
178.0000    3    2.000   1.0000     pseudoRep
180.0000    3    2.000   1.0000     pseudoRep
182.0000    3    2.000   1.0000     pseudoRep
184.0000    4    2.000   1.0000     pseudoNov
186.0000    1    2.000   1.0000       realRep
188.0000    0    2.000   1.0000          NULL 
190.0000    1    2.000   1.0000       realRep
192.0000    3    2.000   1.0000     pseudoRep
194.0000    4    2.000   1.0000     pseudoNov
196.0000    0    4.000   1.0000          NULL 
200.0000    4    2.000   1.0000     pseudoNov
202.0000    3    2.000   1.0000     pseudoRep
204.0000    2    2.000   1.0000       realNov
206.0000    2    2.000   1.0000       realNov
208.0000    2    2.000   1.0000       realNov
210.0000    3    2.000   1.0000     pseudoRep
212.0000    2    2.000   1.0000       realNov
214.0000    0    2.000   1.0000          NULL 
216.0000    2    2.000   1.0000       realNov
218.0000    4    2.000   1.0000     pseudoNov
220.0000    4    2.000   1.0000     pseudoNov
222.0000    4    2.000   1.0000     pseudoNov
224.0000    2    2.000   1.0000       realNov
226.0000    4    2.000   1.0000     pseudoNov
228.0000    4    2.000   1.0000     pseudoNov
230.0000    4    2.000   1.0000     pseudoNov
232.0000    3    2.000   1.0000     pseudoRep
234.0000    0    2.000   1.0000          NULL 
236.0000    2    2.000   1.0000       realNov
238.0000    4    2.000   1.0000     pseudoNov
240.0000    4    2.000   1.0000     pseudoNov
242.0000    2    2.000   1.0000       realNov
244.0000    0    2.000   1.0000          NULL 
246.0000    2    2.000   1.0000       realNov
248.0000    1    2.000   1.0000       realRep
250.0000    3    2.000   1.0000     pseudoRep
252.0000    0    4.000   1.0000          NULL 
256.0000    1    2.000   1.0000       realRep
258.0000    0    2.000   1.0000          NULL 
260.0000    1    2.000   1.0000       realRep
262.0000    4    2.000   1.0000     pseudoNov
264.0000    3    2.000   1.0000     pseudoRep
266.0000    1    2.000   1.0000       realRep
268.0000    2    2.000   1.0000       realNov
270.0000    0    4.000   1.0000          NULL 
274.0000    2    2.000   1.0000       realNov
276.0000    2    2.000   1.0000       realNov
278.0000    3    2.000   1.0000     pseudoRep
280.0000    2    2.000   1.0000       realNov
282.0000    2    2.000   1.0000       realNov
284.0000    0    2.000   1.0000          NULL 
286.0000    2    2.000   1.0000       realNov
288.0000    2    2.000   1.0000       realNov
290.0000    1    2.000   1.0000       realRep
292.0000    4    2.000   1.0000     pseudoNov
294.0000    0    2.000   1.0000          NULL 
296.0000    3    2.000   1.0000     pseudoRep
298.0000    3    2.000   1.0000     pseudoRep
300.0000    1    2.000   1.0000       realRep
302.0000    0    2.000   1.0000          NULL 
304.0000    2    2.000   1.0000       realNov
306.0000    2    2.000   1.0000       realNov
308.0000    0    2.000   1.0000          NULL 
310.0000    3    2.000   1.0000     pseudoRep
312.0000    4    2.000   1.0000     pseudoNov
314.0000    1    2.000   1.0000       realRep
316.0000    3    2.000   1.0000     pseudoRep
318.0000    0    2.000   1.0000          NULL 
320.0000    2    2.000   1.0000       realNov
322.0000    3    2.000   1.0000     pseudoRep
324.0000    4    2.000   1.0000     pseudoNov
326.0000    4    2.000   1.0000     pseudoNov
328.0000    0    4.000   1.0000          NULL 
332.0000    4    2.000   1.0000     pseudoNov
334.0000    2    2.000   1.0000       realNov
336.0000    1    2.000   1.0000       realRep
338.0000    1    2.000   1.0000       realRep
340.0000    1    2.000   1.0000       realRep
342.0000    0    2.000   1.0000          NULL 
344.0000    2    2.000   1.0000       realNov
346.0000    0    2.000   1.0000          NULL 
348.0000    3    2.000   1.0000     pseudoRep
350.0000    0    2.000   1.0000          NULL 
352.0000    2    2.000   1.0000       realNov
354.0000    1    2.000   1.0000       realRep
356.0000    4    2.000   1.0000     pseudoNov
358.0000    3    2.000   1.0000     pseudoRep
360.0000    0    2.000   1.0000          NULL 
362.0000    3    2.000   1.0000     pseudoRep
364.0000    2    2.000   1.0000       realNov
366.0000    4    2.000   1.0000     pseudoNov
368.0000    3    2.000   1.0000     pseudoRep
370.0000    1    2.000   1.0000       realRep
372.0000    0    2.000   1.0000          NULL 
374.0000    1    2.000   1.0000       realRep
376.0000    2    2.000   1.0000       realNov
378.0000    3    2.000   1.0000     pseudoRep
380.0000    4    2.000   1.0000     pseudoNov
382.0000    3    2.000   1.0000     pseudoRep
384.0000    4    2.000   1.0000     pseudoNov
386.0000    0    2.000   1.0000          NULL 
388.0000    1    2.000   1.0000       realRep
390.0000    3    2.000   1.0000     pseudoRep
392.0000    3    2.000   1.0000     pseudoRep
394.0000    1    2.000   1.0000       realRep
396.0000    4    2.000   1.0000     pseudoNov
398.0000    0    2.000   1.0000          NULL 
