  0.0000    3    2.000   1.0000     pseudoRep
  2.0000    2    2.000   1.0000       realNov
  4.0000    3    2.000   1.0000     pseudoRep
  6.0000    1    2.000   1.0000       realRep
  8.0000    1    2.000   1.0000       realRep
 10.0000    1    2.000   1.0000       realRep
 12.0000    0    2.000   1.0000          NULL 
 14.0000    1    2.000   1.0000       realRep
 16.0000    3    2.000   1.0000     pseudoRep
 18.0000    2    2.000   1.0000       realNov
 20.0000    2    2.000   1.0000       realNov
 22.0000    0    4.000   1.0000          NULL 
 26.0000    2    2.000   1.0000       realNov
 28.0000    0    2.000   1.0000          NULL 
 30.0000    1    2.000   1.0000       realRep
 32.0000    0    2.000   1.0000          NULL 
 34.0000    4    2.000   1.0000     pseudoNov
 36.0000    4    2.000   1.0000     pseudoNov
 38.0000    3    2.000   1.0000     pseudoRep
 40.0000    2    2.000   1.0000       realNov
 42.0000    4    2.000   1.0000     pseudoNov
 44.0000    0    2.000   1.0000          NULL 
 46.0000    3    2.000   1.0000     pseudoRep
 48.0000    1    2.000   1.0000       realRep
 50.0000    1    2.000   1.0000       realRep
 52.0000    0    2.000   1.0000          NULL 
 54.0000    4    2.000   1.0000     pseudoNov
 56.0000    0    2.000   1.0000          NULL 
 58.0000    1    2.000   1.0000       realRep
 60.0000    2    2.000   1.0000       realNov
 62.0000    1    2.000   1.0000       realRep
 64.0000    1    2.000   1.0000       realRep
 66.0000    0    4.000   1.0000          NULL 
 70.0000    2    2.000   1.0000       realNov
 72.0000    1    2.000   1.0000       realRep
 74.0000    2    2.000   1.0000       realNov
 76.0000    4    2.000   1.0000     pseudoNov
 78.0000    0    2.000   1.0000          NULL 
 80.0000    4    2.000   1.0000     pseudoNov
 82.0000    4    2.000   1.0000     pseudoNov
 84.0000    1    2.000   1.0000       realRep
 86.0000    0    4.000   1.0000          NULL 
 90.0000    3    2.000   1.0000     pseudoRep
 92.0000    0    2.000   1.0000          NULL 
 94.0000    3    2.000   1.0000     pseudoRep
 96.0000    3    2.000   1.0000     pseudoRep
 98.0000    4    2.000   1.0000     pseudoNov
100.0000    2    2.000   1.0000       realNov
102.0000    0    2.000   1.0000          NULL 
104.0000    2    2.000   1.0000       realNov
106.0000    1    2.000   1.0000       realRep
108.0000    0    2.000   1.0000          NULL 
110.0000    4    2.000   1.0000     pseudoNov
112.0000    0    2.000   1.0000          NULL 
114.0000    2    2.000   1.0000       realNov
116.0000    1    2.000   1.0000       realRep
118.0000    4    2.000   1.0000     pseudoNov
120.0000    3    2.000   1.0000     pseudoRep
122.0000    0    2.000   1.0000          NULL 
124.0000    2    2.000   1.0000       realNov
126.0000    3    2.000   1.0000     pseudoRep
128.0000    2    2.000   1.0000       realNov
130.0000    0    2.000   1.0000          NULL 
132.0000    3    2.000   1.0000     pseudoRep
134.0000    2    2.000   1.0000       realNov
136.0000    3    2.000   1.0000     pseudoRep
138.0000    0    2.000   1.0000          NULL 
140.0000    1    2.000   1.0000       realRep
142.0000    2    2.000   1.0000       realNov
144.0000    2    2.000   1.0000       realNov
146.0000    4    2.000   1.0000     pseudoNov
148.0000    2    2.000   1.0000       realNov
150.0000    2    2.000   1.0000       realNov
152.0000    1    2.000   1.0000       realRep
154.0000    0    2.000   1.0000          NULL 
156.0000    4    2.000   1.0000     pseudoNov
158.0000    0    2.000   1.0000          NULL 
160.0000    3    2.000   1.0000     pseudoRep
162.0000    0    2.000   1.0000          NULL 
164.0000    1    2.000   1.0000       realRep
166.0000    1    2.000   1.0000       realRep
168.0000    3    2.000   1.0000     pseudoRep
170.0000    1    2.000   1.0000       realRep
172.0000    1    2.000   1.0000       realRep
174.0000    2    2.000   1.0000       realNov
176.0000    0    2.000   1.0000          NULL 
178.0000    3    2.000   1.0000     pseudoRep
180.0000    2    2.000   1.0000       realNov
182.0000    0    2.000   1.0000          NULL 
184.0000    2    2.000   1.0000       realNov
186.0000    4    2.000   1.0000     pseudoNov
188.0000    0    2.000   1.0000          NULL 
190.0000    1    2.000   1.0000       realRep
192.0000    3    2.000   1.0000     pseudoRep
194.0000    4    2.000   1.0000     pseudoNov
196.0000    2    2.000   1.0000       realNov
198.0000    2    2.000   1.0000       realNov
200.0000    1    2.000   1.0000       realRep
202.0000    3    2.000   1.0000     pseudoRep
204.0000    2    2.000   1.0000       realNov
206.0000    1    2.000   1.0000       realRep
208.0000    1    2.000   1.0000       realRep
210.0000    4    2.000   1.0000     pseudoNov
212.0000    2    2.000   1.0000       realNov
214.0000    4    2.000   1.0000     pseudoNov
216.0000    1    2.000   1.0000       realRep
218.0000    0    4.000   1.0000          NULL 
222.0000    4    2.000   1.0000     pseudoNov
224.0000    1    2.000   1.0000       realRep
226.0000    1    2.000   1.0000       realRep
228.0000    4    2.000   1.0000     pseudoNov
230.0000    4    2.000   1.0000     pseudoNov
232.0000    2    2.000   1.0000       realNov
234.0000    1    2.000   1.0000       realRep
236.0000    2    2.000   1.0000       realNov
238.0000    4    2.000   1.0000     pseudoNov
240.0000    2    2.000   1.0000       realNov
242.0000    2    2.000   1.0000       realNov
244.0000    3    2.000   1.0000     pseudoRep
246.0000    4    2.000   1.0000     pseudoNov
248.0000    4    2.000   1.0000     pseudoNov
250.0000    0    2.000   1.0000          NULL 
252.0000    4    2.000   1.0000     pseudoNov
254.0000    4    2.000   1.0000     pseudoNov
256.0000    2    2.000   1.0000       realNov
258.0000    2    2.000   1.0000       realNov
260.0000    2    2.000   1.0000       realNov
262.0000    4    2.000   1.0000     pseudoNov
264.0000    4    2.000   1.0000     pseudoNov
266.0000    3    2.000   1.0000     pseudoRep
268.0000    1    2.000   1.0000       realRep
270.0000    3    2.000   1.0000     pseudoRep
272.0000    2    2.000   1.0000       realNov
274.0000    1    2.000   1.0000       realRep
276.0000    0    2.000   1.0000          NULL 
278.0000    1    2.000   1.0000       realRep
280.0000    4    2.000   1.0000     pseudoNov
282.0000    2    2.000   1.0000       realNov
284.0000    3    2.000   1.0000     pseudoRep
286.0000    3    2.000   1.0000     pseudoRep
288.0000    3    2.000   1.0000     pseudoRep
290.0000    4    2.000   1.0000     pseudoNov
292.0000    1    2.000   1.0000       realRep
294.0000    0    2.000   1.0000          NULL 
296.0000    3    2.000   1.0000     pseudoRep
298.0000    0    2.000   1.0000          NULL 
300.0000    1    2.000   1.0000       realRep
302.0000    1    2.000   1.0000       realRep
304.0000    4    2.000   1.0000     pseudoNov
306.0000    3    2.000   1.0000     pseudoRep
308.0000    4    2.000   1.0000     pseudoNov
310.0000    0    4.000   1.0000          NULL 
314.0000    4    2.000   1.0000     pseudoNov
316.0000    2    2.000   1.0000       realNov
318.0000    4    2.000   1.0000     pseudoNov
320.0000    4    2.000   1.0000     pseudoNov
322.0000    1    2.000   1.0000       realRep
324.0000    4    2.000   1.0000     pseudoNov
326.0000    2    2.000   1.0000       realNov
328.0000    3    2.000   1.0000     pseudoRep
330.0000    3    2.000   1.0000     pseudoRep
332.0000    2    2.000   1.0000       realNov
334.0000    3    2.000   1.0000     pseudoRep
336.0000    3    2.000   1.0000     pseudoRep
338.0000    3    2.000   1.0000     pseudoRep
340.0000    2    2.000   1.0000       realNov
342.0000    0    2.000   1.0000          NULL 
344.0000    2    2.000   1.0000       realNov
346.0000    1    2.000   1.0000       realRep
348.0000    3    2.000   1.0000     pseudoRep
350.0000    0    4.000   1.0000          NULL 
354.0000    3    2.000   1.0000     pseudoRep
356.0000    3    2.000   1.0000     pseudoRep
358.0000    1    2.000   1.0000       realRep
360.0000    0    2.000   1.0000          NULL 
362.0000    2    2.000   1.0000       realNov
364.0000    1    2.000   1.0000       realRep
366.0000    4    2.000   1.0000     pseudoNov
368.0000    3    2.000   1.0000     pseudoRep
370.0000    4    2.000   1.0000     pseudoNov
372.0000    4    2.000   1.0000     pseudoNov
374.0000    3    2.000   1.0000     pseudoRep
376.0000    1    2.000   1.0000       realRep
378.0000    3    2.000   1.0000     pseudoRep
380.0000    4    2.000   1.0000     pseudoNov
382.0000    0    2.000   1.0000          NULL 
384.0000    3    2.000   1.0000     pseudoRep
386.0000    3    2.000   1.0000     pseudoRep
388.0000    1    2.000   1.0000       realRep
390.0000    0    2.000   1.0000          NULL 
392.0000    4    2.000   1.0000     pseudoNov
394.0000    3    2.000   1.0000     pseudoRep
396.0000    3    2.000   1.0000     pseudoRep
398.0000    4    2.000   1.0000     pseudoNov
