  0.0000    1    2.000   1.0000       realRep
  2.0000    1    2.000   1.0000       realRep
  4.0000    4    2.000   1.0000     pseudoNov
  6.0000    0    2.000   1.0000          NULL 
  8.0000    1    2.000   1.0000       realRep
 10.0000    0    2.000   1.0000          NULL 
 12.0000    2    2.000   1.0000       realNov
 14.0000    0    2.000   1.0000          NULL 
 16.0000    1    2.000   1.0000       realRep
 18.0000    2    2.000   1.0000       realNov
 20.0000    4    2.000   1.0000     pseudoNov
 22.0000    2    2.000   1.0000       realNov
 24.0000    3    2.000   1.0000     pseudoRep
 26.0000    3    2.000   1.0000     pseudoRep
 28.0000    1    2.000   1.0000       realRep
 30.0000    0    2.000   1.0000          NULL 
 32.0000    1    2.000   1.0000       realRep
 34.0000    0    2.000   1.0000          NULL 
 36.0000    2    2.000   1.0000       realNov
 38.0000    0    2.000   1.0000          NULL 
 40.0000    1    2.000   1.0000       realRep
 42.0000    4    2.000   1.0000     pseudoNov
 44.0000    3    2.000   1.0000     pseudoRep
 46.0000    3    2.000   1.0000     pseudoRep
 48.0000    2    2.000   1.0000       realNov
 50.0000    2    2.000   1.0000       realNov
 52.0000    2    2.000   1.0000       realNov
 54.0000    3    2.000   1.0000     pseudoRep
 56.0000    0    2.000   1.0000          NULL 
 58.0000    1    2.000   1.0000       realRep
 60.0000    1    2.000   1.0000       realRep
 62.0000    2    2.000   1.0000       realNov
 64.0000    1    2.000   1.0000       realRep
 66.0000    0    4.000   1.0000          NULL 
 70.0000    4    2.000   1.0000     pseudoNov
 72.0000    4    2.000   1.0000     pseudoNov
 74.0000    2    2.000   1.0000       realNov
 76.0000    0    2.000   1.0000          NULL 
 78.0000    3    2.000   1.0000     pseudoRep
 80.0000    4    2.000   1.0000     pseudoNov
 82.0000    3    2.000   1.0000     pseudoRep
 84.0000    3    2.000   1.0000     pseudoRep
 86.0000    0    2.000   1.0000          NULL 
 88.0000    2    2.000   1.0000       realNov
 90.0000    2    2.000   1.0000       realNov
 92.0000    1    2.000   1.0000       realRep
 94.0000    1    2.000   1.0000       realRep
 96.0000    1    2.000   1.0000       realRep
 98.0000    1    2.000   1.0000       realRep
100.0000    4    2.000   1.0000     pseudoNov
102.0000    2    2.000   1.0000       realNov
104.0000    2    2.000   1.0000       realNov
106.0000    3    2.000   1.0000     pseudoRep
108.0000    1    2.000   1.0000       realRep
110.0000    3    2.000   1.0000     pseudoRep
112.0000    1    2.000   1.0000       realRep
114.0000    1    2.000   1.0000       realRep
116.0000    3    2.000   1.0000     pseudoRep
118.0000    2    2.000   1.0000       realNov
120.0000    3    2.000   1.0000     pseudoRep
122.0000    4    2.000   1.0000     pseudoNov
124.0000    0    2.000   1.0000          NULL 
126.0000    4    2.000   1.0000     pseudoNov
128.0000    2    2.000   1.0000       realNov
130.0000    0    2.000   1.0000          NULL 
132.0000    1    2.000   1.0000       realRep
134.0000    3    2.000   1.0000     pseudoRep
136.0000    2    2.000   1.0000       realNov
138.0000    4    2.000   1.0000     pseudoNov
140.0000    0    2.000   1.0000          NULL 
142.0000    4    2.000   1.0000     pseudoNov
144.0000    3    2.000   1.0000     pseudoRep
146.0000    1    2.000   1.0000       realRep
148.0000    4    2.000   1.0000     pseudoNov
150.0000    0    4.000   1.0000          NULL 
154.0000    3    2.000   1.0000     pseudoRep
156.0000    1    2.000   1.0000       realRep
158.0000    3    2.000   1.0000     pseudoRep
160.0000    2    2.000   1.0000       realNov
162.0000    3    2.000   1.0000     pseudoRep
164.0000    0    2.000   1.0000          NULL 
166.0000    3    2.000   1.0000     pseudoRep
168.0000    2    2.000   1.0000       realNov
170.0000    1    2.000   1.0000       realRep
172.0000    2    2.000   1.0000       realNov
174.0000    0    2.000   1.0000          NULL 
176.0000    4    2.000   1.0000     pseudoNov
178.0000    0    2.000   1.0000          NULL 
180.0000    3    2.000   1.0000     pseudoRep
182.0000    3    2.000   1.0000     pseudoRep
184.0000    4    2.000   1.0000     pseudoNov
186.0000    0    2.000   1.0000          NULL 
188.0000    3    2.000   1.0000     pseudoRep
190.0000    1    2.000   1.0000       realRep
192.0000    4    2.000   1.0000     pseudoNov
194.0000    3    2.000   1.0000     pseudoRep
196.0000    0    2.000   1.0000          NULL 
198.0000    2    2.000   1.0000       realNov
200.0000    3    2.000   1.0000     pseudoRep
202.0000    0    2.000   1.0000          NULL 
204.0000    4    2.000   1.0000     pseudoNov
206.0000    2    2.000   1.0000       realNov
208.0000    1    2.000   1.0000       realRep
210.0000    0    2.000   1.0000          NULL 
212.0000    2    2.000   1.0000       realNov
214.0000    4    2.000   1.0000     pseudoNov
216.0000    1    2.000   1.0000       realRep
218.0000    0    2.000   1.0000          NULL 
220.0000    2    2.000   1.0000       realNov
222.0000    0    2.000   1.0000          NULL 
224.0000    1    2.000   1.0000       realRep
226.0000    1    2.000   1.0000       realRep
228.0000    0    4.000   1.0000          NULL 
232.0000    1    2.000   1.0000       realRep
234.0000    1    2.000   1.0000       realRep
236.0000    3    2.000   1.0000     pseudoRep
238.0000    3    2.000   1.0000     pseudoRep
240.0000    4    2.000   1.0000     pseudoNov
242.0000    1    2.000   1.0000       realRep
244.0000    2    2.000   1.0000       realNov
246.0000    3    2.000   1.0000     pseudoRep
248.0000    4    2.000   1.0000     pseudoNov
250.0000    0    2.000   1.0000          NULL 
252.0000    4    2.000   1.0000     pseudoNov
254.0000    4    2.000   1.0000     pseudoNov
256.0000    4    2.000   1.0000     pseudoNov
258.0000    4    2.000   1.0000     pseudoNov
260.0000    0    2.000   1.0000          NULL 
262.0000    3    2.000   1.0000     pseudoRep
264.0000    1    2.000   1.0000       realRep
266.0000    1    2.000   1.0000       realRep
268.0000    0    4.000   1.0000          NULL 
272.0000    3    2.000   1.0000     pseudoRep
274.0000    0    2.000   1.0000          NULL 
276.0000    2    2.000   1.0000       realNov
278.0000    1    2.000   1.0000       realRep
280.0000    4    2.000   1.0000     pseudoNov
282.0000    1    2.000   1.0000       realRep
284.0000    3    2.000   1.0000     pseudoRep
286.0000    0    2.000   1.0000          NULL 
288.0000    4    2.000   1.0000     pseudoNov
290.0000    1    2.000   1.0000       realRep
292.0000    3    2.000   1.0000     pseudoRep
294.0000    4    2.000   1.0000     pseudoNov
296.0000    2    2.000   1.0000       realNov
298.0000    3    2.000   1.0000     pseudoRep
300.0000    0    4.000   1.0000          NULL 
304.0000    3    2.000   1.0000     pseudoRep
306.0000    2    2.000   1.0000       realNov
308.0000    2    2.000   1.0000       realNov
310.0000    1    2.000   1.0000       realRep
312.0000    2    2.000   1.0000       realNov
314.0000    1    2.000   1.0000       realRep
316.0000    4    2.000   1.0000     pseudoNov
318.0000    2    2.000   1.0000       realNov
320.0000    2    2.000   1.0000       realNov
322.0000    0    2.000   1.0000          NULL 
324.0000    2    2.000   1.0000       realNov
326.0000    2    2.000   1.0000       realNov
328.0000    0    2.000   1.0000          NULL 
330.0000    4    2.000   1.0000     pseudoNov
332.0000    3    2.000   1.0000     pseudoRep
334.0000    4    2.000   1.0000     pseudoNov
336.0000    2    2.000   1.0000       realNov
338.0000    4    2.000   1.0000     pseudoNov
340.0000    3    2.000   1.0000     pseudoRep
342.0000    4    2.000   1.0000     pseudoNov
344.0000    4    2.000   1.0000     pseudoNov
346.0000    2    2.000   1.0000       realNov
348.0000    4    2.000   1.0000     pseudoNov
350.0000    3    2.000   1.0000     pseudoRep
352.0000    4    2.000   1.0000     pseudoNov
354.0000    2    2.000   1.0000       realNov
356.0000    4    2.000   1.0000     pseudoNov
358.0000    1    2.000   1.0000       realRep
360.0000    2    2.000   1.0000       realNov
362.0000    3    2.000   1.0000     pseudoRep
364.0000    3    2.000   1.0000     pseudoRep
366.0000    4    2.000   1.0000     pseudoNov
368.0000    1    2.000   1.0000       realRep
370.0000    2    2.000   1.0000       realNov
372.0000    4    2.000   1.0000     pseudoNov
374.0000    4    2.000   1.0000     pseudoNov
376.0000    3    2.000   1.0000     pseudoRep
378.0000    1    2.000   1.0000       realRep
380.0000    3    2.000   1.0000     pseudoRep
382.0000    3    2.000   1.0000     pseudoRep
384.0000    0    2.000   1.0000          NULL 
386.0000    2    2.000   1.0000       realNov
388.0000    4    2.000   1.0000     pseudoNov
390.0000    0    2.000   1.0000          NULL 
392.0000    1    2.000   1.0000       realRep
394.0000    0    2.000   1.0000          NULL 
396.0000    2    2.000   1.0000       realNov
398.0000    4    2.000   1.0000     pseudoNov
