  0.0000    1    2.000   1.0000       realRep
  2.0000    3    2.000   1.0000     pseudoRep
  4.0000    4    2.000   1.0000     pseudoNov
  6.0000    2    2.000   1.0000       realNov
  8.0000    2    2.000   1.0000       realNov
 10.0000    4    2.000   1.0000     pseudoNov
 12.0000    0    2.000   1.0000          NULL 
 14.0000    1    2.000   1.0000       realRep
 16.0000    0    4.000   1.0000          NULL 
 20.0000    1    2.000   1.0000       realRep
 22.0000    4    2.000   1.0000     pseudoNov
 24.0000    3    2.000   1.0000     pseudoRep
 26.0000    1    2.000   1.0000       realRep
 28.0000    2    2.000   1.0000       realNov
 30.0000    3    2.000   1.0000     pseudoRep
 32.0000    3    2.000   1.0000     pseudoRep
 34.0000    4    2.000   1.0000     pseudoNov
 36.0000    1    2.000   1.0000       realRep
 38.0000    3    2.000   1.0000     pseudoRep
 40.0000    2    2.000   1.0000       realNov
 42.0000    1    2.000   1.0000       realRep
 44.0000    1    2.000   1.0000       realRep
 46.0000    0    2.000   1.0000          NULL 
 48.0000    1    2.000   1.0000       realRep
 50.0000    0    2.000   1.0000          NULL 
 52.0000    3    2.000   1.0000     pseudoRep
 54.0000    1    2.000   1.0000       realRep
 56.0000    1    2.000   1.0000       realRep
 58.0000    4    2.000   1.0000     pseudoNov
 60.0000    2    2.000   1.0000       realNov
 62.0000    3    2.000   1.0000     pseudoRep
 64.0000    1    2.000   1.0000       realRep
 66.0000    3    2.000   1.0000     pseudoRep
 68.0000    0    2.000   1.0000          NULL 
 70.0000    3    2.000   1.0000     pseudoRep
 72.0000    1    2.000   1.0000       realRep
 74.0000    3    2.000   1.0000     pseudoRep
 76.0000    2    2.000   1.0000       realNov
 78.0000    4    2.000   1.0000     pseudoNov
 80.0000    3    2.000   1.0000     pseudoRep
 82.0000    1    2.000   1.0000       realRep
 84.0000    4    2.000   1.0000     pseudoNov
 86.0000    2    2.000   1.0000       realNov
 88.0000    1    2.000   1.0000       realRep
 90.0000    4    2.000   1.0000     pseudoNov
 92.0000    0    4.000   1.0000          NULL 
 96.0000    3    2.000   1.0000     pseudoRep
 98.0000    2    2.000   1.0000       realNov
100.0000    1    2.000   1.0000       realRep
102.0000    1    2.000   1.0000       realRep
104.0000    2    2.000   1.0000       realNov
106.0000    3    2.000   1.0000     pseudoRep
108.0000    2    2.000   1.0000       realNov
110.0000    2    2.000   1.0000       realNov
112.0000    4    2.000   1.0000     pseudoNov
114.0000    1    2.000   1.0000       realRep
116.0000    3    2.000   1.0000     pseudoRep
118.0000    3    2.000   1.0000     pseudoRep
120.0000    3    2.000   1.0000     pseudoRep
122.0000    4    2.000   1.0000     pseudoNov
124.0000    1    2.000   1.0000       realRep
126.0000    2    2.000   1.0000       realNov
128.0000    2    2.000   1.0000       realNov
130.0000    0    2.000   1.0000          NULL 
132.0000    2    2.000   1.0000       realNov
134.0000    4    2.000   1.0000     pseudoNov
136.0000    3    2.000   1.0000     pseudoRep
138.0000    2    2.000   1.0000       realNov
140.0000    0    2.000   1.0000          NULL 
142.0000    2    2.000   1.0000       realNov
144.0000    3    2.000   1.0000     pseudoRep
146.0000    4    2.000   1.0000     pseudoNov
148.0000    4    2.000   1.0000     pseudoNov
150.0000    4    2.000   1.0000     pseudoNov
152.0000    2    2.000   1.0000       realNov
154.0000    2    2.000   1.0000       realNov
156.0000    4    2.000   1.0000     pseudoNov
158.0000    2    2.000   1.0000       realNov
160.0000    1    2.000   1.0000       realRep
162.0000    3    2.000   1.0000     pseudoRep
164.0000    0    2.000   1.0000          NULL 
166.0000    3    2.000   1.0000     pseudoRep
168.0000    3    2.000   1.0000     pseudoRep
170.0000    1    2.000   1.0000       realRep
172.0000    3    2.000   1.0000     pseudoRep
174.0000    3    2.000   1.0000     pseudoRep
176.0000    1    2.000   1.0000       realRep
178.0000    2    2.000   1.0000       realNov
180.0000    1    2.000   1.0000       realRep
182.0000    0    2.000   1.0000          NULL 
184.0000    1    2.000   1.0000       realRep
186.0000    2    2.000   1.0000       realNov
188.0000    1    2.000   1.0000       realRep
190.0000    3    2.000   1.0000     pseudoRep
192.0000    4    2.000   1.0000     pseudoNov
194.0000    0    2.000   1.0000          NULL 
196.0000    4    2.000   1.0000     pseudoNov
198.0000    3    2.000   1.0000     pseudoRep
200.0000    2    2.000   1.0000       realNov
202.0000    2    2.000   1.0000       realNov
204.0000    1    2.000   1.0000       realRep
206.0000    3    2.000   1.0000     pseudoRep
208.0000    1    2.000   1.0000       realRep
210.0000    4    2.000   1.0000     pseudoNov
212.0000    0    4.000   1.0000          NULL 
216.0000    2    2.000   1.0000       realNov
218.0000    0    2.000   1.0000          NULL 
220.0000    3    2.000   1.0000     pseudoRep
222.0000    0    2.000   1.0000          NULL 
224.0000    1    2.000   1.0000       realRep
226.0000    3    2.000   1.0000     pseudoRep
228.0000    0    2.000   1.0000          NULL 
230.0000    4    2.000   1.0000     pseudoNov
232.0000    1    2.000   1.0000       realRep
234.0000    1    2.000   1.0000       realRep
236.0000    0    2.000   1.0000          NULL 
238.0000    1    2.000   1.0000       realRep
240.0000    3    2.000   1.0000     pseudoRep
242.0000    2    2.000   1.0000       realNov
244.0000    1    2.000   1.0000       realRep
246.0000    0    2.000   1.0000          NULL 
248.0000    1    2.000   1.0000       realRep
250.0000    4    2.000   1.0000     pseudoNov
252.0000    4    2.000   1.0000     pseudoNov
254.0000    0    2.000   1.0000          NULL 
256.0000    4    2.000   1.0000     pseudoNov
258.0000    3    2.000   1.0000     pseudoRep
260.0000    3    2.000   1.0000     pseudoRep
262.0000    1    2.000   1.0000       realRep
264.0000    3    2.000   1.0000     pseudoRep
266.0000    2    2.000   1.0000       realNov
268.0000    3    2.000   1.0000     pseudoRep
270.0000    0    2.000   1.0000          NULL 
272.0000    4    2.000   1.0000     pseudoNov
274.0000    4    2.000   1.0000     pseudoNov
276.0000    0    4.000   1.0000          NULL 
280.0000    2    2.000   1.0000       realNov
282.0000    4    2.000   1.0000     pseudoNov
284.0000    0    2.000   1.0000          NULL 
286.0000    1    2.000   1.0000       realRep
288.0000    4    2.000   1.0000     pseudoNov
290.0000    1    2.000   1.0000       realRep
292.0000    4    2.000   1.0000     pseudoNov
294.0000    2    2.000   1.0000       realNov
296.0000    1    2.000   1.0000       realRep
298.0000    0    2.000   1.0000          NULL 
300.0000    4    2.000   1.0000     pseudoNov
302.0000    0    2.000   1.0000          NULL 
304.0000    2    2.000   1.0000       realNov
306.0000    4    2.000   1.0000     pseudoNov
308.0000    1    2.000   1.0000       realRep
310.0000    1    2.000   1.0000       realRep
312.0000    4    2.000   1.0000     pseudoNov
314.0000    4    2.000   1.0000     pseudoNov
316.0000    0    2.000   1.0000          NULL 
318.0000    3    2.000   1.0000     pseudoRep
320.0000    0    2.000   1.0000          NULL 
322.0000    4    2.000   1.0000     pseudoNov
324.0000    0    2.000   1.0000          NULL 
326.0000    4    2.000   1.0000     pseudoNov
328.0000    4    2.000   1.0000     pseudoNov
330.0000    2    2.000   1.0000       realNov
332.0000    0    4.000   1.0000          NULL 
336.0000    2    2.000   1.0000       realNov
338.0000    3    2.000   1.0000     pseudoRep
340.0000    2    2.000   1.0000       realNov
342.0000    4    2.000   1.0000     pseudoNov
344.0000    0    6.000   1.0000          NULL 
350.0000    2    2.000   1.0000       realNov
352.0000    4    2.000   1.0000     pseudoNov
354.0000    1    2.000   1.0000       realRep
356.0000    0    2.000   1.0000          NULL 
358.0000    3    2.000   1.0000     pseudoRep
360.0000    1    2.000   1.0000       realRep
362.0000    3    2.000   1.0000     pseudoRep
364.0000    2    2.000   1.0000       realNov
366.0000    0    2.000   1.0000          NULL 
368.0000    2    2.000   1.0000       realNov
370.0000    2    2.000   1.0000       realNov
372.0000    0    2.000   1.0000          NULL 
374.0000    2    2.000   1.0000       realNov
376.0000    4    2.000   1.0000     pseudoNov
378.0000    0    2.000   1.0000          NULL 
380.0000    3    2.000   1.0000     pseudoRep
382.0000    3    2.000   1.0000     pseudoRep
384.0000    0    2.000   1.0000          NULL 
386.0000    2    2.000   1.0000       realNov
388.0000    4    2.000   1.0000     pseudoNov
390.0000    4    2.000   1.0000     pseudoNov
392.0000    3    2.000   1.0000     pseudoRep
394.0000    2    2.000   1.0000       realNov
396.0000    4    2.000   1.0000     pseudoNov
398.0000    2    2.000   1.0000       realNov
