  0.0000    1    2.000   1.0000       realRep
  2.0000    3    2.000   1.0000     pseudoRep
  4.0000    2    2.000   1.0000       realNov
  6.0000    1    2.000   1.0000       realRep
  8.0000    4    2.000   1.0000     pseudoNov
 10.0000    4    2.000   1.0000     pseudoNov
 12.0000    4    2.000   1.0000     pseudoNov
 14.0000    1    2.000   1.0000       realRep
 16.0000    4    2.000   1.0000     pseudoNov
 18.0000    4    2.000   1.0000     pseudoNov
 20.0000    3    2.000   1.0000     pseudoRep
 22.0000    3    2.000   1.0000     pseudoRep
 24.0000    3    2.000   1.0000     pseudoRep
 26.0000    4    2.000   1.0000     pseudoNov
 28.0000    4    2.000   1.0000     pseudoNov
 30.0000    1    2.000   1.0000       realRep
 32.0000    2    2.000   1.0000       realNov
 34.0000    4    2.000   1.0000     pseudoNov
 36.0000    0    2.000   1.0000          NULL 
 38.0000    3    2.000   1.0000     pseudoRep
 40.0000    4    2.000   1.0000     pseudoNov
 42.0000    1    2.000   1.0000       realRep
 44.0000    3    2.000   1.0000     pseudoRep
 46.0000    0    2.000   1.0000          NULL 
 48.0000    4    2.000   1.0000     pseudoNov
 50.0000    0    2.000   1.0000          NULL 
 52.0000    4    2.000   1.0000     pseudoNov
 54.0000    3    2.000   1.0000     pseudoRep
 56.0000    3    2.000   1.0000     pseudoRep
 58.0000    2    2.000   1.0000       realNov
 60.0000    2    2.000   1.0000       realNov
 62.0000    0    2.000   1.0000          NULL 
 64.0000    1    2.000   1.0000       realRep
 66.0000    3    2.000   1.0000     pseudoRep
 68.0000    1    2.000   1.0000       realRep
 70.0000    1    2.000   1.0000       realRep
 72.0000    1    2.000   1.0000       realRep
 74.0000    2    2.000   1.0000       realNov
 76.0000    1    2.000   1.0000       realRep
 78.0000    4    2.000   1.0000     pseudoNov
 80.0000    0    2.000   1.0000          NULL 
 82.0000    2    2.000   1.0000       realNov
 84.0000    0    2.000   1.0000          NULL 
 86.0000    4    2.000   1.0000     pseudoNov
 88.0000    0    2.000   1.0000          NULL 
 90.0000    1    2.000   1.0000       realRep
 92.0000    1    2.000   1.0000       realRep
 94.0000    4    2.000   1.0000     pseudoNov
 96.0000    3    2.000   1.0000     pseudoRep
 98.0000    0    4.000   1.0000          NULL 
102.0000    2    2.000   1.0000       realNov
104.0000    4    2.000   1.0000     pseudoNov
106.0000    2    2.000   1.0000       realNov
108.0000    2    2.000   1.0000       realNov
110.0000    2    2.000   1.0000       realNov
112.0000    0    2.000   1.0000          NULL 
114.0000    3    2.000   1.0000     pseudoRep
116.0000    4    2.000   1.0000     pseudoNov
118.0000    4    2.000   1.0000     pseudoNov
120.0000    4    2.000   1.0000     pseudoNov
122.0000    4    2.000   1.0000     pseudoNov
124.0000    2    2.000   1.0000       realNov
126.0000    3    2.000   1.0000     pseudoRep
128.0000    4    2.000   1.0000     pseudoNov
130.0000    2    2.000   1.0000       realNov
132.0000    3    2.000   1.0000     pseudoRep
134.0000    0    2.000   1.0000          NULL 
136.0000    2    2.000   1.0000       realNov
138.0000    0    2.000   1.0000          NULL 
140.0000    1    2.000   1.0000       realRep
142.0000    3    2.000   1.0000     pseudoRep
144.0000    2    2.000   1.0000       realNov
146.0000    2    2.000   1.0000       realNov
148.0000    4    2.000   1.0000     pseudoNov
150.0000    2    2.000   1.0000       realNov
152.0000    1    2.000   1.0000       realRep
154.0000    0    2.000   1.0000          NULL 
156.0000    3    2.000   1.0000     pseudoRep
158.0000    0    2.000   1.0000          NULL 
160.0000    3    2.000   1.0000     pseudoRep
162.0000    2    2.000   1.0000       realNov
164.0000    4    2.000   1.0000     pseudoNov
166.0000    4    2.000   1.0000     pseudoNov
168.0000    3    2.000   1.0000     pseudoRep
170.0000    1    2.000   1.0000       realRep
172.0000    2    2.000   1.0000       realNov
174.0000    4    2.000   1.0000     pseudoNov
176.0000    0    4.000   1.0000          NULL 
180.0000    4    2.000   1.0000     pseudoNov
182.0000    0    2.000   1.0000          NULL 
184.0000    4    2.000   1.0000     pseudoNov
186.0000    0    2.000   1.0000          NULL 
188.0000    3    2.000   1.0000     pseudoRep
190.0000    2    2.000   1.0000       realNov
192.0000    3    2.000   1.0000     pseudoRep
194.0000    1    2.000   1.0000       realRep
196.0000    0    2.000   1.0000          NULL 
198.0000    3    2.000   1.0000     pseudoRep
200.0000    3    2.000   1.0000     pseudoRep
202.0000    1    2.000   1.0000       realRep
204.0000    0    2.000   1.0000          NULL 
206.0000    3    2.000   1.0000     pseudoRep
208.0000    1    2.000   1.0000       realRep
210.0000    2    2.000   1.0000       realNov
212.0000    4    2.000   1.0000     pseudoNov
214.0000    3    2.000   1.0000     pseudoRep
216.0000    1    2.000   1.0000       realRep
218.0000    3    2.000   1.0000     pseudoRep
220.0000    0    2.000   1.0000          NULL 
222.0000    2    2.000   1.0000       realNov
224.0000    2    2.000   1.0000       realNov
226.0000    0    2.000   1.0000          NULL 
228.0000    2    2.000   1.0000       realNov
230.0000    1    2.000   1.0000       realRep
232.0000    3    2.000   1.0000     pseudoRep
234.0000    0    2.000   1.0000          NULL 
236.0000    3    2.000   1.0000     pseudoRep
238.0000    0    4.000   1.0000          NULL 
242.0000    3    2.000   1.0000     pseudoRep
244.0000    4    2.000   1.0000     pseudoNov
246.0000    1    2.000   1.0000       realRep
248.0000    0    2.000   1.0000          NULL 
250.0000    4    2.000   1.0000     pseudoNov
252.0000    4    2.000   1.0000     pseudoNov
254.0000    1    2.000   1.0000       realRep
256.0000    1    2.000   1.0000       realRep
258.0000    0    4.000   1.0000          NULL 
262.0000    1    2.000   1.0000       realRep
264.0000    4    2.000   1.0000     pseudoNov
266.0000    4    2.000   1.0000     pseudoNov
268.0000    1    2.000   1.0000       realRep
270.0000    2    2.000   1.0000       realNov
272.0000    2    2.000   1.0000       realNov
274.0000    3    2.000   1.0000     pseudoRep
276.0000    0    2.000   1.0000          NULL 
278.0000    3    2.000   1.0000     pseudoRep
280.0000    1    2.000   1.0000       realRep
282.0000    1    2.000   1.0000       realRep
284.0000    2    2.000   1.0000       realNov
286.0000    3    2.000   1.0000     pseudoRep
288.0000    0    2.000   1.0000          NULL 
290.0000    3    2.000   1.0000     pseudoRep
292.0000    3    2.000   1.0000     pseudoRep
294.0000    3    2.000   1.0000     pseudoRep
296.0000    2    2.000   1.0000       realNov
298.0000    1    2.000   1.0000       realRep
300.0000    4    2.000   1.0000     pseudoNov
302.0000    0    4.000   1.0000          NULL 
306.0000    2    2.000   1.0000       realNov
308.0000    3    2.000   1.0000     pseudoRep
310.0000    3    2.000   1.0000     pseudoRep
312.0000    4    2.000   1.0000     pseudoNov
314.0000    1    2.000   1.0000       realRep
316.0000    0    2.000   1.0000          NULL 
318.0000    2    2.000   1.0000       realNov
320.0000    1    2.000   1.0000       realRep
322.0000    2    2.000   1.0000       realNov
324.0000    0    2.000   1.0000          NULL 
326.0000    4    2.000   1.0000     pseudoNov
328.0000    1    2.000   1.0000       realRep
330.0000    0    2.000   1.0000          NULL 
332.0000    1    2.000   1.0000       realRep
334.0000    0    2.000   1.0000          NULL 
336.0000    4    2.000   1.0000     pseudoNov
338.0000    2    2.000   1.0000       realNov
340.0000    2    2.000   1.0000       realNov
342.0000    1    2.000   1.0000       realRep
344.0000    1    2.000   1.0000       realRep
346.0000    0    2.000   1.0000          NULL 
348.0000    2    2.000   1.0000       realNov
350.0000    1    2.000   1.0000       realRep
352.0000    2    2.000   1.0000       realNov
354.0000    2    2.000   1.0000       realNov
356.0000    3    2.000   1.0000     pseudoRep
358.0000    4    2.000   1.0000     pseudoNov
360.0000    2    2.000   1.0000       realNov
362.0000    3    2.000   1.0000     pseudoRep
364.0000    0    2.000   1.0000          NULL 
366.0000    3    2.000   1.0000     pseudoRep
368.0000    1    2.000   1.0000       realRep
370.0000    4    2.000   1.0000     pseudoNov
372.0000    1    2.000   1.0000       realRep
374.0000    2    2.000   1.0000       realNov
376.0000    0    2.000   1.0000          NULL 
378.0000    1    2.000   1.0000       realRep
380.0000    3    2.000   1.0000     pseudoRep
382.0000    1    2.000   1.0000       realRep
384.0000    2    2.000   1.0000       realNov
386.0000    2    2.000   1.0000       realNov
388.0000    2    2.000   1.0000       realNov
390.0000    4    2.000   1.0000     pseudoNov
392.0000    3    2.000   1.0000     pseudoRep
394.0000    4    2.000   1.0000     pseudoNov
396.0000    0    2.000   1.0000          NULL 
398.0000    1    2.000   1.0000       realRep
