  0.0000    1    2.000   1.0000       realRep
  2.0000    1    2.000   1.0000       realRep
  4.0000    2    2.000   1.0000       realNov
  6.0000    4    2.000   1.0000     pseudoNov
  8.0000    2    2.000   1.0000       realNov
 10.0000    0    2.000   1.0000          NULL 
 12.0000    4    2.000   1.0000     pseudoNov
 14.0000    1    2.000   1.0000       realRep
 16.0000    1    2.000   1.0000       realRep
 18.0000    3    2.000   1.0000     pseudoRep
 20.0000    3    2.000   1.0000     pseudoRep
 22.0000    4    2.000   1.0000     pseudoNov
 24.0000    0    2.000   1.0000          NULL 
 26.0000    1    2.000   1.0000       realRep
 28.0000    0    2.000   1.0000          NULL 
 30.0000    2    2.000   1.0000       realNov
 32.0000    1    2.000   1.0000       realRep
 34.0000    3    2.000   1.0000     pseudoRep
 36.0000    3    2.000   1.0000     pseudoRep
 38.0000    2    2.000   1.0000       realNov
 40.0000    4    2.000   1.0000     pseudoNov
 42.0000    0    2.000   1.0000          NULL 
 44.0000    3    2.000   1.0000     pseudoRep
 46.0000    0    4.000   1.0000          NULL 
 50.0000    2    2.000   1.0000       realNov
 52.0000    4    2.000   1.0000     pseudoNov
 54.0000    2    2.000   1.0000       realNov
 56.0000    2    2.000   1.0000       realNov
 58.0000    0    4.000   1.0000          NULL 
 62.0000    2    2.000   1.0000       realNov
 64.0000    2    2.000   1.0000       realNov
 66.0000    4    2.000   1.0000     pseudoNov
 68.0000    0    2.000   1.0000          NULL 
 70.0000    4    2.000   1.0000     pseudoNov
 72.0000    1    2.000   1.0000       realRep
 74.0000    4    2.000   1.0000     pseudoNov
 76.0000    3    2.000   1.0000     pseudoRep
 78.0000    0    2.000   1.0000          NULL 
 80.0000    2    2.000   1.0000       realNov
 82.0000    4    2.000   1.0000     pseudoNov
 84.0000    2    2.000   1.0000       realNov
 86.0000    0    2.000   1.0000          NULL 
 88.0000    3    2.000   1.0000     pseudoRep
 90.0000    1    2.000   1.0000       realRep
 92.0000    1    2.000   1.0000       realRep
 94.0000    0    4.000   1.0000          NULL 
 98.0000    4    2.000   1.0000     pseudoNov
100.0000    2    2.000   1.0000       realNov
102.0000    1    2.000   1.0000       realRep
104.0000    2    2.000   1.0000       realNov
106.0000    0    2.000   1.0000          NULL 
108.0000    3    2.000   1.0000     pseudoRep
110.0000    0    2.000   1.0000          NULL 
112.0000    1    2.000   1.0000       realRep
114.0000    3    2.000   1.0000     pseudoRep
116.0000    3    2.000   1.0000     pseudoRep
118.0000    2    2.000   1.0000       realNov
120.0000    3    2.000   1.0000     pseudoRep
122.0000    0    2.000   1.0000          NULL 
124.0000    3    2.000   1.0000     pseudoRep
126.0000    4    2.000   1.0000     pseudoNov
128.0000    0    4.000   1.0000          NULL 
132.0000    3    2.000   1.0000     pseudoRep
134.0000    3    2.000   1.0000     pseudoRep
136.0000    3    2.000   1.0000     pseudoRep
138.0000    1    2.000   1.0000       realRep
140.0000    4    2.000   1.0000     pseudoNov
142.0000    1    2.000   1.0000       realRep
144.0000    1    2.000   1.0000       realRep
146.0000    1    2.000   1.0000       realRep
148.0000    0    2.000   1.0000          NULL 
150.0000    3    2.000   1.0000     pseudoRep
152.0000    1    2.000   1.0000       realRep
154.0000    2    2.000   1.0000       realNov
156.0000    1    2.000   1.0000       realRep
158.0000    4    2.000   1.0000     pseudoNov
160.0000    1    2.000   1.0000       realRep
162.0000    0    2.000   1.0000          NULL 
164.0000    1    2.000   1.0000       realRep
166.0000    4    2.000   1.0000     pseudoNov
168.0000    0    4.000   1.0000          NULL 
172.0000    2    2.000   1.0000       realNov
174.0000    2    2.000   1.0000       realNov
176.0000    3    2.000   1.0000     pseudoRep
178.0000    2    2.000   1.0000       realNov
180.0000    3    2.000   1.0000     pseudoRep
182.0000    1    2.000   1.0000       realRep
184.0000    3    2.000   1.0000     pseudoRep
186.0000    2    2.000   1.0000       realNov
188.0000    0    2.000   1.0000          NULL 
190.0000    4    2.000   1.0000     pseudoNov
192.0000    3    2.000   1.0000     pseudoRep
194.0000    4    2.000   1.0000     pseudoNov
196.0000    4    2.000   1.0000     pseudoNov
198.0000    2    2.000   1.0000       realNov
200.0000    0    2.000   1.0000          NULL 
202.0000    3    2.000   1.0000     pseudoRep
204.0000    2    2.000   1.0000       realNov
206.0000    1    2.000   1.0000       realRep
208.0000    2    2.000   1.0000       realNov
210.0000    4    2.000   1.0000     pseudoNov
212.0000    4    2.000   1.0000     pseudoNov
214.0000    1    2.000   1.0000       realRep
216.0000    3    2.000   1.0000     pseudoRep
218.0000    4    2.000   1.0000     pseudoNov
220.0000    2    2.000   1.0000       realNov
222.0000    2    2.000   1.0000       realNov
224.0000    1    2.000   1.0000       realRep
226.0000    3    2.000   1.0000     pseudoRep
228.0000    1    2.000   1.0000       realRep
230.0000    1    2.000   1.0000       realRep
232.0000    1    2.000   1.0000       realRep
234.0000    3    2.000   1.0000     pseudoRep
236.0000    0    4.000   1.0000          NULL 
240.0000    1    2.000   1.0000       realRep
242.0000    3    2.000   1.0000     pseudoRep
244.0000    0    2.000   1.0000          NULL 
246.0000    3    2.000   1.0000     pseudoRep
248.0000    3    2.000   1.0000     pseudoRep
250.0000    3    2.000   1.0000     pseudoRep
252.0000    2    2.000   1.0000       realNov
254.0000    2    2.000   1.0000       realNov
256.0000    3    2.000   1.0000     pseudoRep
258.0000    3    2.000   1.0000     pseudoRep
260.0000    1    2.000   1.0000       realRep
262.0000    2    2.000   1.0000       realNov
264.0000    2    2.000   1.0000       realNov
266.0000    4    2.000   1.0000     pseudoNov
268.0000    4    2.000   1.0000     pseudoNov
270.0000    4    2.000   1.0000     pseudoNov
272.0000    2    2.000   1.0000       realNov
274.0000    3    2.000   1.0000     pseudoRep
276.0000    2    2.000   1.0000       realNov
278.0000    3    2.000   1.0000     pseudoRep
280.0000    2    2.000   1.0000       realNov
282.0000    0    2.000   1.0000          NULL 
284.0000    4    2.000   1.0000     pseudoNov
286.0000    4    2.000   1.0000     pseudoNov
288.0000    0    2.000   1.0000          NULL 
290.0000    1    2.000   1.0000       realRep
292.0000    4    2.000   1.0000     pseudoNov
294.0000    1    2.000   1.0000       realRep
296.0000    4    2.000   1.0000     pseudoNov
298.0000    3    2.000   1.0000     pseudoRep
300.0000    3    2.000   1.0000     pseudoRep
302.0000    2    2.000   1.0000       realNov
304.0000    4    2.000   1.0000     pseudoNov
306.0000    4    2.000   1.0000     pseudoNov
308.0000    0    2.000   1.0000          NULL 
310.0000    3    2.000   1.0000     pseudoRep
312.0000    2    2.000   1.0000       realNov
314.0000    4    2.000   1.0000     pseudoNov
316.0000    1    2.000   1.0000       realRep
318.0000    0    2.000   1.0000          NULL 
320.0000    3    2.000   1.0000     pseudoRep
322.0000    1    2.000   1.0000       realRep
324.0000    0    2.000   1.0000          NULL 
326.0000    4    2.000   1.0000     pseudoNov
328.0000    4    2.000   1.0000     pseudoNov
330.0000    4    2.000   1.0000     pseudoNov
332.0000    1    2.000   1.0000       realRep
334.0000    0    2.000   1.0000          NULL 
336.0000    1    2.000   1.0000       realRep
338.0000    3    2.000   1.0000     pseudoRep
340.0000    0    2.000   1.0000          NULL 
342.0000    4    2.000   1.0000     pseudoNov
344.0000    2    2.000   1.0000       realNov
346.0000    3    2.000   1.0000     pseudoRep
348.0000    3    2.000   1.0000     pseudoRep
350.0000    4    2.000   1.0000     pseudoNov
352.0000    2    2.000   1.0000       realNov
354.0000    0    2.000   1.0000          NULL 
356.0000    1    2.000   1.0000       realRep
358.0000    0    2.000   1.0000          NULL 
360.0000    4    2.000   1.0000     pseudoNov
362.0000    2    2.000   1.0000       realNov
364.0000    1    2.000   1.0000       realRep
366.0000    4    2.000   1.0000     pseudoNov
368.0000    2    2.000   1.0000       realNov
370.0000    0    2.000   1.0000          NULL 
372.0000    2    2.000   1.0000       realNov
374.0000    4    2.000   1.0000     pseudoNov
376.0000    0    2.000   1.0000          NULL 
378.0000    1    2.000   1.0000       realRep
380.0000    0    2.000   1.0000          NULL 
382.0000    4    2.000   1.0000     pseudoNov
384.0000    4    2.000   1.0000     pseudoNov
386.0000    1    2.000   1.0000       realRep
388.0000    1    2.000   1.0000       realRep
390.0000    0    2.000   1.0000          NULL 
392.0000    2    2.000   1.0000       realNov
394.0000    3    2.000   1.0000     pseudoRep
396.0000    1    2.000   1.0000       realRep
398.0000    2    2.000   1.0000       realNov
