  0.0000    3    2.000   1.0000     pseudoRep
  2.0000    4    2.000   1.0000     pseudoNov
  4.0000    3    2.000   1.0000     pseudoRep
  6.0000    3    2.000   1.0000     pseudoRep
  8.0000    2    2.000   1.0000       realNov
 10.0000    4    2.000   1.0000     pseudoNov
 12.0000    2    2.000   1.0000       realNov
 14.0000    4    2.000   1.0000     pseudoNov
 16.0000    2    2.000   1.0000       realNov
 18.0000    0    4.000   1.0000          NULL 
 22.0000    4    2.000   1.0000     pseudoNov
 24.0000    3    2.000   1.0000     pseudoRep
 26.0000    2    2.000   1.0000       realNov
 28.0000    1    2.000   1.0000       realRep
 30.0000    4    2.000   1.0000     pseudoNov
 32.0000    0    2.000   1.0000          NULL 
 34.0000    3    2.000   1.0000     pseudoRep
 36.0000    1    2.000   1.0000       realRep
 38.0000    1    2.000   1.0000       realRep
 40.0000    2    2.000   1.0000       realNov
 42.0000    4    2.000   1.0000     pseudoNov
 44.0000    0    2.000   1.0000          NULL 
 46.0000    1    2.000   1.0000       realRep
 48.0000    0    2.000   1.0000          NULL 
 50.0000    1    2.000   1.0000       realRep
 52.0000    1    2.000   1.0000       realRep
 54.0000    1    2.000   1.0000       realRep
 56.0000    3    2.000   1.0000     pseudoRep
 58.0000    0    2.000   1.0000          NULL 
 60.0000    2    2.000   1.0000       realNov
 62.0000    0    2.000   1.0000          NULL 
 64.0000    3    2.000   1.0000     pseudoRep
 66.0000    2    2.000   1.0000       realNov
 68.0000    1    2.000   1.0000       realRep
 70.0000    3    2.000   1.0000     pseudoRep
 72.0000    3    2.000   1.0000     pseudoRep
 74.0000    0    2.000   1.0000          NULL 
 76.0000    4    2.000   1.0000     pseudoNov
 78.0000    4    2.000   1.0000     pseudoNov
 80.0000    3    2.000   1.0000     pseudoRep
 82.0000    4    2.000   1.0000     pseudoNov
 84.0000    4    2.000   1.0000     pseudoNov
 86.0000    1    2.000   1.0000       realRep
 88.0000    3    2.000   1.0000     pseudoRep
 90.0000    1    2.000   1.0000       realRep
 92.0000    4    2.000   1.0000     pseudoNov
 94.0000    2    2.000   1.0000       realNov
 96.0000    0    2.000   1.0000          NULL 
 98.0000    3    2.000   1.0000     pseudoRep
100.0000    4    2.000   1.0000     pseudoNov
102.0000    3    2.000   1.0000     pseudoRep
104.0000    3    2.000   1.0000     pseudoRep
106.0000    4    2.000   1.0000     pseudoNov
108.0000    1    2.000   1.0000       realRep
110.0000    2    2.000   1.0000       realNov
112.0000    2    2.000   1.0000       realNov
114.0000    4    2.000   1.0000     pseudoNov
116.0000    0    4.000   1.0000          NULL 
120.0000    4    2.000   1.0000     pseudoNov
122.0000    3    2.000   1.0000     pseudoRep
124.0000    4    2.000   1.0000     pseudoNov
126.0000    1    2.000   1.0000       realRep
128.0000    4    2.000   1.0000     pseudoNov
130.0000    0    2.000   1.0000          NULL 
132.0000    4    2.000   1.0000     pseudoNov
134.0000    1    2.000   1.0000       realRep
136.0000    2    2.000   1.0000       realNov
138.0000    2    2.000   1.0000       realNov
140.0000    1    2.000   1.0000       realRep
142.0000    0    2.000   1.0000          NULL 
144.0000    3    2.000   1.0000     pseudoRep
146.0000    0    2.000   1.0000          NULL 
148.0000    4    2.000   1.0000     pseudoNov
150.0000    3    2.000   1.0000     pseudoRep
152.0000    2    2.000   1.0000       realNov
154.0000    1    2.000   1.0000       realRep
156.0000    2    2.000   1.0000       realNov
158.0000    3    2.000   1.0000     pseudoRep
160.0000    2    2.000   1.0000       realNov
162.0000    0    2.000   1.0000          NULL 
164.0000    3    2.000   1.0000     pseudoRep
166.0000    2    2.000   1.0000       realNov
168.0000    3    2.000   1.0000     pseudoRep
170.0000    4    2.000   1.0000     pseudoNov
172.0000    0    2.000   1.0000          NULL 
174.0000    1    2.000   1.0000       realRep
176.0000    3    2.000   1.0000     pseudoRep
178.0000    0    2.000   1.0000          NULL 
180.0000    1    2.000   1.0000       realRep
182.0000    3    2.000   1.0000     pseudoRep
184.0000    2    2.000   1.0000       realNov
186.0000    0    2.000   1.0000          NULL 
188.0000    2    2.000   1.0000       realNov
190.0000    1    2.000   1.0000       realRep
192.0000    2    2.000   1.0000       realNov
194.0000    2    2.000   1.0000       realNov
196.0000    1    2.000   1.0000       realRep
198.0000    3    2.000   1.0000     pseudoRep
200.0000    0    2.000   1.0000          NULL 
202.0000    1    2.000   1.0000       realRep
204.0000    2    2.000   1.0000       realNov
206.0000    2    2.000   1.0000       realNov
208.0000    3    2.000   1.0000     pseudoRep
210.0000    2    2.000   1.0000       realNov
212.0000    4    2.000   1.0000     pseudoNov
214.0000    0    4.000   1.0000          NULL 
218.0000    3    2.000   1.0000     pseudoRep
220.0000    3    2.000   1.0000     pseudoRep
222.0000    2    2.000   1.0000       realNov
224.0000    4    2.000   1.0000     pseudoNov
226.0000    4    2.000   1.0000     pseudoNov
228.0000    3    2.000   1.0000     pseudoRep
230.0000    3    2.000   1.0000     pseudoRep
232.0000    0    2.000   1.0000          NULL 
234.0000    2    2.000   1.0000       realNov
236.0000    1    2.000   1.0000       realRep
238.0000    3    2.000   1.0000     pseudoRep
240.0000    1    2.000   1.0000       realRep
242.0000    4    2.000   1.0000     pseudoNov
244.0000    3    2.000   1.0000     pseudoRep
246.0000    3    2.000   1.0000     pseudoRep
248.0000    0    2.000   1.0000          NULL 
250.0000    1    2.000   1.0000       realRep
252.0000    2    2.000   1.0000       realNov
254.0000    0    2.000   1.0000          NULL 
256.0000    1    2.000   1.0000       realRep
258.0000    4    2.000   1.0000     pseudoNov
260.0000    0    2.000   1.0000          NULL 
262.0000    1    2.000   1.0000       realRep
264.0000    3    2.000   1.0000     pseudoRep
266.0000    0    2.000   1.0000          NULL 
268.0000    4    2.000   1.0000     pseudoNov
270.0000    0    2.000   1.0000          NULL 
272.0000    4    2.000   1.0000     pseudoNov
274.0000    1    2.000   1.0000       realRep
276.0000    4    2.000   1.0000     pseudoNov
278.0000    1    2.000   1.0000       realRep
280.0000    2    2.000   1.0000       realNov
282.0000    1    2.000   1.0000       realRep
284.0000    3    2.000   1.0000     pseudoRep
286.0000    0    2.000   1.0000          NULL 
288.0000    2    2.000   1.0000       realNov
290.0000    2    2.000   1.0000       realNov
292.0000    1    2.000   1.0000       realRep
294.0000    0    2.000   1.0000          NULL 
296.0000    3    2.000   1.0000     pseudoRep
298.0000    1    2.000   1.0000       realRep
300.0000    2    2.000   1.0000       realNov
302.0000    1    2.000   1.0000       realRep
304.0000    1    2.000   1.0000       realRep
306.0000    0    2.000   1.0000          NULL 
308.0000    1    2.000   1.0000       realRep
310.0000    2    2.000   1.0000       realNov
312.0000    4    2.000   1.0000     pseudoNov
314.0000    4    2.000   1.0000     pseudoNov
316.0000    4    2.000   1.0000     pseudoNov
318.0000    4    2.000   1.0000     pseudoNov
320.0000    2    2.000   1.0000       realNov
322.0000    0    4.000   1.0000          NULL 
326.0000    3    2.000   1.0000     pseudoRep
328.0000    1    2.000   1.0000       realRep
330.0000    0    2.000   1.0000          NULL 
332.0000    2    2.000   1.0000       realNov
334.0000    2    2.000   1.0000       realNov
336.0000    0    2.000   1.0000          NULL 
338.0000    2    2.000   1.0000       realNov
340.0000    4    2.000   1.0000     pseudoNov
342.0000    4    2.000   1.0000     pseudoNov
344.0000    2    2.000   1.0000       realNov
346.0000    3    2.000   1.0000     pseudoRep
348.0000    3    2.000   1.0000     pseudoRep
350.0000    4    2.000   1.0000     pseudoNov
352.0000    1    2.000   1.0000       realRep
354.0000    1    2.000   1.0000       realRep
356.0000    0    2.000   1.0000          NULL 
358.0000    4    2.000   1.0000     pseudoNov
360.0000    4    2.000   1.0000     pseudoNov
362.0000    0    2.000   1.0000          NULL 
364.0000    3    2.000   1.0000     pseudoRep
366.0000    1    2.000   1.0000       realRep
368.0000    2    2.000   1.0000       realNov
370.0000    0    4.000   1.0000          NULL 
374.0000    4    2.000   1.0000     pseudoNov
376.0000    1    2.000   1.0000       realRep
378.0000    3    2.000   1.0000     pseudoRep
380.0000    2    2.000   1.0000       realNov
382.0000    0    2.000   1.0000          NULL 
384.0000    2    2.000   1.0000       realNov
386.0000    3    2.000   1.0000     pseudoRep
388.0000    1    2.000   1.0000       realRep
390.0000    4    2.000   1.0000     pseudoNov
392.0000    0    2.000   1.0000          NULL 
394.0000    1    2.000   1.0000       realRep
396.0000    2    2.000   1.0000       realNov
398.0000    4    2.000   1.0000     pseudoNov
