  0.0000    2    2.000   1.0000       realNov
  2.0000    3    2.000   1.0000     pseudoRep
  4.0000    3    2.000   1.0000     pseudoRep
  6.0000    2    2.000   1.0000       realNov
  8.0000    0    2.000   1.0000          NULL 
 10.0000    2    2.000   1.0000       realNov
 12.0000    1    2.000   1.0000       realRep
 14.0000    1    2.000   1.0000       realRep
 16.0000    1    2.000   1.0000       realRep
 18.0000    3    2.000   1.0000     pseudoRep
 20.0000    0    2.000   1.0000          NULL 
 22.0000    3    2.000   1.0000     pseudoRep
 24.0000    0    2.000   1.0000          NULL 
 26.0000    4    2.000   1.0000     pseudoNov
 28.0000    0    2.000   1.0000          NULL 
 30.0000    4    2.000   1.0000     pseudoNov
 32.0000    3    2.000   1.0000     pseudoRep
 34.0000    2    2.000   1.0000       realNov
 36.0000    0    2.000   1.0000          NULL 
 38.0000    1    2.000   1.0000       realRep
 40.0000    0    2.000   1.0000          NULL 
 42.0000    4    2.000   1.0000     pseudoNov
 44.0000    4    2.000   1.0000     pseudoNov
 46.0000    1    2.000   1.0000       realRep
 48.0000    1    2.000   1.0000       realRep
 50.0000    0    2.000   1.0000          NULL 
 52.0000    1    2.000   1.0000       realRep
 54.0000    2    2.000   1.0000       realNov
 56.0000    3    2.000   1.0000     pseudoRep
 58.0000    2    2.000   1.0000       realNov
 60.0000    4    2.000   1.0000     pseudoNov
 62.0000    4    2.000   1.0000     pseudoNov
 64.0000    0    2.000   1.0000          NULL 
 66.0000    4    2.000   1.0000     pseudoNov
 68.0000    3    2.000   1.0000     pseudoRep
 70.0000    2    2.000   1.0000       realNov
 72.0000    1    2.000   1.0000       realRep
 74.0000    3    2.000   1.0000     pseudoRep
 76.0000    2    2.000   1.0000       realNov
 78.0000    2    2.000   1.0000       realNov
 80.0000    3    2.000   1.0000     pseudoRep
 82.0000    0    2.000   1.0000          NULL 
 84.0000    4    2.000   1.0000     pseudoNov
 86.0000    1    2.000   1.0000       realRep
 88.0000    0    2.000   1.0000          NULL 
 90.0000    2    2.000   1.0000       realNov
 92.0000    3    2.000   1.0000     pseudoRep
 94.0000    4    2.000   1.0000     pseudoNov
 96.0000    2    2.000   1.0000       realNov
 98.0000    0    2.000   1.0000          NULL 
100.0000    4    2.000   1.0000     pseudoNov
102.0000    2    2.000   1.0000       realNov
104.0000    1    2.000   1.0000       realRep
106.0000    1    2.000   1.0000       realRep
108.0000    2    2.000   1.0000       realNov
110.0000    0    2.000   1.0000          NULL 
112.0000    3    2.000   1.0000     pseudoRep
114.0000    4    2.000   1.0000     pseudoNov
116.0000    4    2.000   1.0000     pseudoNov
118.0000    0    2.000   1.0000          NULL 
120.0000    2    2.000   1.0000       realNov
122.0000    0    4.000   1.0000          NULL 
126.0000    3    2.000   1.0000     pseudoRep
128.0000    1    2.000   1.0000       realRep
130.0000    3    2.000   1.0000     pseudoRep
132.0000    0    2.000   1.0000          NULL 
134.0000    3    2.000   1.0000     pseudoRep
136.0000    3    2.000   1.0000     pseudoRep
138.0000    2    2.000   1.0000       realNov
140.0000    4    2.000   1.0000     pseudoNov
142.0000    2    2.000   1.0000       realNov
144.0000    2    2.000   1.0000       realNov
146.0000    4    2.000   1.0000     pseudoNov
148.0000    4    2.000   1.0000     pseudoNov
150.0000    2    2.000   1.0000       realNov
152.0000    0    2.000   1.0000          NULL 
154.0000    3    2.000   1.0000     pseudoRep
156.0000    0    2.000   1.0000          NULL 
158.0000    3    2.000   1.0000     pseudoRep
160.0000    2    2.000   1.0000       realNov
162.0000    0    2.000   1.0000          NULL 
164.0000    1    2.000   1.0000       realRep
166.0000    3    2.000   1.0000     pseudoRep
168.0000    0    2.000   1.0000          NULL 
170.0000    2    2.000   1.0000       realNov
172.0000    4    2.000   1.0000     pseudoNov
174.0000    1    2.000   1.0000       realRep
176.0000    3    2.000   1.0000     pseudoRep
178.0000    3    2.000   1.0000     pseudoRep
180.0000    1    2.000   1.0000       realRep
182.0000    1    2.000   1.0000       realRep
184.0000    3    2.000   1.0000     pseudoRep
186.0000    4    2.000   1.0000     pseudoNov
188.0000    3    2.000   1.0000     pseudoRep
190.0000    3    2.000   1.0000     pseudoRep
192.0000    2    2.000   1.0000       realNov
194.0000    0    2.000   1.0000          NULL 
196.0000    3    2.000   1.0000     pseudoRep
198.0000    3    2.000   1.0000     pseudoRep
200.0000    1    2.000   1.0000       realRep
202.0000    4    2.000   1.0000     pseudoNov
204.0000    1    2.000   1.0000       realRep
206.0000    2    2.000   1.0000       realNov
208.0000    1    2.000   1.0000       realRep
210.0000    4    2.000   1.0000     pseudoNov
212.0000    4    2.000   1.0000     pseudoNov
214.0000    4    2.000   1.0000     pseudoNov
216.0000    3    2.000   1.0000     pseudoRep
218.0000    4    2.000   1.0000     pseudoNov
220.0000    0    6.000   1.0000          NULL 
226.0000    3    2.000   1.0000     pseudoRep
228.0000    1    2.000   1.0000       realRep
230.0000    2    2.000   1.0000       realNov
232.0000    2    2.000   1.0000       realNov
234.0000    0    2.000   1.0000          NULL 
236.0000    3    2.000   1.0000     pseudoRep
238.0000    3    2.000   1.0000     pseudoRep
240.0000    4    2.000   1.0000     pseudoNov
242.0000    3    2.000   1.0000     pseudoRep
244.0000    4    2.000   1.0000     pseudoNov
246.0000    1    2.000   1.0000       realRep
248.0000    2    2.000   1.0000       realNov
250.0000    3    2.000   1.0000     pseudoRep
252.0000    2    2.000   1.0000       realNov
254.0000    3    2.000   1.0000     pseudoRep
256.0000    2    2.000   1.0000       realNov
258.0000    0    4.000   1.0000          NULL 
262.0000    1    2.000   1.0000       realRep
264.0000    2    2.000   1.0000       realNov
266.0000    0    2.000   1.0000          NULL 
268.0000    1    2.000   1.0000       realRep
270.0000    4    2.000   1.0000     pseudoNov
272.0000    0    2.000   1.0000          NULL 
274.0000    4    2.000   1.0000     pseudoNov
276.0000    4    2.000   1.0000     pseudoNov
278.0000    4    2.000   1.0000     pseudoNov
280.0000    2    2.000   1.0000       realNov
282.0000    2    2.000   1.0000       realNov
284.0000    2    2.000   1.0000       realNov
286.0000    1    2.000   1.0000       realRep
288.0000    2    2.000   1.0000       realNov
290.0000    2    2.000   1.0000       realNov
292.0000    1    2.000   1.0000       realRep
294.0000    0    8.000   1.0000          NULL 
302.0000    1    2.000   1.0000       realRep
304.0000    2    2.000   1.0000       realNov
306.0000    1    2.000   1.0000       realRep
308.0000    0    4.000   1.0000          NULL 
312.0000    4    2.000   1.0000     pseudoNov
314.0000    1    2.000   1.0000       realRep
316.0000    1    2.000   1.0000       realRep
318.0000    4    2.000   1.0000     pseudoNov
320.0000    2    2.000   1.0000       realNov
322.0000    3    2.000   1.0000     pseudoRep
324.0000    0    2.000   1.0000          NULL 
326.0000    3    2.000   1.0000     pseudoRep
328.0000    4    2.000   1.0000     pseudoNov
330.0000    3    2.000   1.0000     pseudoRep
332.0000    4    2.000   1.0000     pseudoNov
334.0000    1    2.000   1.0000       realRep
336.0000    3    2.000   1.0000     pseudoRep
338.0000    3    2.000   1.0000     pseudoRep
340.0000    1    2.000   1.0000       realRep
342.0000    0    2.000   1.0000          NULL 
344.0000    1    2.000   1.0000       realRep
346.0000    4    2.000   1.0000     pseudoNov
348.0000    2    2.000   1.0000       realNov
350.0000    0    2.000   1.0000          NULL 
352.0000    1    2.000   1.0000       realRep
354.0000    4    2.000   1.0000     pseudoNov
356.0000    4    2.000   1.0000     pseudoNov
358.0000    0    2.000   1.0000          NULL 
360.0000    2    2.000   1.0000       realNov
362.0000    1    2.000   1.0000       realRep
364.0000    1    2.000   1.0000       realRep
366.0000    4    2.000   1.0000     pseudoNov
368.0000    1    2.000   1.0000       realRep
370.0000    1    2.000   1.0000       realRep
372.0000    2    2.000   1.0000       realNov
374.0000    2    2.000   1.0000       realNov
376.0000    0    2.000   1.0000          NULL 
378.0000    1    2.000   1.0000       realRep
380.0000    1    2.000   1.0000       realRep
382.0000    4    2.000   1.0000     pseudoNov
384.0000    3    2.000   1.0000     pseudoRep
386.0000    1    2.000   1.0000       realRep
388.0000    2    2.000   1.0000       realNov
390.0000    4    2.000   1.0000     pseudoNov
392.0000    3    2.000   1.0000     pseudoRep
394.0000    4    2.000   1.0000     pseudoNov
396.0000    3    2.000   1.0000     pseudoRep
398.0000    4    2.000   1.0000     pseudoNov
