  0.0000    4    2.000   1.0000     pseudoNov
  2.0000    4    2.000   1.0000     pseudoNov
  4.0000    4    2.000   1.0000     pseudoNov
  6.0000    2    2.000   1.0000       realNov
  8.0000    0    4.000   1.0000          NULL 
 12.0000    1    2.000   1.0000       realRep
 14.0000    2    2.000   1.0000       realNov
 16.0000    0    4.000   1.0000          NULL 
 20.0000    2    2.000   1.0000       realNov
 22.0000    3    2.000   1.0000     pseudoRep
 24.0000    2    2.000   1.0000       realNov
 26.0000    0    2.000   1.0000          NULL 
 28.0000    1    2.000   1.0000       realRep
 30.0000    1    2.000   1.0000       realRep
 32.0000    2    2.000   1.0000       realNov
 34.0000    3    2.000   1.0000     pseudoRep
 36.0000    3    2.000   1.0000     pseudoRep
 38.0000    0    2.000   1.0000          NULL 
 40.0000    1    2.000   1.0000       realRep
 42.0000    2    2.000   1.0000       realNov
 44.0000    2    2.000   1.0000       realNov
 46.0000    3    2.000   1.0000     pseudoRep
 48.0000    0    2.000   1.0000          NULL 
 50.0000    3    2.000   1.0000     pseudoRep
 52.0000    2    2.000   1.0000       realNov
 54.0000    1    2.000   1.0000       realRep
 56.0000    0    2.000   1.0000          NULL 
 58.0000    1    2.000   1.0000       realRep
 60.0000    4    2.000   1.0000     pseudoNov
 62.0000    0    2.000   1.0000          NULL 
 64.0000    3    2.000   1.0000     pseudoRep
 66.0000    3    2.000   1.0000     pseudoRep
 68.0000    3    2.000   1.0000     pseudoRep
 70.0000    1    2.000   1.0000       realRep
 72.0000    1    2.000   1.0000       realRep
 74.0000    0    2.000   1.0000          NULL 
 76.0000    1    2.000   1.0000       realRep
 78.0000    2    2.000   1.0000       realNov
 80.0000    4    2.000   1.0000     pseudoNov
 82.0000    3    2.000   1.0000     pseudoRep
 84.0000    4    2.000   1.0000     pseudoNov
 86.0000    1    2.000   1.0000       realRep
 88.0000    3    2.000   1.0000     pseudoRep
 90.0000    1    2.000   1.0000       realRep
 92.0000    1    2.000   1.0000       realRep
 94.0000    0    2.000   1.0000          NULL 
 96.0000    1    2.000   1.0000       realRep
 98.0000    2    2.000   1.0000       realNov
100.0000    2    2.000   1.0000       realNov
102.0000    4    2.000   1.0000     pseudoNov
104.0000    1    2.000   1.0000       realRep
106.0000    2    2.000   1.0000       realNov
108.0000    0    2.000   1.0000          NULL 
110.0000    4    2.000   1.0000     pseudoNov
112.0000    1    2.000   1.0000       realRep
114.0000    2    2.000   1.0000       realNov
116.0000    1    2.000   1.0000       realRep
118.0000    3    2.000   1.0000     pseudoRep
120.0000    4    2.000   1.0000     pseudoNov
122.0000    4    2.000   1.0000     pseudoNov
124.0000    3    2.000   1.0000     pseudoRep
126.0000    0    2.000   1.0000          NULL 
128.0000    4    2.000   1.0000     pseudoNov
130.0000    4    2.000   1.0000     pseudoNov
132.0000    3    2.000   1.0000     pseudoRep
134.0000    0    2.000   1.0000          NULL 
136.0000    3    2.000   1.0000     pseudoRep
138.0000    1    2.000   1.0000       realRep
140.0000    3    2.000   1.0000     pseudoRep
142.0000    3    2.000   1.0000     pseudoRep
144.0000    0    2.000   1.0000          NULL 
146.0000    2    2.000   1.0000       realNov
148.0000    2    2.000   1.0000       realNov
150.0000    1    2.000   1.0000       realRep
152.0000    2    2.000   1.0000       realNov
154.0000    3    2.000   1.0000     pseudoRep
156.0000    0    4.000   1.0000          NULL 
160.0000    2    2.000   1.0000       realNov
162.0000    4    2.000   1.0000     pseudoNov
164.0000    1    2.000   1.0000       realRep
166.0000    4    2.000   1.0000     pseudoNov
168.0000    0    4.000   1.0000          NULL 
172.0000    3    2.000   1.0000     pseudoRep
174.0000    3    2.000   1.0000     pseudoRep
176.0000    1    2.000   1.0000       realRep
178.0000    2    2.000   1.0000       realNov
180.0000    1    2.000   1.0000       realRep
182.0000    2    2.000   1.0000       realNov
184.0000    3    2.000   1.0000     pseudoRep
186.0000    1    2.000   1.0000       realRep
188.0000    4    2.000   1.0000     pseudoNov
190.0000    0    2.000   1.0000          NULL 
192.0000    4    2.000   1.0000     pseudoNov
194.0000    1    2.000   1.0000       realRep
196.0000    2    2.000   1.0000       realNov
198.0000    1    2.000   1.0000       realRep
200.0000    0    2.000   1.0000          NULL 
202.0000    4    2.000   1.0000     pseudoNov
204.0000    3    2.000   1.0000     pseudoRep
206.0000    1    2.000   1.0000       realRep
208.0000    3    2.000   1.0000     pseudoRep
210.0000    3    2.000   1.0000     pseudoRep
212.0000    4    2.000   1.0000     pseudoNov
214.0000    0    4.000   1.0000          NULL 
218.0000    4    2.000   1.0000     pseudoNov
220.0000    4    2.000   1.0000     pseudoNov
222.0000    4    2.000   1.0000     pseudoNov
224.0000    0    2.000   1.0000          NULL 
226.0000    2    2.000   1.0000       realNov
228.0000    2    2.000   1.0000       realNov
230.0000    2    2.000   1.0000       realNov
232.0000    0    2.000   1.0000          NULL 
234.0000    3    2.000   1.0000     pseudoRep
236.0000    3    2.000   1.0000     pseudoRep
238.0000    2    2.000   1.0000       realNov
240.0000    4    2.000   1.0000     pseudoNov
242.0000    1    2.000   1.0000       realRep
244.0000    1    2.000   1.0000       realRep
246.0000    3    2.000   1.0000     pseudoRep
248.0000    4    2.000   1.0000     pseudoNov
250.0000    1    2.000   1.0000       realRep
252.0000    4    2.000   1.0000     pseudoNov
254.0000    4    2.000   1.0000     pseudoNov
256.0000    0    2.000   1.0000          NULL 
258.0000    1    2.000   1.0000       realRep
260.0000    1    2.000   1.0000       realRep
262.0000    4    2.000   1.0000     pseudoNov
264.0000    3    2.000   1.0000     pseudoRep
266.0000    0    2.000   1.0000          NULL 
268.0000    3    2.000   1.0000     pseudoRep
270.0000    0    2.000   1.0000          NULL 
272.0000    2    2.000   1.0000       realNov
274.0000    2    2.000   1.0000       realNov
276.0000    0    2.000   1.0000          NULL 
278.0000    4    2.000   1.0000     pseudoNov
280.0000    3    2.000   1.0000     pseudoRep
282.0000    0    2.000   1.0000          NULL 
284.0000    3    2.000   1.0000     pseudoRep
286.0000    0    2.000   1.0000          NULL 
288.0000    3    2.000   1.0000     pseudoRep
290.0000    4    2.000   1.0000     pseudoNov
292.0000    2    2.000   1.0000       realNov
294.0000    2    2.000   1.0000       realNov
296.0000    2    2.000   1.0000       realNov
298.0000    1    2.000   1.0000       realRep
300.0000    3    2.000   1.0000     pseudoRep
302.0000    0    2.000   1.0000          NULL 
304.0000    1    2.000   1.0000       realRep
306.0000    3    2.000   1.0000     pseudoRep
308.0000    4    2.000   1.0000     pseudoNov
310.0000    0    2.000   1.0000          NULL 
312.0000    2    2.000   1.0000       realNov
314.0000    4    2.000   1.0000     pseudoNov
316.0000    0    2.000   1.0000          NULL 
318.0000    4    2.000   1.0000     pseudoNov
320.0000    4    2.000   1.0000     pseudoNov
322.0000    2    2.000   1.0000       realNov
324.0000    1    2.000   1.0000       realRep
326.0000    1    2.000   1.0000       realRep
328.0000    3    2.000   1.0000     pseudoRep
330.0000    1    2.000   1.0000       realRep
332.0000    3    2.000   1.0000     pseudoRep
334.0000    2    2.000   1.0000       realNov
336.0000    0    2.000   1.0000          NULL 
338.0000    4    2.000   1.0000     pseudoNov
340.0000    0    2.000   1.0000          NULL 
342.0000    4    2.000   1.0000     pseudoNov
344.0000    3    2.000   1.0000     pseudoRep
346.0000    1    2.000   1.0000       realRep
348.0000    0    4.000   1.0000          NULL 
352.0000    2    2.000   1.0000       realNov
354.0000    4    2.000   1.0000     pseudoNov
356.0000    2    2.000   1.0000       realNov
358.0000    1    2.000   1.0000       realRep
360.0000    3    2.000   1.0000     pseudoRep
362.0000    2    2.000   1.0000       realNov
364.0000    2    2.000   1.0000       realNov
366.0000    3    2.000   1.0000     pseudoRep
368.0000    2    2.000   1.0000       realNov
370.0000    0    2.000   1.0000          NULL 
372.0000    2    2.000   1.0000       realNov
374.0000    4    2.000   1.0000     pseudoNov
376.0000    2    2.000   1.0000       realNov
378.0000    4    2.000   1.0000     pseudoNov
380.0000    4    2.000   1.0000     pseudoNov
382.0000    1    2.000   1.0000       realRep
384.0000    4    2.000   1.0000     pseudoNov
386.0000    1    2.000   1.0000       realRep
388.0000    0    2.000   1.0000          NULL 
390.0000    1    2.000   1.0000       realRep
392.0000    4    2.000   1.0000     pseudoNov
394.0000    2    2.000   1.0000       realNov
396.0000    3    2.000   1.0000     pseudoRep
398.0000    3    2.000   1.0000     pseudoRep
