  0.0000    1    2.000   1.0000       realRep
  2.0000    4    2.000   1.0000     pseudoNov
  4.0000    1    2.000   1.0000       realRep
  6.0000    4    2.000   1.0000     pseudoNov
  8.0000    1    2.000   1.0000       realRep
 10.0000    3    2.000   1.0000     pseudoRep
 12.0000    2    2.000   1.0000       realNov
 14.0000    4    2.000   1.0000     pseudoNov
 16.0000    1    2.000   1.0000       realRep
 18.0000    2    2.000   1.0000       realNov
 20.0000    3    2.000   1.0000     pseudoRep
 22.0000    4    2.000   1.0000     pseudoNov
 24.0000    0    2.000   1.0000          NULL 
 26.0000    1    2.000   1.0000       realRep
 28.0000    2    2.000   1.0000       realNov
 30.0000    1    2.000   1.0000       realRep
 32.0000    1    2.000   1.0000       realRep
 34.0000    3    2.000   1.0000     pseudoRep
 36.0000    3    2.000   1.0000     pseudoRep
 38.0000    0    2.000   1.0000          NULL 
 40.0000    3    2.000   1.0000     pseudoRep
 42.0000    3    2.000   1.0000     pseudoRep
 44.0000    2    2.000   1.0000       realNov
 46.0000    4    2.000   1.0000     pseudoNov
 48.0000    2    2.000   1.0000       realNov
 50.0000    0    2.000   1.0000          NULL 
 52.0000    3    2.000   1.0000     pseudoRep
 54.0000    2    2.000   1.0000       realNov
 56.0000    0    4.000   1.0000          NULL 
 60.0000    3    2.000   1.0000     pseudoRep
 62.0000    2    2.000   1.0000       realNov
 64.0000    2    2.000   1.0000       realNov
 66.0000    2    2.000   1.0000       realNov
 68.0000    3    2.000   1.0000     pseudoRep
 70.0000    3    2.000   1.0000     pseudoRep
 72.0000    4    2.000   1.0000     pseudoNov
 74.0000    0    2.000   1.0000          NULL 
 76.0000    3    2.000   1.0000     pseudoRep
 78.0000    1    2.000   1.0000       realRep
 80.0000    2    2.000   1.0000       realNov
 82.0000    3    2.000   1.0000     pseudoRep
 84.0000    1    2.000   1.0000       realRep
 86.0000    0    2.000   1.0000          NULL 
 88.0000    2    2.000   1.0000       realNov
 90.0000    0    2.000   1.0000          NULL 
 92.0000    4    2.000   1.0000     pseudoNov
 94.0000    0    2.000   1.0000          NULL 
 96.0000    3    2.000   1.0000     pseudoRep
 98.0000    1    2.000   1.0000       realRep
100.0000    2    2.000   1.0000       realNov
102.0000    0    2.000   1.0000          NULL 
104.0000    2    2.000   1.0000       realNov
106.0000    2    2.000   1.0000       realNov
108.0000    4    2.000   1.0000     pseudoNov
110.0000    1    2.000   1.0000       realRep
112.0000    3    2.000   1.0000     pseudoRep
114.0000    1    2.000   1.0000       realRep
116.0000    2    2.000   1.0000       realNov
118.0000    0    4.000   1.0000          NULL 
122.0000    3    2.000   1.0000     pseudoRep
124.0000    1    2.000   1.0000       realRep
126.0000    3    2.000   1.0000     pseudoRep
128.0000    2    2.000   1.0000       realNov
130.0000    1    2.000   1.0000       realRep
132.0000    4    2.000   1.0000     pseudoNov
134.0000    0    2.000   1.0000          NULL 
136.0000    3    2.000   1.0000     pseudoRep
138.0000    1    2.000   1.0000       realRep
140.0000    1    2.000   1.0000       realRep
142.0000    4    2.000   1.0000     pseudoNov
144.0000    2    2.000   1.0000       realNov
146.0000    4    2.000   1.0000     pseudoNov
148.0000    1    2.000   1.0000       realRep
150.0000    0    2.000   1.0000          NULL 
152.0000    3    2.000   1.0000     pseudoRep
154.0000    1    2.000   1.0000       realRep
156.0000    2    2.000   1.0000       realNov
158.0000    3    2.000   1.0000     pseudoRep
160.0000    0    2.000   1.0000          NULL 
162.0000    2    2.000   1.0000       realNov
164.0000    3    2.000   1.0000     pseudoRep
166.0000    0    4.000   1.0000          NULL 
170.0000    1    2.000   1.0000       realRep
172.0000    0    2.000   1.0000          NULL 
174.0000    1    2.000   1.0000       realRep
176.0000    2    2.000   1.0000       realNov
178.0000    2    2.000   1.0000       realNov
180.0000    2    2.000   1.0000       realNov
182.0000    4    2.000   1.0000     pseudoNov
184.0000    2    2.000   1.0000       realNov
186.0000    2    2.000   1.0000       realNov
188.0000    1    2.000   1.0000       realRep
190.0000    1    2.000   1.0000       realRep
192.0000    4    2.000   1.0000     pseudoNov
194.0000    0    2.000   1.0000          NULL 
196.0000    4    2.000   1.0000     pseudoNov
198.0000    2    2.000   1.0000       realNov
200.0000    0    2.000   1.0000          NULL 
202.0000    3    2.000   1.0000     pseudoRep
204.0000    3    2.000   1.0000     pseudoRep
206.0000    4    2.000   1.0000     pseudoNov
208.0000    3    2.000   1.0000     pseudoRep
210.0000    2    2.000   1.0000       realNov
212.0000    1    2.000   1.0000       realRep
214.0000    1    2.000   1.0000       realRep
216.0000    4    2.000   1.0000     pseudoNov
218.0000    3    2.000   1.0000     pseudoRep
220.0000    0    2.000   1.0000          NULL 
222.0000    3    2.000   1.0000     pseudoRep
224.0000    4    2.000   1.0000     pseudoNov
226.0000    4    2.000   1.0000     pseudoNov
228.0000    1    2.000   1.0000       realRep
230.0000    0    2.000   1.0000          NULL 
232.0000    3    2.000   1.0000     pseudoRep
234.0000    4    2.000   1.0000     pseudoNov
236.0000    3    2.000   1.0000     pseudoRep
238.0000    0    2.000   1.0000          NULL 
240.0000    4    2.000   1.0000     pseudoNov
242.0000    4    2.000   1.0000     pseudoNov
244.0000    0    2.000   1.0000          NULL 
246.0000    3    2.000   1.0000     pseudoRep
248.0000    4    2.000   1.0000     pseudoNov
250.0000    0    2.000   1.0000          NULL 
252.0000    2    2.000   1.0000       realNov
254.0000    4    2.000   1.0000     pseudoNov
256.0000    3    2.000   1.0000     pseudoRep
258.0000    1    2.000   1.0000       realRep
260.0000    2    2.000   1.0000       realNov
262.0000    1    2.000   1.0000       realRep
264.0000    0    2.000   1.0000          NULL 
266.0000    2    2.000   1.0000       realNov
268.0000    4    2.000   1.0000     pseudoNov
270.0000    1    2.000   1.0000       realRep
272.0000    2    2.000   1.0000       realNov
274.0000    2    2.000   1.0000       realNov
276.0000    0    2.000   1.0000          NULL 
278.0000    4    2.000   1.0000     pseudoNov
280.0000    4    2.000   1.0000     pseudoNov
282.0000    4    2.000   1.0000     pseudoNov
284.0000    4    2.000   1.0000     pseudoNov
286.0000    0    2.000   1.0000          NULL 
288.0000    1    2.000   1.0000       realRep
290.0000    4    2.000   1.0000     pseudoNov
292.0000    4    2.000   1.0000     pseudoNov
294.0000    4    2.000   1.0000     pseudoNov
296.0000    0    2.000   1.0000          NULL 
298.0000    4    2.000   1.0000     pseudoNov
300.0000    2    2.000   1.0000       realNov
302.0000    4    2.000   1.0000     pseudoNov
304.0000    1    2.000   1.0000       realRep
306.0000    4    2.000   1.0000     pseudoNov
308.0000    3    2.000   1.0000     pseudoRep
310.0000    3    2.000   1.0000     pseudoRep
312.0000    1    2.000   1.0000       realRep
314.0000    4    2.000   1.0000     pseudoNov
316.0000    1    2.000   1.0000       realRep
318.0000    0    2.000   1.0000          NULL 
320.0000    1    2.000   1.0000       realRep
322.0000    4    2.000   1.0000     pseudoNov
324.0000    3    2.000   1.0000     pseudoRep
326.0000    4    2.000   1.0000     pseudoNov
328.0000    3    2.000   1.0000     pseudoRep
330.0000    0    4.000   1.0000          NULL 
334.0000    3    2.000   1.0000     pseudoRep
336.0000    3    2.000   1.0000     pseudoRep
338.0000    0    2.000   1.0000          NULL 
340.0000    1    2.000   1.0000       realRep
342.0000    1    2.000   1.0000       realRep
344.0000    3    2.000   1.0000     pseudoRep
346.0000    2    2.000   1.0000       realNov
348.0000    3    2.000   1.0000     pseudoRep
350.0000    0    2.000   1.0000          NULL 
352.0000    4    2.000   1.0000     pseudoNov
354.0000    0    2.000   1.0000          NULL 
356.0000    2    2.000   1.0000       realNov
358.0000    0    2.000   1.0000          NULL 
360.0000    2    2.000   1.0000       realNov
362.0000    2    2.000   1.0000       realNov
364.0000    3    2.000   1.0000     pseudoRep
366.0000    1    2.000   1.0000       realRep
368.0000    4    2.000   1.0000     pseudoNov
370.0000    0    2.000   1.0000          NULL 
372.0000    1    2.000   1.0000       realRep
374.0000    3    2.000   1.0000     pseudoRep
376.0000    2    2.000   1.0000       realNov
378.0000    3    2.000   1.0000     pseudoRep
380.0000    0    2.000   1.0000          NULL 
382.0000    1    2.000   1.0000       realRep
384.0000    2    2.000   1.0000       realNov
386.0000    0    2.000   1.0000          NULL 
388.0000    4    2.000   1.0000     pseudoNov
390.0000    2    2.000   1.0000       realNov
392.0000    1    2.000   1.0000       realRep
394.0000    2    2.000   1.0000       realNov
396.0000    0    2.000   1.0000          NULL 
398.0000    1    2.000   1.0000       realRep
