  0.0000    3    2.000   1.0000     pseudoRep
  2.0000    1    2.000   1.0000       realRep
  4.0000    2    2.000   1.0000       realNov
  6.0000    3    2.000   1.0000     pseudoRep
  8.0000    4    2.000   1.0000     pseudoNov
 10.0000    0    4.000   1.0000          NULL 
 14.0000    2    2.000   1.0000       realNov
 16.0000    3    2.000   1.0000     pseudoRep
 18.0000    0    2.000   1.0000          NULL 
 20.0000    3    2.000   1.0000     pseudoRep
 22.0000    4    2.000   1.0000     pseudoNov
 24.0000    2    2.000   1.0000       realNov
 26.0000    2    2.000   1.0000       realNov
 28.0000    4    2.000   1.0000     pseudoNov
 30.0000    4    2.000   1.0000     pseudoNov
 32.0000    3    2.000   1.0000     pseudoRep
 34.0000    0    2.000   1.0000          NULL 
 36.0000    3    2.000   1.0000     pseudoRep
 38.0000    0    2.000   1.0000          NULL 
 40.0000    2    2.000   1.0000       realNov
 42.0000    3    2.000   1.0000     pseudoRep
 44.0000    3    2.000   1.0000     pseudoRep
 46.0000    0    2.000   1.0000          NULL 
 48.0000    4    2.000   1.0000     pseudoNov
 50.0000    2    2.000   1.0000       realNov
 52.0000    2    2.000   1.0000       realNov
 54.0000    2    2.000   1.0000       realNov
 56.0000    3    2.000   1.0000     pseudoRep
 58.0000    1    2.000   1.0000       realRep
 60.0000    0    4.000   1.0000          NULL 
 64.0000    4    2.000   1.0000     pseudoNov
 66.0000    3    2.000   1.0000     pseudoRep
 68.0000    2    2.000   1.0000       realNov
 70.0000    1    2.000   1.0000       realRep
 72.0000    1    2.000   1.0000       realRep
 74.0000    3    2.000   1.0000     pseudoRep
 76.0000    3    2.000   1.0000     pseudoRep
 78.0000    0    2.000   1.0000          NULL 
 80.0000    1    2.000   1.0000       realRep
 82.0000    0    2.000   1.0000          NULL 
 84.0000    3    2.000   1.0000     pseudoRep
 86.0000    4    2.000   1.0000     pseudoNov
 88.0000    1    2.000   1.0000       realRep
 90.0000    2    2.000   1.0000       realNov
 92.0000    4    2.000   1.0000     pseudoNov
 94.0000    0    2.000   1.0000          NULL 
 96.0000    3    2.000   1.0000     pseudoRep
 98.0000    3    2.000   1.0000     pseudoRep
100.0000    2    2.000   1.0000       realNov
102.0000    3    2.000   1.0000     pseudoRep
104.0000    1    2.000   1.0000       realRep
106.0000    2    2.000   1.0000       realNov
108.0000    0    2.000   1.0000          NULL 
110.0000    1    2.000   1.0000       realRep
112.0000    4    2.000   1.0000     pseudoNov
114.0000    4    2.000   1.0000     pseudoNov
116.0000    2    2.000   1.0000       realNov
118.0000    4    2.000   1.0000     pseudoNov
120.0000    1    2.000   1.0000       realRep
122.0000    0    2.000   1.0000          NULL 
124.0000    1    2.000   1.0000       realRep
126.0000    0    2.000   1.0000          NULL 
128.0000    1    2.000   1.0000       realRep
130.0000    2    2.000   1.0000       realNov
132.0000    0    2.000   1.0000          NULL 
134.0000    2    2.000   1.0000       realNov
136.0000    3    2.000   1.0000     pseudoRep
138.0000    2    2.000   1.0000       realNov
140.0000    4    2.000   1.0000     pseudoNov
142.0000    4    2.000   1.0000     pseudoNov
144.0000    1    2.000   1.0000       realRep
146.0000    3    2.000   1.0000     pseudoRep
148.0000    4    2.000   1.0000     pseudoNov
150.0000    2    2.000   1.0000       realNov
152.0000    3    2.000   1.0000     pseudoRep
154.0000    3    2.000   1.0000     pseudoRep
156.0000    3    2.000   1.0000     pseudoRep
158.0000    2    2.000   1.0000       realNov
160.0000    3    2.000   1.0000     pseudoRep
162.0000    0    4.000   1.0000          NULL 
166.0000    3    2.000   1.0000     pseudoRep
168.0000    4    2.000   1.0000     pseudoNov
170.0000    1    2.000   1.0000       realRep
172.0000    4    2.000   1.0000     pseudoNov
174.0000    2    2.000   1.0000       realNov
176.0000    2    2.000   1.0000       realNov
178.0000    3    2.000   1.0000     pseudoRep
180.0000    2    2.000   1.0000       realNov
182.0000    1    2.000   1.0000       realRep
184.0000    0    2.000   1.0000          NULL 
186.0000    1    2.000   1.0000       realRep
188.0000    1    2.000   1.0000       realRep
190.0000    4    2.000   1.0000     pseudoNov
192.0000    0    4.000   1.0000          NULL 
196.0000    4    2.000   1.0000     pseudoNov
198.0000    4    2.000   1.0000     pseudoNov
200.0000    0    2.000   1.0000          NULL 
202.0000    4    2.000   1.0000     pseudoNov
204.0000    3    2.000   1.0000     pseudoRep
206.0000    1    2.000   1.0000       realRep
208.0000    0    2.000   1.0000          NULL 
210.0000    2    2.000   1.0000       realNov
212.0000    1    2.000   1.0000       realRep
214.0000    4    2.000   1.0000     pseudoNov
216.0000    1    2.000   1.0000       realRep
218.0000    1    2.000   1.0000       realRep
220.0000    1    2.000   1.0000       realRep
222.0000    0    2.000   1.0000          NULL 
224.0000    2    2.000   1.0000       realNov
226.0000    0    2.000   1.0000          NULL 
228.0000    2    2.000   1.0000       realNov
230.0000    1    2.000   1.0000       realRep
232.0000    4    2.000   1.0000     pseudoNov
234.0000    2    2.000   1.0000       realNov
236.0000    4    2.000   1.0000     pseudoNov
238.0000    3    2.000   1.0000     pseudoRep
240.0000    3    2.000   1.0000     pseudoRep
242.0000    0    2.000   1.0000          NULL 
244.0000    4    2.000   1.0000     pseudoNov
246.0000    0    2.000   1.0000          NULL 
248.0000    1    2.000   1.0000       realRep
250.0000    1    2.000   1.0000       realRep
252.0000    3    2.000   1.0000     pseudoRep
254.0000    0    2.000   1.0000          NULL 
256.0000    4    2.000   1.0000     pseudoNov
258.0000    3    2.000   1.0000     pseudoRep
260.0000    4    2.000   1.0000     pseudoNov
262.0000    1    2.000   1.0000       realRep
264.0000    2    2.000   1.0000       realNov
266.0000    4    2.000   1.0000     pseudoNov
268.0000    4    2.000   1.0000     pseudoNov
270.0000    3    2.000   1.0000     pseudoRep
272.0000    0    2.000   1.0000          NULL 
274.0000    4    2.000   1.0000     pseudoNov
276.0000    4    2.000   1.0000     pseudoNov
278.0000    0    2.000   1.0000          NULL 
280.0000    1    2.000   1.0000       realRep
282.0000    2    2.000   1.0000       realNov
284.0000    4    2.000   1.0000     pseudoNov
286.0000    1    2.000   1.0000       realRep
288.0000    1    2.000   1.0000       realRep
290.0000    3    2.000   1.0000     pseudoRep
292.0000    0    2.000   1.0000          NULL 
294.0000    2    2.000   1.0000       realNov
296.0000    4    2.000   1.0000     pseudoNov
298.0000    4    2.000   1.0000     pseudoNov
300.0000    2    2.000   1.0000       realNov
302.0000    0    2.000   1.0000          NULL 
304.0000    4    2.000   1.0000     pseudoNov
306.0000    0    2.000   1.0000          NULL 
308.0000    2    2.000   1.0000       realNov
310.0000    4    2.000   1.0000     pseudoNov
312.0000    1    2.000   1.0000       realRep
314.0000    3    2.000   1.0000     pseudoRep
316.0000    4    2.000   1.0000     pseudoNov
318.0000    0    2.000   1.0000          NULL 
320.0000    2    2.000   1.0000       realNov
322.0000    1    2.000   1.0000       realRep
324.0000    1    2.000   1.0000       realRep
326.0000    4    2.000   1.0000     pseudoNov
328.0000    0    2.000   1.0000          NULL 
330.0000    1    2.000   1.0000       realRep
332.0000    2    2.000   1.0000       realNov
334.0000    3    2.000   1.0000     pseudoRep
336.0000    1    2.000   1.0000       realRep
338.0000    2    2.000   1.0000       realNov
340.0000    0    2.000   1.0000          NULL 
342.0000    1    2.000   1.0000       realRep
344.0000    2    2.000   1.0000       realNov
346.0000    2    2.000   1.0000       realNov
348.0000    2    2.000   1.0000       realNov
350.0000    3    2.000   1.0000     pseudoRep
352.0000    4    2.000   1.0000     pseudoNov
354.0000    3    2.000   1.0000     pseudoRep
356.0000    1    2.000   1.0000       realRep
358.0000    4    2.000   1.0000     pseudoNov
360.0000    1    2.000   1.0000       realRep
362.0000    0    2.000   1.0000          NULL 
364.0000    1    2.000   1.0000       realRep
366.0000    2    2.000   1.0000       realNov
368.0000    1    2.000   1.0000       realRep
370.0000    3    2.000   1.0000     pseudoRep
372.0000    2    2.000   1.0000       realNov
374.0000    0    2.000   1.0000          NULL 
376.0000    1    2.000   1.0000       realRep
378.0000    0    2.000   1.0000          NULL 
380.0000    2    2.000   1.0000       realNov
382.0000    0    2.000   1.0000          NULL 
384.0000    3    2.000   1.0000     pseudoRep
386.0000    0    2.000   1.0000          NULL 
388.0000    3    2.000   1.0000     pseudoRep
390.0000    3    2.000   1.0000     pseudoRep
392.0000    2    2.000   1.0000       realNov
394.0000    4    2.000   1.0000     pseudoNov
396.0000    1    2.000   1.0000       realRep
398.0000    3    2.000   1.0000     pseudoRep
