  0.0000    1    2.000   1.0000       realRep
  2.0000    4    2.000   1.0000     pseudoNov
  4.0000    0    2.000   1.0000          NULL 
  6.0000    2    2.000   1.0000       realNov
  8.0000    1    2.000   1.0000       realRep
 10.0000    0    2.000   1.0000          NULL 
 12.0000    3    2.000   1.0000     pseudoRep
 14.0000    1    2.000   1.0000       realRep
 16.0000    3    2.000   1.0000     pseudoRep
 18.0000    1    2.000   1.0000       realRep
 20.0000    2    2.000   1.0000       realNov
 22.0000    2    2.000   1.0000       realNov
 24.0000    3    2.000   1.0000     pseudoRep
 26.0000    2    2.000   1.0000       realNov
 28.0000    1    2.000   1.0000       realRep
 30.0000    3    2.000   1.0000     pseudoRep
 32.0000    3    2.000   1.0000     pseudoRep
 34.0000    0    2.000   1.0000          NULL 
 36.0000    2    2.000   1.0000       realNov
 38.0000    3    2.000   1.0000     pseudoRep
 40.0000    1    2.000   1.0000       realRep
 42.0000    0    2.000   1.0000          NULL 
 44.0000    3    2.000   1.0000     pseudoRep
 46.0000    1    2.000   1.0000       realRep
 48.0000    4    2.000   1.0000     pseudoNov
 50.0000    1    2.000   1.0000       realRep
 52.0000    2    2.000   1.0000       realNov
 54.0000    3    2.000   1.0000     pseudoRep
 56.0000    4    2.000   1.0000     pseudoNov
 58.0000    1    2.000   1.0000       realRep
 60.0000    4    2.000   1.0000     pseudoNov
 62.0000    1    2.000   1.0000       realRep
 64.0000    2    2.000   1.0000       realNov
 66.0000    2    2.000   1.0000       realNov
 68.0000    0    4.000   1.0000          NULL 
 72.0000    4    2.000   1.0000     pseudoNov
 74.0000    2    2.000   1.0000       realNov
 76.0000    2    2.000   1.0000       realNov
 78.0000    0    2.000   1.0000          NULL 
 80.0000    1    2.000   1.0000       realRep
 82.0000    2    2.000   1.0000       realNov
 84.0000    2    2.000   1.0000       realNov
 86.0000    1    2.000   1.0000       realRep
 88.0000    3    2.000   1.0000     pseudoRep
 90.0000    3    2.000   1.0000     pseudoRep
 92.0000    3    2.000   1.0000     pseudoRep
 94.0000    4    2.000   1.0000     pseudoNov
 96.0000    3    2.000   1.0000     pseudoRep
 98.0000    1    2.000   1.0000       realRep
100.0000    3    2.000   1.0000     pseudoRep
102.0000    1    2.000   1.0000       realRep
104.0000    4    2.000   1.0000     pseudoNov
106.0000    0    2.000   1.0000          NULL 
108.0000    2    2.000   1.0000       realNov
110.0000    4    2.000   1.0000     pseudoNov
112.0000    2    2.000   1.0000       realNov
114.0000    3    2.000   1.0000     pseudoRep
116.0000    3    2.000   1.0000     pseudoRep
118.0000    1    2.000   1.0000       realRep
120.0000    0    4.000   1.0000          NULL 
124.0000    2    2.000   1.0000       realNov
126.0000    3    2.000   1.0000     pseudoRep
128.0000    1    2.000   1.0000       realRep
130.0000    4    2.000   1.0000     pseudoNov
132.0000    4    2.000   1.0000     pseudoNov
134.0000    3    2.000   1.0000     pseudoRep
136.0000    0    2.000   1.0000          NULL 
138.0000    3    2.000   1.0000     pseudoRep
140.0000    1    2.000   1.0000       realRep
142.0000    3    2.000   1.0000     pseudoRep
144.0000    0    2.000   1.0000          NULL 
146.0000    4    2.000   1.0000     pseudoNov
148.0000    0    4.000   1.0000          NULL 
152.0000    3    2.000   1.0000     pseudoRep
154.0000    0    2.000   1.0000          NULL 
156.0000    2    2.000   1.0000       realNov
158.0000    4    2.000   1.0000     pseudoNov
160.0000    4    2.000   1.0000     pseudoNov
162.0000    1    2.000   1.0000       realRep
164.0000    2    2.000   1.0000       realNov
166.0000    2    2.000   1.0000       realNov
168.0000    1    2.000   1.0000       realRep
170.0000    0    2.000   1.0000          NULL 
172.0000    4    2.000   1.0000     pseudoNov
174.0000    2    2.000   1.0000       realNov
176.0000    3    2.000   1.0000     pseudoRep
178.0000    3    2.000   1.0000     pseudoRep
180.0000    2    2.000   1.0000       realNov
182.0000    3    2.000   1.0000     pseudoRep
184.0000    0    2.000   1.0000          NULL 
186.0000    4    2.000   1.0000     pseudoNov
188.0000    0    4.000   1.0000          NULL 
192.0000    2    2.000   1.0000       realNov
194.0000    1    2.000   1.0000       realRep
196.0000    1    2.000   1.0000       realRep
198.0000    2    2.000   1.0000       realNov
200.0000    3    2.000   1.0000     pseudoRep
202.0000    2    2.000   1.0000       realNov
204.0000    4    2.000   1.0000     pseudoNov
206.0000    4    2.000   1.0000     pseudoNov
208.0000    0    2.000   1.0000          NULL 
210.0000    1    2.000   1.0000       realRep
212.0000    4    2.000   1.0000     pseudoNov
214.0000    2    2.000   1.0000       realNov
216.0000    2    2.000   1.0000       realNov
218.0000    0    2.000   1.0000          NULL 
220.0000    4    2.000   1.0000     pseudoNov
222.0000    3    2.000   1.0000     pseudoRep
224.0000    1    2.000   1.0000       realRep
226.0000    3    2.000   1.0000     pseudoRep
228.0000    1    2.000   1.0000       realRep
230.0000    2    2.000   1.0000       realNov
232.0000    4    2.000   1.0000     pseudoNov
234.0000    0    2.000   1.0000          NULL 
236.0000    2    2.000   1.0000       realNov
238.0000    4    2.000   1.0000     pseudoNov
240.0000    4    2.000   1.0000     pseudoNov
242.0000    3    2.000   1.0000     pseudoRep
244.0000    1    2.000   1.0000       realRep
246.0000    0    2.000   1.0000          NULL 
248.0000    2    2.000   1.0000       realNov
250.0000    0    2.000   1.0000          NULL 
252.0000    3    2.000   1.0000     pseudoRep
254.0000    3    2.000   1.0000     pseudoRep
256.0000    3    2.000   1.0000     pseudoRep
258.0000    3    2.000   1.0000     pseudoRep
260.0000    1    2.000   1.0000       realRep
262.0000    2    2.000   1.0000       realNov
264.0000    4    2.000   1.0000     pseudoNov
266.0000    3    2.000   1.0000     pseudoRep
268.0000    0    2.000   1.0000          NULL 
270.0000    4    2.000   1.0000     pseudoNov
272.0000    2    2.000   1.0000       realNov
274.0000    2    2.000   1.0000       realNov
276.0000    0    2.000   1.0000          NULL 
278.0000    3    2.000   1.0000     pseudoRep
280.0000    4    2.000   1.0000     pseudoNov
282.0000    1    2.000   1.0000       realRep
284.0000    0    4.000   1.0000          NULL 
288.0000    1    2.000   1.0000       realRep
290.0000    2    2.000   1.0000       realNov
292.0000    1    2.000   1.0000       realRep
294.0000    2    2.000   1.0000       realNov
296.0000    2    2.000   1.0000       realNov
298.0000    1    2.000   1.0000       realRep
300.0000    2    2.000   1.0000       realNov
302.0000    0    2.000   1.0000          NULL 
304.0000    1    2.000   1.0000       realRep
306.0000    1    2.000   1.0000       realRep
308.0000    0    4.000   1.0000          NULL 
312.0000    2    2.000   1.0000       realNov
314.0000    0    2.000   1.0000          NULL 
316.0000    4    2.000   1.0000     pseudoNov
318.0000    0    2.000   1.0000          NULL 
320.0000    1    2.000   1.0000       realRep
322.0000    4    2.000   1.0000     pseudoNov
324.0000    4    2.000   1.0000     pseudoNov
326.0000    2    2.000   1.0000       realNov
328.0000    2    2.000   1.0000       realNov
330.0000    0    2.000   1.0000          NULL 
332.0000    4    2.000   1.0000     pseudoNov
334.0000    3    2.000   1.0000     pseudoRep
336.0000    1    2.000   1.0000       realRep
338.0000    2    2.000   1.0000       realNov
340.0000    0    2.000   1.0000          NULL 
342.0000    4    2.000   1.0000     pseudoNov
344.0000    0    4.000   1.0000          NULL 
348.0000    4    2.000   1.0000     pseudoNov
350.0000    3    2.000   1.0000     pseudoRep
352.0000    4    2.000   1.0000     pseudoNov
354.0000    4    2.000   1.0000     pseudoNov
356.0000    3    2.000   1.0000     pseudoRep
358.0000    1    2.000   1.0000       realRep
360.0000    1    2.000   1.0000       realRep
362.0000    1    2.000   1.0000       realRep
364.0000    1    2.000   1.0000       realRep
366.0000    3    2.000   1.0000     pseudoRep
368.0000    0    2.000   1.0000          NULL 
370.0000    3    2.000   1.0000     pseudoRep
372.0000    4    2.000   1.0000     pseudoNov
374.0000    0    4.000   1.0000          NULL 
378.0000    1    2.000   1.0000       realRep
380.0000    3    2.000   1.0000     pseudoRep
382.0000    2    2.000   1.0000       realNov
384.0000    4    2.000   1.0000     pseudoNov
386.0000    4    2.000   1.0000     pseudoNov
388.0000    1    2.000   1.0000       realRep
390.0000    3    2.000   1.0000     pseudoRep
392.0000    4    2.000   1.0000     pseudoNov
394.0000    4    2.000   1.0000     pseudoNov
396.0000    4    2.000   1.0000     pseudoNov
398.0000    4    2.000   1.0000     pseudoNov
