  0.0000    4    2.000   1.0000     pseudoNov
  2.0000    3    2.000   1.0000     pseudoRep
  4.0000    1    2.000   1.0000       realRep
  6.0000    3    2.000   1.0000     pseudoRep
  8.0000    0    2.000   1.0000          NULL 
 10.0000    1    2.000   1.0000       realRep
 12.0000    4    2.000   1.0000     pseudoNov
 14.0000    3    2.000   1.0000     pseudoRep
 16.0000    1    2.000   1.0000       realRep
 18.0000    4    2.000   1.0000     pseudoNov
 20.0000    2    2.000   1.0000       realNov
 22.0000    4    2.000   1.0000     pseudoNov
 24.0000    4    2.000   1.0000     pseudoNov
 26.0000    1    2.000   1.0000       realRep
 28.0000    2    2.000   1.0000       realNov
 30.0000    2    2.000   1.0000       realNov
 32.0000    0    2.000   1.0000          NULL 
 34.0000    2    2.000   1.0000       realNov
 36.0000    1    2.000   1.0000       realRep
 38.0000    4    2.000   1.0000     pseudoNov
 40.0000    2    2.000   1.0000       realNov
 42.0000    4    2.000   1.0000     pseudoNov
 44.0000    1    2.000   1.0000       realRep
 46.0000    2    2.000   1.0000       realNov
 48.0000    0    2.000   1.0000          NULL 
 50.0000    2    2.000   1.0000       realNov
 52.0000    3    2.000   1.0000     pseudoRep
 54.0000    3    2.000   1.0000     pseudoRep
 56.0000    2    2.000   1.0000       realNov
 58.0000    3    2.000   1.0000     pseudoRep
 60.0000    0    2.000   1.0000          NULL 
 62.0000    3    2.000   1.0000     pseudoRep
 64.0000    3    2.000   1.0000     pseudoRep
 66.0000    4    2.000   1.0000     pseudoNov
 68.0000    4    2.000   1.0000     pseudoNov
 70.0000    4    2.000   1.0000     pseudoNov
 72.0000    0    2.000   1.0000          NULL 
 74.0000    1    2.000   1.0000       realRep
 76.0000    2    2.000   1.0000       realNov
 78.0000    4    2.000   1.0000     pseudoNov
 80.0000    1    2.000   1.0000       realRep
 82.0000    3    2.000   1.0000     pseudoRep
 84.0000    3    2.000   1.0000     pseudoRep
 86.0000    1    2.000   1.0000       realRep
 88.0000    0    2.000   1.0000          NULL 
 90.0000    2    2.000   1.0000       realNov
 92.0000    3    2.000   1.0000     pseudoRep
 94.0000    1    2.000   1.0000       realRep
 96.0000    0    2.000   1.0000          NULL 
 98.0000    2    2.000   1.0000       realNov
100.0000    3    2.000   1.0000     pseudoRep
102.0000    0    2.000   1.0000          NULL 
104.0000    3    2.000   1.0000     pseudoRep
106.0000    1    2.000   1.0000       realRep
108.0000    3    2.000   1.0000     pseudoRep
110.0000    3    2.000   1.0000     pseudoRep
112.0000    1    2.000   1.0000       realRep
114.0000    0    2.000   1.0000          NULL 
116.0000    2    2.000   1.0000       realNov
118.0000    0    2.000   1.0000          NULL 
120.0000    3    2.000   1.0000     pseudoRep
122.0000    2    2.000   1.0000       realNov
124.0000    0    2.000   1.0000          NULL 
126.0000    1    2.000   1.0000       realRep
128.0000    1    2.000   1.0000       realRep
130.0000    2    2.000   1.0000       realNov
132.0000    3    2.000   1.0000     pseudoRep
134.0000    2    2.000   1.0000       realNov
136.0000    1    2.000   1.0000       realRep
138.0000    1    2.000   1.0000       realRep
140.0000    3    2.000   1.0000     pseudoRep
142.0000    0    2.000   1.0000          NULL 
144.0000    4    2.000   1.0000     pseudoNov
146.0000    2    2.000   1.0000       realNov
148.0000    1    2.000   1.0000       realRep
150.0000    1    2.000   1.0000       realRep
152.0000    4    2.000   1.0000     pseudoNov
154.0000    4    2.000   1.0000     pseudoNov
156.0000    3    2.000   1.0000     pseudoRep
158.0000    3    2.000   1.0000     pseudoRep
160.0000    2    2.000   1.0000       realNov
162.0000    1    2.000   1.0000       realRep
164.0000    0    2.000   1.0000          NULL 
166.0000    4    2.000   1.0000     pseudoNov
168.0000    2    2.000   1.0000       realNov
170.0000    0    2.000   1.0000          NULL 
172.0000    1    2.000   1.0000       realRep
174.0000    3    2.000   1.0000     pseudoRep
176.0000    1    2.000   1.0000       realRep
178.0000    2    2.000   1.0000       realNov
180.0000    1    2.000   1.0000       realRep
182.0000    0    2.000   1.0000          NULL 
184.0000    2    2.000   1.0000       realNov
186.0000    2    2.000   1.0000       realNov
188.0000    4    2.000   1.0000     pseudoNov
190.0000    2    2.000   1.0000       realNov
192.0000    2    2.000   1.0000       realNov
194.0000    4    2.000   1.0000     pseudoNov
196.0000    0    2.000   1.0000          NULL 
198.0000    3    2.000   1.0000     pseudoRep
200.0000    4    2.000   1.0000     pseudoNov
202.0000    0    2.000   1.0000          NULL 
204.0000    3    2.000   1.0000     pseudoRep
206.0000    2    2.000   1.0000       realNov
208.0000    1    2.000   1.0000       realRep
210.0000    4    2.000   1.0000     pseudoNov
212.0000    4    2.000   1.0000     pseudoNov
214.0000    2    2.000   1.0000       realNov
216.0000    0    2.000   1.0000          NULL 
218.0000    2    2.000   1.0000       realNov
220.0000    3    2.000   1.0000     pseudoRep
222.0000    4    2.000   1.0000     pseudoNov
224.0000    2    2.000   1.0000       realNov
226.0000    1    2.000   1.0000       realRep
228.0000    4    2.000   1.0000     pseudoNov
230.0000    3    2.000   1.0000     pseudoRep
232.0000    0    4.000   1.0000          NULL 
236.0000    2    2.000   1.0000       realNov
238.0000    0    2.000   1.0000          NULL 
240.0000    1    2.000   1.0000       realRep
242.0000    3    2.000   1.0000     pseudoRep
244.0000    4    2.000   1.0000     pseudoNov
246.0000    0    4.000   1.0000          NULL 
250.0000    4    2.000   1.0000     pseudoNov
252.0000    2    2.000   1.0000       realNov
254.0000    2    2.000   1.0000       realNov
256.0000    0    4.000   1.0000          NULL 
260.0000    4    2.000   1.0000     pseudoNov
262.0000    0    2.000   1.0000          NULL 
264.0000    3    2.000   1.0000     pseudoRep
266.0000    4    2.000   1.0000     pseudoNov
268.0000    1    2.000   1.0000       realRep
270.0000    4    2.000   1.0000     pseudoNov
272.0000    2    2.000   1.0000       realNov
274.0000    0    2.000   1.0000          NULL 
276.0000    2    2.000   1.0000       realNov
278.0000    4    2.000   1.0000     pseudoNov
280.0000    0    4.000   1.0000          NULL 
284.0000    3    2.000   1.0000     pseudoRep
286.0000    2    2.000   1.0000       realNov
288.0000    4    2.000   1.0000     pseudoNov
290.0000    1    2.000   1.0000       realRep
292.0000    4    2.000   1.0000     pseudoNov
294.0000    0    2.000   1.0000          NULL 
296.0000    3    2.000   1.0000     pseudoRep
298.0000    4    2.000   1.0000     pseudoNov
300.0000    3    2.000   1.0000     pseudoRep
302.0000    4    2.000   1.0000     pseudoNov
304.0000    3    2.000   1.0000     pseudoRep
306.0000    3    2.000   1.0000     pseudoRep
308.0000    4    2.000   1.0000     pseudoNov
310.0000    1    2.000   1.0000       realRep
312.0000    0    2.000   1.0000          NULL 
314.0000    2    2.000   1.0000       realNov
316.0000    1    2.000   1.0000       realRep
318.0000    0    2.000   1.0000          NULL 
320.0000    1    2.000   1.0000       realRep
322.0000    4    2.000   1.0000     pseudoNov
324.0000    3    2.000   1.0000     pseudoRep
326.0000    4    2.000   1.0000     pseudoNov
328.0000    0    4.000   1.0000          NULL 
332.0000    3    2.000   1.0000     pseudoRep
334.0000    1    2.000   1.0000       realRep
336.0000    4    2.000   1.0000     pseudoNov
338.0000    4    2.000   1.0000     pseudoNov
340.0000    0    2.000   1.0000          NULL 
342.0000    2    2.000   1.0000       realNov
344.0000    2    2.000   1.0000       realNov
346.0000    3    2.000   1.0000     pseudoRep
348.0000    1    2.000   1.0000       realRep
350.0000    3    2.000   1.0000     pseudoRep
352.0000    1    2.000   1.0000       realRep
354.0000    1    2.000   1.0000       realRep
356.0000    0    4.000   1.0000          NULL 
360.0000    1    2.000   1.0000       realRep
362.0000    1    2.000   1.0000       realRep
364.0000    1    2.000   1.0000       realRep
366.0000    2    2.000   1.0000       realNov
368.0000    2    2.000   1.0000       realNov
370.0000    3    2.000   1.0000     pseudoRep
372.0000    0    2.000   1.0000          NULL 
374.0000    4    2.000   1.0000     pseudoNov
376.0000    3    2.000   1.0000     pseudoRep
378.0000    1    2.000   1.0000       realRep
380.0000    2    2.000   1.0000       realNov
382.0000    0    2.000   1.0000          NULL 
384.0000    4    2.000   1.0000     pseudoNov
386.0000    3    2.000   1.0000     pseudoRep
388.0000    2    2.000   1.0000       realNov
390.0000    3    2.000   1.0000     pseudoRep
392.0000    1    2.000   1.0000       realRep
394.0000    4    2.000   1.0000     pseudoNov
396.0000    0    2.000   1.0000          NULL 
398.0000    1    2.000   1.0000       realRep
