  0.0000    3    2.000   1.0000     pseudoRep
  2.0000    1    2.000   1.0000       realRep
  4.0000    3    2.000   1.0000     pseudoRep
  6.0000    3    2.000   1.0000     pseudoRep
  8.0000    2    2.000   1.0000       realNov
 10.0000    0    2.000   1.0000          NULL 
 12.0000    3    2.000   1.0000     pseudoRep
 14.0000    1    2.000   1.0000       realRep
 16.0000    4    2.000   1.0000     pseudoNov
 18.0000    1    2.000   1.0000       realRep
 20.0000    2    2.000   1.0000       realNov
 22.0000    3    2.000   1.0000     pseudoRep
 24.0000    1    2.000   1.0000       realRep
 26.0000    4    2.000   1.0000     pseudoNov
 28.0000    4    2.000   1.0000     pseudoNov
 30.0000    0    2.000   1.0000          NULL 
 32.0000    3    2.000   1.0000     pseudoRep
 34.0000    1    2.000   1.0000       realRep
 36.0000    2    2.000   1.0000       realNov
 38.0000    2    2.000   1.0000       realNov
 40.0000    1    2.000   1.0000       realRep
 42.0000    2    2.000   1.0000       realNov
 44.0000    3    2.000   1.0000     pseudoRep
 46.0000    1    2.000   1.0000       realRep
 48.0000    2    2.000   1.0000       realNov
 50.0000    2    2.000   1.0000       realNov
 52.0000    3    2.000   1.0000     pseudoRep
 54.0000    1    2.000   1.0000       realRep
 56.0000    4    2.000   1.0000     pseudoNov
 58.0000    4    2.000   1.0000     pseudoNov
 60.0000    0    2.000   1.0000          NULL 
 62.0000    4    2.000   1.0000     pseudoNov
 64.0000    2    2.000   1.0000       realNov
 66.0000    4    2.000   1.0000     pseudoNov
 68.0000    2    2.000   1.0000       realNov
 70.0000    4    2.000   1.0000     pseudoNov
 72.0000    1    2.000   1.0000       realRep
 74.0000    2    2.000   1.0000       realNov
 76.0000    0    4.000   1.0000          NULL 
 80.0000    2    2.000   1.0000       realNov
 82.0000    4    2.000   1.0000     pseudoNov
 84.0000    4    2.000   1.0000     pseudoNov
 86.0000    3    2.000   1.0000     pseudoRep
 88.0000    2    2.000   1.0000       realNov
 90.0000    2    2.000   1.0000       realNov
 92.0000    3    2.000   1.0000     pseudoRep
 94.0000    1    2.000   1.0000       realRep
 96.0000    1    2.000   1.0000       realRep
 98.0000    3    2.000   1.0000     pseudoRep
100.0000    1    2.000   1.0000       realRep
102.0000    1    2.000   1.0000       realRep
104.0000    4    2.000   1.0000     pseudoNov
106.0000    2    2.000   1.0000       realNov
108.0000    1    2.000   1.0000       realRep
110.0000    3    2.000   1.0000     pseudoRep
112.0000    0    2.000   1.0000          NULL 
114.0000    3    2.000   1.0000     pseudoRep
116.0000    2    2.000   1.0000       realNov
118.0000    0    4.000   1.0000          NULL 
122.0000    2    2.000   1.0000       realNov
124.0000    1    2.000   1.0000       realRep
126.0000    2    2.000   1.0000       realNov
128.0000    1    2.000   1.0000       realRep
130.0000    2    2.000   1.0000       realNov
132.0000    1    2.000   1.0000       realRep
134.0000    0    4.000   1.0000          NULL 
138.0000    1    2.000   1.0000       realRep
140.0000    2    2.000   1.0000       realNov
142.0000    2    2.000   1.0000       realNov
144.0000    2    2.000   1.0000       realNov
146.0000    0    2.000   1.0000          NULL 
148.0000    2    2.000   1.0000       realNov
150.0000    2    2.000   1.0000       realNov
152.0000    3    2.000   1.0000     pseudoRep
154.0000    0    2.000   1.0000          NULL 
156.0000    3    2.000   1.0000     pseudoRep
158.0000    1    2.000   1.0000       realRep
160.0000    3    2.000   1.0000     pseudoRep
162.0000    1    2.000   1.0000       realRep
164.0000    3    2.000   1.0000     pseudoRep
166.0000    0    2.000   1.0000          NULL 
168.0000    3    2.000   1.0000     pseudoRep
170.0000    1    2.000   1.0000       realRep
172.0000    2    2.000   1.0000       realNov
174.0000    4    2.000   1.0000     pseudoNov
176.0000    4    2.000   1.0000     pseudoNov
178.0000    3    2.000   1.0000     pseudoRep
180.0000    3    2.000   1.0000     pseudoRep
182.0000    3    2.000   1.0000     pseudoRep
184.0000    4    2.000   1.0000     pseudoNov
186.0000    0    2.000   1.0000          NULL 
188.0000    4    2.000   1.0000     pseudoNov
190.0000    3    2.000   1.0000     pseudoRep
192.0000    3    2.000   1.0000     pseudoRep
194.0000    0    2.000   1.0000          NULL 
196.0000    1    2.000   1.0000       realRep
198.0000    2    2.000   1.0000       realNov
200.0000    2    2.000   1.0000       realNov
202.0000    0    2.000   1.0000          NULL 
204.0000    1    2.000   1.0000       realRep
206.0000    1    2.000   1.0000       realRep
208.0000    3    2.000   1.0000     pseudoRep
210.0000    4    2.000   1.0000     pseudoNov
212.0000    3    2.000   1.0000     pseudoRep
214.0000    1    2.000   1.0000       realRep
216.0000    0    2.000   1.0000          NULL 
218.0000    1    2.000   1.0000       realRep
220.0000    4    2.000   1.0000     pseudoNov
222.0000    4    2.000   1.0000     pseudoNov
224.0000    4    2.000   1.0000     pseudoNov
226.0000    0    2.000   1.0000          NULL 
228.0000    3    2.000   1.0000     pseudoRep
230.0000    2    2.000   1.0000       realNov
232.0000    4    2.000   1.0000     pseudoNov
234.0000    3    2.000   1.0000     pseudoRep
236.0000    4    2.000   1.0000     pseudoNov
238.0000    0    2.000   1.0000          NULL 
240.0000    1    2.000   1.0000       realRep
242.0000    0    4.000   1.0000          NULL 
246.0000    4    2.000   1.0000     pseudoNov
248.0000    1    2.000   1.0000       realRep
250.0000    1    2.000   1.0000       realRep
252.0000    1    2.000   1.0000       realRep
254.0000    1    2.000   1.0000       realRep
256.0000    4    2.000   1.0000     pseudoNov
258.0000    2    2.000   1.0000       realNov
260.0000    2    2.000   1.0000       realNov
262.0000    1    2.000   1.0000       realRep
264.0000    0    2.000   1.0000          NULL 
266.0000    3    2.000   1.0000     pseudoRep
268.0000    0    4.000   1.0000          NULL 
272.0000    3    2.000   1.0000     pseudoRep
274.0000    1    2.000   1.0000       realRep
276.0000    3    2.000   1.0000     pseudoRep
278.0000    3    2.000   1.0000     pseudoRep
280.0000    0    2.000   1.0000          NULL 
282.0000    1    2.000   1.0000       realRep
284.0000    4    2.000   1.0000     pseudoNov
286.0000    0    2.000   1.0000          NULL 
288.0000    3    2.000   1.0000     pseudoRep
290.0000    4    2.000   1.0000     pseudoNov
292.0000    1    2.000   1.0000       realRep
294.0000    0    2.000   1.0000          NULL 
296.0000    3    2.000   1.0000     pseudoRep
298.0000    4    2.000   1.0000     pseudoNov
300.0000    2    2.000   1.0000       realNov
302.0000    3    2.000   1.0000     pseudoRep
304.0000    0    2.000   1.0000          NULL 
306.0000    2    2.000   1.0000       realNov
308.0000    0    2.000   1.0000          NULL 
310.0000    4    2.000   1.0000     pseudoNov
312.0000    4    2.000   1.0000     pseudoNov
314.0000    3    2.000   1.0000     pseudoRep
316.0000    4    2.000   1.0000     pseudoNov
318.0000    4    2.000   1.0000     pseudoNov
320.0000    4    2.000   1.0000     pseudoNov
322.0000    1    2.000   1.0000       realRep
324.0000    1    2.000   1.0000       realRep
326.0000    0    2.000   1.0000          NULL 
328.0000    2    2.000   1.0000       realNov
330.0000    0    2.000   1.0000          NULL 
332.0000    4    2.000   1.0000     pseudoNov
334.0000    3    2.000   1.0000     pseudoRep
336.0000    2    2.000   1.0000       realNov
338.0000    2    2.000   1.0000       realNov
340.0000    2    2.000   1.0000       realNov
342.0000    3    2.000   1.0000     pseudoRep
344.0000    3    2.000   1.0000     pseudoRep
346.0000    0    4.000   1.0000          NULL 
350.0000    3    2.000   1.0000     pseudoRep
352.0000    4    2.000   1.0000     pseudoNov
354.0000    2    2.000   1.0000       realNov
356.0000    0    4.000   1.0000          NULL 
360.0000    1    2.000   1.0000       realRep
362.0000    0    2.000   1.0000          NULL 
364.0000    2    2.000   1.0000       realNov
366.0000    2    2.000   1.0000       realNov
368.0000    4    2.000   1.0000     pseudoNov
370.0000    4    2.000   1.0000     pseudoNov
372.0000    0    2.000   1.0000          NULL 
374.0000    4    2.000   1.0000     pseudoNov
376.0000    4    2.000   1.0000     pseudoNov
378.0000    0    2.000   1.0000          NULL 
380.0000    4    2.000   1.0000     pseudoNov
382.0000    1    2.000   1.0000       realRep
384.0000    4    2.000   1.0000     pseudoNov
386.0000    4    2.000   1.0000     pseudoNov
388.0000    0    2.000   1.0000          NULL 
390.0000    2    2.000   1.0000       realNov
392.0000    3    2.000   1.0000     pseudoRep
394.0000    0    2.000   1.0000          NULL 
396.0000    2    2.000   1.0000       realNov
398.0000    1    2.000   1.0000       realRep
