  0.0000    2    2.000   1.0000       realNov
  2.0000    3    2.000   1.0000     pseudoRep
  4.0000    1    2.000   1.0000       realRep
  6.0000    1    2.000   1.0000       realRep
  8.0000    2    2.000   1.0000       realNov
 10.0000    2    2.000   1.0000       realNov
 12.0000    3    2.000   1.0000     pseudoRep
 14.0000    0    2.000   1.0000          NULL 
 16.0000    2    2.000   1.0000       realNov
 18.0000    0    2.000   1.0000          NULL 
 20.0000    2    2.000   1.0000       realNov
 22.0000    3    2.000   1.0000     pseudoRep
 24.0000    1    2.000   1.0000       realRep
 26.0000    3    2.000   1.0000     pseudoRep
 28.0000    1    2.000   1.0000       realRep
 30.0000    0    2.000   1.0000          NULL 
 32.0000    4    2.000   1.0000     pseudoNov
 34.0000    4    2.000   1.0000     pseudoNov
 36.0000    2    2.000   1.0000       realNov
 38.0000    3    2.000   1.0000     pseudoRep
 40.0000    3    2.000   1.0000     pseudoRep
 42.0000    4    2.000   1.0000     pseudoNov
 44.0000    3    2.000   1.0000     pseudoRep
 46.0000    3    2.000   1.0000     pseudoRep
 48.0000    0    2.000   1.0000          NULL 
 50.0000    2    2.000   1.0000       realNov
 52.0000    3    2.000   1.0000     pseudoRep
 54.0000    4    2.000   1.0000     pseudoNov
 56.0000    1    2.000   1.0000       realRep
 58.0000    4    2.000   1.0000     pseudoNov
 60.0000    2    2.000   1.0000       realNov
 62.0000    1    2.000   1.0000       realRep
 64.0000    1    2.000   1.0000       realRep
 66.0000    3    2.000   1.0000     pseudoRep
 68.0000    3    2.000   1.0000     pseudoRep
 70.0000    4    2.000   1.0000     pseudoNov
 72.0000    4    2.000   1.0000     pseudoNov
 74.0000    0    2.000   1.0000          NULL 
 76.0000    4    2.000   1.0000     pseudoNov
 78.0000    2    2.000   1.0000       realNov
 80.0000    1    2.000   1.0000       realRep
 82.0000    3    2.000   1.0000     pseudoRep
 84.0000    1    2.000   1.0000       realRep
 86.0000    4    2.000   1.0000     pseudoNov
 88.0000    4    2.000   1.0000     pseudoNov
 90.0000    3    2.000   1.0000     pseudoRep
 92.0000    1    2.000   1.0000       realRep
 94.0000    0    2.000   1.0000          NULL 
 96.0000    3    2.000   1.0000     pseudoRep
 98.0000    0    2.000   1.0000          NULL 
100.0000    4    2.000   1.0000     pseudoNov
102.0000    2    2.000   1.0000       realNov
104.0000    1    2.000   1.0000       realRep
106.0000    4    2.000   1.0000     pseudoNov
108.0000    4    2.000   1.0000     pseudoNov
110.0000    2    2.000   1.0000       realNov
112.0000    3    2.000   1.0000     pseudoRep
114.0000    3    2.000   1.0000     pseudoRep
116.0000    1    2.000   1.0000       realRep
118.0000    1    2.000   1.0000       realRep
120.0000    4    2.000   1.0000     pseudoNov
122.0000    4    2.000   1.0000     pseudoNov
124.0000    0    2.000   1.0000          NULL 
126.0000    4    2.000   1.0000     pseudoNov
128.0000    4    2.000   1.0000     pseudoNov
130.0000    4    2.000   1.0000     pseudoNov
132.0000    1    2.000   1.0000       realRep
134.0000    2    2.000   1.0000       realNov
136.0000    0    2.000   1.0000          NULL 
138.0000    1    2.000   1.0000       realRep
140.0000    3    2.000   1.0000     pseudoRep
142.0000    2    2.000   1.0000       realNov
144.0000    2    2.000   1.0000       realNov
146.0000    0    4.000   1.0000          NULL 
150.0000    1    2.000   1.0000       realRep
152.0000    3    2.000   1.0000     pseudoRep
154.0000    0    2.000   1.0000          NULL 
156.0000    2    2.000   1.0000       realNov
158.0000    3    2.000   1.0000     pseudoRep
160.0000    3    2.000   1.0000     pseudoRep
162.0000    0    2.000   1.0000          NULL 
164.0000    2    2.000   1.0000       realNov
166.0000    3    2.000   1.0000     pseudoRep
168.0000    4    2.000   1.0000     pseudoNov
170.0000    4    2.000   1.0000     pseudoNov
172.0000    3    2.000   1.0000     pseudoRep
174.0000    4    2.000   1.0000     pseudoNov
176.0000    0    2.000   1.0000          NULL 
178.0000    2    2.000   1.0000       realNov
180.0000    2    2.000   1.0000       realNov
182.0000    2    2.000   1.0000       realNov
184.0000    1    2.000   1.0000       realRep
186.0000    4    2.000   1.0000     pseudoNov
188.0000    3    2.000   1.0000     pseudoRep
190.0000    0    2.000   1.0000          NULL 
192.0000    1    2.000   1.0000       realRep
194.0000    1    2.000   1.0000       realRep
196.0000    2    2.000   1.0000       realNov
198.0000    1    2.000   1.0000       realRep
200.0000    0    2.000   1.0000          NULL 
202.0000    3    2.000   1.0000     pseudoRep
204.0000    1    2.000   1.0000       realRep
206.0000    4    2.000   1.0000     pseudoNov
208.0000    1    2.000   1.0000       realRep
210.0000    3    2.000   1.0000     pseudoRep
212.0000    3    2.000   1.0000     pseudoRep
214.0000    3    2.000   1.0000     pseudoRep
216.0000    4    2.000   1.0000     pseudoNov
218.0000    2    2.000   1.0000       realNov
220.0000    0    2.000   1.0000          NULL 
222.0000    3    2.000   1.0000     pseudoRep
224.0000    1    2.000   1.0000       realRep
226.0000    1    2.000   1.0000       realRep
228.0000    0    2.000   1.0000          NULL 
230.0000    1    2.000   1.0000       realRep
232.0000    4    2.000   1.0000     pseudoNov
234.0000    1    2.000   1.0000       realRep
236.0000    3    2.000   1.0000     pseudoRep
238.0000    4    2.000   1.0000     pseudoNov
240.0000    1    2.000   1.0000       realRep
242.0000    3    2.000   1.0000     pseudoRep
244.0000    0    2.000   1.0000          NULL 
246.0000    2    2.000   1.0000       realNov
248.0000    0    4.000   1.0000          NULL 
252.0000    2    2.000   1.0000       realNov
254.0000    4    2.000   1.0000     pseudoNov
256.0000    0    4.000   1.0000          NULL 
260.0000    1    2.000   1.0000       realRep
262.0000    1    2.000   1.0000       realRep
264.0000    0    2.000   1.0000          NULL 
266.0000    3    2.000   1.0000     pseudoRep
268.0000    0    2.000   1.0000          NULL 
270.0000    2    2.000   1.0000       realNov
272.0000    0    2.000   1.0000          NULL 
274.0000    2    2.000   1.0000       realNov
276.0000    4    2.000   1.0000     pseudoNov
278.0000    4    2.000   1.0000     pseudoNov
280.0000    1    2.000   1.0000       realRep
282.0000    0    2.000   1.0000          NULL 
284.0000    3    2.000   1.0000     pseudoRep
286.0000    4    2.000   1.0000     pseudoNov
288.0000    0    2.000   1.0000          NULL 
290.0000    3    2.000   1.0000     pseudoRep
292.0000    0    2.000   1.0000          NULL 
294.0000    3    2.000   1.0000     pseudoRep
296.0000    2    2.000   1.0000       realNov
298.0000    4    2.000   1.0000     pseudoNov
300.0000    0    4.000   1.0000          NULL 
304.0000    3    2.000   1.0000     pseudoRep
306.0000    2    2.000   1.0000       realNov
308.0000    2    2.000   1.0000       realNov
310.0000    1    2.000   1.0000       realRep
312.0000    1    2.000   1.0000       realRep
314.0000    2    2.000   1.0000       realNov
316.0000    0    2.000   1.0000          NULL 
318.0000    2    2.000   1.0000       realNov
320.0000    2    2.000   1.0000       realNov
322.0000    0    2.000   1.0000          NULL 
324.0000    4    2.000   1.0000     pseudoNov
326.0000    2    2.000   1.0000       realNov
328.0000    1    2.000   1.0000       realRep
330.0000    4    2.000   1.0000     pseudoNov
332.0000    2    2.000   1.0000       realNov
334.0000    2    2.000   1.0000       realNov
336.0000    4    2.000   1.0000     pseudoNov
338.0000    4    2.000   1.0000     pseudoNov
340.0000    3    2.000   1.0000     pseudoRep
342.0000    1    2.000   1.0000       realRep
344.0000    2    2.000   1.0000       realNov
346.0000    0    2.000   1.0000          NULL 
348.0000    1    2.000   1.0000       realRep
350.0000    2    2.000   1.0000       realNov
352.0000    1    2.000   1.0000       realRep
354.0000    3    2.000   1.0000     pseudoRep
356.0000    3    2.000   1.0000     pseudoRep
358.0000    0    4.000   1.0000          NULL 
362.0000    4    2.000   1.0000     pseudoNov
364.0000    2    2.000   1.0000       realNov
366.0000    1    2.000   1.0000       realRep
368.0000    0    4.000   1.0000          NULL 
372.0000    4    2.000   1.0000     pseudoNov
374.0000    0    2.000   1.0000          NULL 
376.0000    2    2.000   1.0000       realNov
378.0000    1    2.000   1.0000       realRep
380.0000    4    2.000   1.0000     pseudoNov
382.0000    2    2.000   1.0000       realNov
384.0000    3    2.000   1.0000     pseudoRep
386.0000    0    2.000   1.0000          NULL 
388.0000    1    2.000   1.0000       realRep
390.0000    4    2.000   1.0000     pseudoNov
392.0000    3    2.000   1.0000     pseudoRep
394.0000    4    2.000   1.0000     pseudoNov
396.0000    2    2.000   1.0000       realNov
398.0000    1    2.000   1.0000       realRep
