  0.0000    1    2.000   1.0000       realRep
  2.0000    2    2.000   1.0000       realNov
  4.0000    1    2.000   1.0000       realRep
  6.0000    1    2.000   1.0000       realRep
  8.0000    3    2.000   1.0000     pseudoRep
 10.0000    2    2.000   1.0000       realNov
 12.0000    2    2.000   1.0000       realNov
 14.0000    2    2.000   1.0000       realNov
 16.0000    2    2.000   1.0000       realNov
 18.0000    4    2.000   1.0000     pseudoNov
 20.0000    3    2.000   1.0000     pseudoRep
 22.0000    4    2.000   1.0000     pseudoNov
 24.0000    3    2.000   1.0000     pseudoRep
 26.0000    4    2.000   1.0000     pseudoNov
 28.0000    1    2.000   1.0000       realRep
 30.0000    4    2.000   1.0000     pseudoNov
 32.0000    2    2.000   1.0000       realNov
 34.0000    0    2.000   1.0000          NULL 
 36.0000    1    2.000   1.0000       realRep
 38.0000    4    2.000   1.0000     pseudoNov
 40.0000    4    2.000   1.0000     pseudoNov
 42.0000    2    2.000   1.0000       realNov
 44.0000    3    2.000   1.0000     pseudoRep
 46.0000    2    2.000   1.0000       realNov
 48.0000    1    2.000   1.0000       realRep
 50.0000    4    2.000   1.0000     pseudoNov
 52.0000    1    2.000   1.0000       realRep
 54.0000    0    2.000   1.0000          NULL 
 56.0000    1    2.000   1.0000       realRep
 58.0000    3    2.000   1.0000     pseudoRep
 60.0000    2    2.000   1.0000       realNov
 62.0000    1    2.000   1.0000       realRep
 64.0000    4    2.000   1.0000     pseudoNov
 66.0000    2    2.000   1.0000       realNov
 68.0000    2    2.000   1.0000       realNov
 70.0000    0    2.000   1.0000          NULL 
 72.0000    2    2.000   1.0000       realNov
 74.0000    1    2.000   1.0000       realRep
 76.0000    3    2.000   1.0000     pseudoRep
 78.0000    2    2.000   1.0000       realNov
 80.0000    4    2.000   1.0000     pseudoNov
 82.0000    1    2.000   1.0000       realRep
 84.0000    1    2.000   1.0000       realRep
 86.0000    2    2.000   1.0000       realNov
 88.0000    3    2.000   1.0000     pseudoRep
 90.0000    4    2.000   1.0000     pseudoNov
 92.0000    2    2.000   1.0000       realNov
 94.0000    2    2.000   1.0000       realNov
 96.0000    1    2.000   1.0000       realRep
 98.0000    2    2.000   1.0000       realNov
100.0000    0    2.000   1.0000          NULL 
102.0000    4    2.000   1.0000     pseudoNov
104.0000    1    2.000   1.0000       realRep
106.0000    4    2.000   1.0000     pseudoNov
108.0000    1    2.000   1.0000       realRep
110.0000    0    4.000   1.0000          NULL 
114.0000    3    2.000   1.0000     pseudoRep
116.0000    3    2.000   1.0000     pseudoRep
118.0000    2    2.000   1.0000       realNov
120.0000    3    2.000   1.0000     pseudoRep
122.0000    1    2.000   1.0000       realRep
124.0000    0    2.000   1.0000          NULL 
126.0000    1    2.000   1.0000       realRep
128.0000    4    2.000   1.0000     pseudoNov
130.0000    3    2.000   1.0000     pseudoRep
132.0000    1    2.000   1.0000       realRep
134.0000    0    2.000   1.0000          NULL 
136.0000    1    2.000   1.0000       realRep
138.0000    3    2.000   1.0000     pseudoRep
140.0000    1    2.000   1.0000       realRep
142.0000    0    2.000   1.0000          NULL 
144.0000    2    2.000   1.0000       realNov
146.0000    4    2.000   1.0000     pseudoNov
148.0000    3    2.000   1.0000     pseudoRep
150.0000    3    2.000   1.0000     pseudoRep
152.0000    2    2.000   1.0000       realNov
154.0000    0    2.000   1.0000          NULL 
156.0000    3    2.000   1.0000     pseudoRep
158.0000    0    2.000   1.0000          NULL 
160.0000    4    2.000   1.0000     pseudoNov
162.0000    2    2.000   1.0000       realNov
164.0000    2    2.000   1.0000       realNov
166.0000    3    2.000   1.0000     pseudoRep
168.0000    4    2.000   1.0000     pseudoNov
170.0000    0    2.000   1.0000          NULL 
172.0000    4    2.000   1.0000     pseudoNov
174.0000    3    2.000   1.0000     pseudoRep
176.0000    0    2.000   1.0000          NULL 
178.0000    1    2.000   1.0000       realRep
180.0000    4    2.000   1.0000     pseudoNov
182.0000    0    2.000   1.0000          NULL 
184.0000    3    2.000   1.0000     pseudoRep
186.0000    1    2.000   1.0000       realRep
188.0000    3    2.000   1.0000     pseudoRep
190.0000    0    2.000   1.0000          NULL 
192.0000    2    2.000   1.0000       realNov
194.0000    1    2.000   1.0000       realRep
196.0000    1    2.000   1.0000       realRep
198.0000    3    2.000   1.0000     pseudoRep
200.0000    3    2.000   1.0000     pseudoRep
202.0000    3    2.000   1.0000     pseudoRep
204.0000    1    2.000   1.0000       realRep
206.0000    1    2.000   1.0000       realRep
208.0000    3    2.000   1.0000     pseudoRep
210.0000    3    2.000   1.0000     pseudoRep
212.0000    2    2.000   1.0000       realNov
214.0000    0    2.000   1.0000          NULL 
216.0000    2    2.000   1.0000       realNov
218.0000    1    2.000   1.0000       realRep
220.0000    0    2.000   1.0000          NULL 
222.0000    4    2.000   1.0000     pseudoNov
224.0000    1    2.000   1.0000       realRep
226.0000    4    2.000   1.0000     pseudoNov
228.0000    0    2.000   1.0000          NULL 
230.0000    1    2.000   1.0000       realRep
232.0000    4    2.000   1.0000     pseudoNov
234.0000    4    2.000   1.0000     pseudoNov
236.0000    0    2.000   1.0000          NULL 
238.0000    1    2.000   1.0000       realRep
240.0000    2    2.000   1.0000       realNov
242.0000    4    2.000   1.0000     pseudoNov
244.0000    4    2.000   1.0000     pseudoNov
246.0000    3    2.000   1.0000     pseudoRep
248.0000    4    2.000   1.0000     pseudoNov
250.0000    2    2.000   1.0000       realNov
252.0000    0    2.000   1.0000          NULL 
254.0000    2    2.000   1.0000       realNov
256.0000    2    2.000   1.0000       realNov
258.0000    2    2.000   1.0000       realNov
260.0000    0    2.000   1.0000          NULL 
262.0000    3    2.000   1.0000     pseudoRep
264.0000    0    2.000   1.0000          NULL 
266.0000    3    2.000   1.0000     pseudoRep
268.0000    2    2.000   1.0000       realNov
270.0000    4    2.000   1.0000     pseudoNov
272.0000    4    2.000   1.0000     pseudoNov
274.0000    4    2.000   1.0000     pseudoNov
276.0000    3    2.000   1.0000     pseudoRep
278.0000    3    2.000   1.0000     pseudoRep
280.0000    0    2.000   1.0000          NULL 
282.0000    3    2.000   1.0000     pseudoRep
284.0000    0    2.000   1.0000          NULL 
286.0000    2    2.000   1.0000       realNov
288.0000    3    2.000   1.0000     pseudoRep
290.0000    0    2.000   1.0000          NULL 
292.0000    4    2.000   1.0000     pseudoNov
294.0000    0    2.000   1.0000          NULL 
296.0000    4    2.000   1.0000     pseudoNov
298.0000    0    2.000   1.0000          NULL 
300.0000    1    2.000   1.0000       realRep
302.0000    2    2.000   1.0000       realNov
304.0000    1    2.000   1.0000       realRep
306.0000    0    2.000   1.0000          NULL 
308.0000    3    2.000   1.0000     pseudoRep
310.0000    0    2.000   1.0000          NULL 
312.0000    1    2.000   1.0000       realRep
314.0000    0    2.000   1.0000          NULL 
316.0000    4    2.000   1.0000     pseudoNov
318.0000    1    2.000   1.0000       realRep
320.0000    0    2.000   1.0000          NULL 
322.0000    2    2.000   1.0000       realNov
324.0000    3    2.000   1.0000     pseudoRep
326.0000    1    2.000   1.0000       realRep
328.0000    4    2.000   1.0000     pseudoNov
330.0000    0    2.000   1.0000          NULL 
332.0000    2    2.000   1.0000       realNov
334.0000    1    2.000   1.0000       realRep
336.0000    4    2.000   1.0000     pseudoNov
338.0000    1    2.000   1.0000       realRep
340.0000    2    2.000   1.0000       realNov
342.0000    4    2.000   1.0000     pseudoNov
344.0000    1    2.000   1.0000       realRep
346.0000    2    2.000   1.0000       realNov
348.0000    0    2.000   1.0000          NULL 
350.0000    4    2.000   1.0000     pseudoNov
352.0000    0    2.000   1.0000          NULL 
354.0000    4    2.000   1.0000     pseudoNov
356.0000    0    2.000   1.0000          NULL 
358.0000    1    2.000   1.0000       realRep
360.0000    3    2.000   1.0000     pseudoRep
362.0000    0    6.000   1.0000          NULL 
368.0000    3    2.000   1.0000     pseudoRep
370.0000    3    2.000   1.0000     pseudoRep
372.0000    3    2.000   1.0000     pseudoRep
374.0000    0    2.000   1.0000          NULL 
376.0000    4    2.000   1.0000     pseudoNov
378.0000    3    2.000   1.0000     pseudoRep
380.0000    2    2.000   1.0000       realNov
382.0000    4    2.000   1.0000     pseudoNov
384.0000    4    2.000   1.0000     pseudoNov
386.0000    0    2.000   1.0000          NULL 
388.0000    3    2.000   1.0000     pseudoRep
390.0000    4    2.000   1.0000     pseudoNov
392.0000    2    2.000   1.0000       realNov
394.0000    3    2.000   1.0000     pseudoRep
396.0000    2    2.000   1.0000       realNov
398.0000    1    2.000   1.0000       realRep
