  0.0000    2    2.000   1.0000       realNov
  2.0000    1    2.000   1.0000       realRep
  4.0000    3    2.000   1.0000     pseudoRep
  6.0000    3    2.000   1.0000     pseudoRep
  8.0000    2    2.000   1.0000       realNov
 10.0000    0    2.000   1.0000          NULL 
 12.0000    1    2.000   1.0000       realRep
 14.0000    1    2.000   1.0000       realRep
 16.0000    0    2.000   1.0000          NULL 
 18.0000    3    2.000   1.0000     pseudoRep
 20.0000    3    2.000   1.0000     pseudoRep
 22.0000    3    2.000   1.0000     pseudoRep
 24.0000    3    2.000   1.0000     pseudoRep
 26.0000    1    2.000   1.0000       realRep
 28.0000    2    2.000   1.0000       realNov
 30.0000    0    2.000   1.0000          NULL 
 32.0000    3    2.000   1.0000     pseudoRep
 34.0000    1    2.000   1.0000       realRep
 36.0000    0    2.000   1.0000          NULL 
 38.0000    1    2.000   1.0000       realRep
 40.0000    1    2.000   1.0000       realRep
 42.0000    4    2.000   1.0000     pseudoNov
 44.0000    4    2.000   1.0000     pseudoNov
 46.0000    1    2.000   1.0000       realRep
 48.0000    0    2.000   1.0000          NULL 
 50.0000    1    2.000   1.0000       realRep
 52.0000    2    2.000   1.0000       realNov
 54.0000    0    4.000   1.0000          NULL 
 58.0000    3    2.000   1.0000     pseudoRep
 60.0000    4    2.000   1.0000     pseudoNov
 62.0000    3    2.000   1.0000     pseudoRep
 64.0000    3    2.000   1.0000     pseudoRep
 66.0000    4    2.000   1.0000     pseudoNov
 68.0000    1    2.000   1.0000       realRep
 70.0000    0    2.000   1.0000          NULL 
 72.0000    2    2.000   1.0000       realNov
 74.0000    0    2.000   1.0000          NULL 
 76.0000    2    2.000   1.0000       realNov
 78.0000    2    2.000   1.0000       realNov
 80.0000    3    2.000   1.0000     pseudoRep
 82.0000    2    2.000   1.0000       realNov
 84.0000    4    2.000   1.0000     pseudoNov
 86.0000    0    2.000   1.0000          NULL 
 88.0000    2    2.000   1.0000       realNov
 90.0000    3    2.000   1.0000     pseudoRep
 92.0000    1    2.000   1.0000       realRep
 94.0000    0    2.000   1.0000          NULL 
 96.0000    2    2.000   1.0000       realNov
 98.0000    1    2.000   1.0000       realRep
100.0000    1    2.000   1.0000       realRep
102.0000    2    2.000   1.0000       realNov
104.0000    4    2.000   1.0000     pseudoNov
106.0000    0    4.000   1.0000          NULL 
110.0000    2    2.000   1.0000       realNov
112.0000    3    2.000   1.0000     pseudoRep
114.0000    2    2.000   1.0000       realNov
116.0000    1    2.000   1.0000       realRep
118.0000    4    2.000   1.0000     pseudoNov
120.0000    3    2.000   1.0000     pseudoRep
122.0000    2    2.000   1.0000       realNov
124.0000    2    2.000   1.0000       realNov
126.0000    3    2.000   1.0000     pseudoRep
128.0000    3    2.000   1.0000     pseudoRep
130.0000    1    2.000   1.0000       realRep
132.0000    1    2.000   1.0000       realRep
134.0000    2    2.000   1.0000       realNov
136.0000    0    2.000   1.0000          NULL 
138.0000    2    2.000   1.0000       realNov
140.0000    4    2.000   1.0000     pseudoNov
142.0000    3    2.000   1.0000     pseudoRep
144.0000    3    2.000   1.0000     pseudoRep
146.0000    2    2.000   1.0000       realNov
148.0000    4    2.000   1.0000     pseudoNov
150.0000    2    2.000   1.0000       realNov
152.0000    4    2.000   1.0000     pseudoNov
154.0000    2    2.000   1.0000       realNov
156.0000    4    2.000   1.0000     pseudoNov
158.0000    0    2.000   1.0000          NULL 
160.0000    3    2.000   1.0000     pseudoRep
162.0000    0    2.000   1.0000          NULL 
164.0000    1    2.000   1.0000       realRep
166.0000    2    2.000   1.0000       realNov
168.0000    1    2.000   1.0000       realRep
170.0000    3    2.000   1.0000     pseudoRep
172.0000    4    2.000   1.0000     pseudoNov
174.0000    1    2.000   1.0000       realRep
176.0000    4    2.000   1.0000     pseudoNov
178.0000    4    2.000   1.0000     pseudoNov
180.0000    4    2.000   1.0000     pseudoNov
182.0000    1    2.000   1.0000       realRep
184.0000    0    2.000   1.0000          NULL 
186.0000    2    2.000   1.0000       realNov
188.0000    2    2.000   1.0000       realNov
190.0000    1    2.000   1.0000       realRep
192.0000    4    2.000   1.0000     pseudoNov
194.0000    0    2.000   1.0000          NULL 
196.0000    3    2.000   1.0000     pseudoRep
198.0000    0    2.000   1.0000          NULL 
200.0000    1    2.000   1.0000       realRep
202.0000    0    2.000   1.0000          NULL 
204.0000    1    2.000   1.0000       realRep
206.0000    3    2.000   1.0000     pseudoRep
208.0000    4    2.000   1.0000     pseudoNov
210.0000    2    2.000   1.0000       realNov
212.0000    2    2.000   1.0000       realNov
214.0000    3    2.000   1.0000     pseudoRep
216.0000    0    2.000   1.0000          NULL 
218.0000    3    2.000   1.0000     pseudoRep
220.0000    2    2.000   1.0000       realNov
222.0000    0    2.000   1.0000          NULL 
224.0000    3    2.000   1.0000     pseudoRep
226.0000    4    2.000   1.0000     pseudoNov
228.0000    3    2.000   1.0000     pseudoRep
230.0000    4    2.000   1.0000     pseudoNov
232.0000    4    2.000   1.0000     pseudoNov
234.0000    2    2.000   1.0000       realNov
236.0000    3    2.000   1.0000     pseudoRep
238.0000    0    2.000   1.0000          NULL 
240.0000    4    2.000   1.0000     pseudoNov
242.0000    1    2.000   1.0000       realRep
244.0000    4    2.000   1.0000     pseudoNov
246.0000    1    2.000   1.0000       realRep
248.0000    1    2.000   1.0000       realRep
250.0000    0    2.000   1.0000          NULL 
252.0000    1    2.000   1.0000       realRep
254.0000    4    2.000   1.0000     pseudoNov
256.0000    4    2.000   1.0000     pseudoNov
258.0000    2    2.000   1.0000       realNov
260.0000    1    2.000   1.0000       realRep
262.0000    4    2.000   1.0000     pseudoNov
264.0000    0    2.000   1.0000          NULL 
266.0000    3    2.000   1.0000     pseudoRep
268.0000    0    4.000   1.0000          NULL 
272.0000    1    2.000   1.0000       realRep
274.0000    4    2.000   1.0000     pseudoNov
276.0000    2    2.000   1.0000       realNov
278.0000    0    4.000   1.0000          NULL 
282.0000    2    2.000   1.0000       realNov
284.0000    3    2.000   1.0000     pseudoRep
286.0000    2    2.000   1.0000       realNov
288.0000    2    2.000   1.0000       realNov
290.0000    3    2.000   1.0000     pseudoRep
292.0000    4    2.000   1.0000     pseudoNov
294.0000    2    2.000   1.0000       realNov
296.0000    0    2.000   1.0000          NULL 
298.0000    1    2.000   1.0000       realRep
300.0000    4    2.000   1.0000     pseudoNov
302.0000    1    2.000   1.0000       realRep
304.0000    1    2.000   1.0000       realRep
306.0000    4    2.000   1.0000     pseudoNov
308.0000    0    2.000   1.0000          NULL 
310.0000    3    2.000   1.0000     pseudoRep
312.0000    0    2.000   1.0000          NULL 
314.0000    4    2.000   1.0000     pseudoNov
316.0000    0    2.000   1.0000          NULL 
318.0000    2    2.000   1.0000       realNov
320.0000    4    2.000   1.0000     pseudoNov
322.0000    1    2.000   1.0000       realRep
324.0000    3    2.000   1.0000     pseudoRep
326.0000    2    2.000   1.0000       realNov
328.0000    3    2.000   1.0000     pseudoRep
330.0000    4    2.000   1.0000     pseudoNov
332.0000    1    2.000   1.0000       realRep
334.0000    1    2.000   1.0000       realRep
336.0000    0    2.000   1.0000          NULL 
338.0000    1    2.000   1.0000       realRep
340.0000    1    2.000   1.0000       realRep
342.0000    4    2.000   1.0000     pseudoNov
344.0000    4    2.000   1.0000     pseudoNov
346.0000    0    2.000   1.0000          NULL 
348.0000    4    2.000   1.0000     pseudoNov
350.0000    2    2.000   1.0000       realNov
352.0000    2    2.000   1.0000       realNov
354.0000    4    2.000   1.0000     pseudoNov
356.0000    4    2.000   1.0000     pseudoNov
358.0000    1    2.000   1.0000       realRep
360.0000    0    2.000   1.0000          NULL 
362.0000    1    2.000   1.0000       realRep
364.0000    3    2.000   1.0000     pseudoRep
366.0000    2    2.000   1.0000       realNov
368.0000    3    2.000   1.0000     pseudoRep
370.0000    0    2.000   1.0000          NULL 
372.0000    1    2.000   1.0000       realRep
374.0000    3    2.000   1.0000     pseudoRep
376.0000    0    2.000   1.0000          NULL 
378.0000    3    2.000   1.0000     pseudoRep
380.0000    0    2.000   1.0000          NULL 
382.0000    3    2.000   1.0000     pseudoRep
384.0000    0    2.000   1.0000          NULL 
386.0000    4    2.000   1.0000     pseudoNov
388.0000    4    2.000   1.0000     pseudoNov
390.0000    2    2.000   1.0000       realNov
392.0000    3    2.000   1.0000     pseudoRep
394.0000    3    2.000   1.0000     pseudoRep
396.0000    4    2.000   1.0000     pseudoNov
398.0000    2    2.000   1.0000       realNov
