  0.0000    4    2.000   1.0000     pseudoNov
  2.0000    1    2.000   1.0000       realRep
  4.0000    3    2.000   1.0000     pseudoRep
  6.0000    2    2.000   1.0000       realNov
  8.0000    4    2.000   1.0000     pseudoNov
 10.0000    3    2.000   1.0000     pseudoRep
 12.0000    1    2.000   1.0000       realRep
 14.0000    2    2.000   1.0000       realNov
 16.0000    1    2.000   1.0000       realRep
 18.0000    2    2.000   1.0000       realNov
 20.0000    0    2.000   1.0000          NULL 
 22.0000    1    2.000   1.0000       realRep
 24.0000    1    2.000   1.0000       realRep
 26.0000    3    2.000   1.0000     pseudoRep
 28.0000    3    2.000   1.0000     pseudoRep
 30.0000    0    2.000   1.0000          NULL 
 32.0000    4    2.000   1.0000     pseudoNov
 34.0000    2    2.000   1.0000       realNov
 36.0000    1    2.000   1.0000       realRep
 38.0000    1    2.000   1.0000       realRep
 40.0000    2    2.000   1.0000       realNov
 42.0000    1    2.000   1.0000       realRep
 44.0000    4    2.000   1.0000     pseudoNov
 46.0000    3    2.000   1.0000     pseudoRep
 48.0000    2    2.000   1.0000       realNov
 50.0000    0    2.000   1.0000          NULL 
 52.0000    1    2.000   1.0000       realRep
 54.0000    3    2.000   1.0000     pseudoRep
 56.0000    4    2.000   1.0000     pseudoNov
 58.0000    3    2.000   1.0000     pseudoRep
 60.0000    0    2.000   1.0000          NULL 
 62.0000    2    2.000   1.0000       realNov
 64.0000    1    2.000   1.0000       realRep
 66.0000    4    2.000   1.0000     pseudoNov
 68.0000    4    2.000   1.0000     pseudoNov
 70.0000    3    2.000   1.0000     pseudoRep
 72.0000    4    2.000   1.0000     pseudoNov
 74.0000    2    2.000   1.0000       realNov
 76.0000    4    2.000   1.0000     pseudoNov
 78.0000    0    2.000   1.0000          NULL 
 80.0000    2    2.000   1.0000       realNov
 82.0000    2    2.000   1.0000       realNov
 84.0000    2    2.000   1.0000       realNov
 86.0000    0    4.000   1.0000          NULL 
 90.0000    3    2.000   1.0000     pseudoRep
 92.0000    4    2.000   1.0000     pseudoNov
 94.0000    3    2.000   1.0000     pseudoRep
 96.0000    2    2.000   1.0000       realNov
 98.0000    2    2.000   1.0000       realNov
100.0000    0    2.000   1.0000          NULL 
102.0000    3    2.000   1.0000     pseudoRep
104.0000    4    2.000   1.0000     pseudoNov
106.0000    0    2.000   1.0000          NULL 
108.0000    1    2.000   1.0000       realRep
110.0000    0    2.000   1.0000          NULL 
112.0000    3    2.000   1.0000     pseudoRep
114.0000    0    2.000   1.0000          NULL 
116.0000    4    2.000   1.0000     pseudoNov
118.0000    2    2.000   1.0000       realNov
120.0000    1    2.000   1.0000       realRep
122.0000    1    2.000   1.0000       realRep
124.0000    1    2.000   1.0000       realRep
126.0000    4    2.000   1.0000     pseudoNov
128.0000    3    2.000   1.0000     pseudoRep
130.0000    3    2.000   1.0000     pseudoRep
132.0000    2    2.000   1.0000       realNov
134.0000    3    2.000   1.0000     pseudoRep
136.0000    3    2.000   1.0000     pseudoRep
138.0000    3    2.000   1.0000     pseudoRep
140.0000    0    2.000   1.0000          NULL 
142.0000    3    2.000   1.0000     pseudoRep
144.0000    4    2.000   1.0000     pseudoNov
146.0000    2    2.000   1.0000       realNov
148.0000    2    2.000   1.0000       realNov
150.0000    3    2.000   1.0000     pseudoRep
152.0000    1    2.000   1.0000       realRep
154.0000    1    2.000   1.0000       realRep
156.0000    3    2.000   1.0000     pseudoRep
158.0000    1    2.000   1.0000       realRep
160.0000    2    2.000   1.0000       realNov
162.0000    0    2.000   1.0000          NULL 
164.0000    4    2.000   1.0000     pseudoNov
166.0000    4    2.000   1.0000     pseudoNov
168.0000    2    2.000   1.0000       realNov
170.0000    0    2.000   1.0000          NULL 
172.0000    1    2.000   1.0000       realRep
174.0000    3    2.000   1.0000     pseudoRep
176.0000    2    2.000   1.0000       realNov
178.0000    1    2.000   1.0000       realRep
180.0000    4    2.000   1.0000     pseudoNov
182.0000    0    2.000   1.0000          NULL 
184.0000    3    2.000   1.0000     pseudoRep
186.0000    2    2.000   1.0000       realNov
188.0000    0    2.000   1.0000          NULL 
190.0000    2    2.000   1.0000       realNov
192.0000    3    2.000   1.0000     pseudoRep
194.0000    0    4.000   1.0000          NULL 
198.0000    2    2.000   1.0000       realNov
200.0000    3    2.000   1.0000     pseudoRep
202.0000    2    2.000   1.0000       realNov
204.0000    1    2.000   1.0000       realRep
206.0000    0    2.000   1.0000          NULL 
208.0000    1    2.000   1.0000       realRep
210.0000    0    2.000   1.0000          NULL 
212.0000    1    2.000   1.0000       realRep
214.0000    3    2.000   1.0000     pseudoRep
216.0000    1    2.000   1.0000       realRep
218.0000    1    2.000   1.0000       realRep
220.0000    2    2.000   1.0000       realNov
222.0000    0    2.000   1.0000          NULL 
224.0000    4    2.000   1.0000     pseudoNov
226.0000    3    2.000   1.0000     pseudoRep
228.0000    3    2.000   1.0000     pseudoRep
230.0000    3    2.000   1.0000     pseudoRep
232.0000    0    4.000   1.0000          NULL 
236.0000    3    2.000   1.0000     pseudoRep
238.0000    0    2.000   1.0000          NULL 
240.0000    4    2.000   1.0000     pseudoNov
242.0000    4    2.000   1.0000     pseudoNov
244.0000    4    2.000   1.0000     pseudoNov
246.0000    3    2.000   1.0000     pseudoRep
248.0000    2    2.000   1.0000       realNov
250.0000    4    2.000   1.0000     pseudoNov
252.0000    0    4.000   1.0000          NULL 
256.0000    3    2.000   1.0000     pseudoRep
258.0000    1    2.000   1.0000       realRep
260.0000    1    2.000   1.0000       realRep
262.0000    1    2.000   1.0000       realRep
264.0000    4    2.000   1.0000     pseudoNov
266.0000    2    2.000   1.0000       realNov
268.0000    2    2.000   1.0000       realNov
270.0000    4    2.000   1.0000     pseudoNov
272.0000    0    4.000   1.0000          NULL 
276.0000    3    2.000   1.0000     pseudoRep
278.0000    1    2.000   1.0000       realRep
280.0000    4    2.000   1.0000     pseudoNov
282.0000    4    2.000   1.0000     pseudoNov
284.0000    1    2.000   1.0000       realRep
286.0000    4    2.000   1.0000     pseudoNov
288.0000    1    2.000   1.0000       realRep
290.0000    0    2.000   1.0000          NULL 
292.0000    1    2.000   1.0000       realRep
294.0000    2    2.000   1.0000       realNov
296.0000    2    2.000   1.0000       realNov
298.0000    0    2.000   1.0000          NULL 
300.0000    3    2.000   1.0000     pseudoRep
302.0000    3    2.000   1.0000     pseudoRep
304.0000    0    2.000   1.0000          NULL 
306.0000    4    2.000   1.0000     pseudoNov
308.0000    4    2.000   1.0000     pseudoNov
310.0000    0    2.000   1.0000          NULL 
312.0000    4    2.000   1.0000     pseudoNov
314.0000    2    2.000   1.0000       realNov
316.0000    1    2.000   1.0000       realRep
318.0000    1    2.000   1.0000       realRep
320.0000    3    2.000   1.0000     pseudoRep
322.0000    2    2.000   1.0000       realNov
324.0000    1    2.000   1.0000       realRep
326.0000    4    2.000   1.0000     pseudoNov
328.0000    0    2.000   1.0000          NULL 
330.0000    4    2.000   1.0000     pseudoNov
332.0000    2    2.000   1.0000       realNov
334.0000    2    2.000   1.0000       realNov
336.0000    2    2.000   1.0000       realNov
338.0000    4    2.000   1.0000     pseudoNov
340.0000    2    2.000   1.0000       realNov
342.0000    4    2.000   1.0000     pseudoNov
344.0000    4    2.000   1.0000     pseudoNov
346.0000    4    2.000   1.0000     pseudoNov
348.0000    4    2.000   1.0000     pseudoNov
350.0000    2    2.000   1.0000       realNov
352.0000    1    2.000   1.0000       realRep
354.0000    3    2.000   1.0000     pseudoRep
356.0000    0    2.000   1.0000          NULL 
358.0000    2    2.000   1.0000       realNov
360.0000    0    4.000   1.0000          NULL 
364.0000    2    2.000   1.0000       realNov
366.0000    1    2.000   1.0000       realRep
368.0000    3    2.000   1.0000     pseudoRep
370.0000    0    4.000   1.0000          NULL 
374.0000    4    2.000   1.0000     pseudoNov
376.0000    4    2.000   1.0000     pseudoNov
378.0000    3    2.000   1.0000     pseudoRep
380.0000    3    2.000   1.0000     pseudoRep
382.0000    1    2.000   1.0000       realRep
384.0000    1    2.000   1.0000       realRep
386.0000    3    2.000   1.0000     pseudoRep
388.0000    1    2.000   1.0000       realRep
390.0000    0    4.000   1.0000          NULL 
394.0000    4    2.000   1.0000     pseudoNov
396.0000    2    2.000   1.0000       realNov
398.0000    1    2.000   1.0000       realRep
