  0.0000    1    2.000   1.0000       realRep
  2.0000    2    2.000   1.0000       realNov
  4.0000    1    2.000   1.0000       realRep
  6.0000    2    2.000   1.0000       realNov
  8.0000    2    2.000   1.0000       realNov
 10.0000    2    2.000   1.0000       realNov
 12.0000    3    2.000   1.0000     pseudoRep
 14.0000    3    2.000   1.0000     pseudoRep
 16.0000    0    2.000   1.0000          NULL 
 18.0000    3    2.000   1.0000     pseudoRep
 20.0000    4    2.000   1.0000     pseudoNov
 22.0000    4    2.000   1.0000     pseudoNov
 24.0000    1    2.000   1.0000       realRep
 26.0000    3    2.000   1.0000     pseudoRep
 28.0000    3    2.000   1.0000     pseudoRep
 30.0000    3    2.000   1.0000     pseudoRep
 32.0000    2    2.000   1.0000       realNov
 34.0000    2    2.000   1.0000       realNov
 36.0000    4    2.000   1.0000     pseudoNov
 38.0000    4    2.000   1.0000     pseudoNov
 40.0000    3    2.000   1.0000     pseudoRep
 42.0000    1    2.000   1.0000       realRep
 44.0000    0    2.000   1.0000          NULL 
 46.0000    1    2.000   1.0000       realRep
 48.0000    1    2.000   1.0000       realRep
 50.0000    2    2.000   1.0000       realNov
 52.0000    3    2.000   1.0000     pseudoRep
 54.0000    1    2.000   1.0000       realRep
 56.0000    2    2.000   1.0000       realNov
 58.0000    4    2.000   1.0000     pseudoNov
 60.0000    3    2.000   1.0000     pseudoRep
 62.0000    3    2.000   1.0000     pseudoRep
 64.0000    3    2.000   1.0000     pseudoRep
 66.0000    1    2.000   1.0000       realRep
 68.0000    3    2.000   1.0000     pseudoRep
 70.0000    2    2.000   1.0000       realNov
 72.0000    1    2.000   1.0000       realRep
 74.0000    0    2.000   1.0000          NULL 
 76.0000    2    2.000   1.0000       realNov
 78.0000    2    2.000   1.0000       realNov
 80.0000    2    2.000   1.0000       realNov
 82.0000    3    2.000   1.0000     pseudoRep
 84.0000    2    2.000   1.0000       realNov
 86.0000    0    2.000   1.0000          NULL 
 88.0000    3    2.000   1.0000     pseudoRep
 90.0000    4    2.000   1.0000     pseudoNov
 92.0000    2    2.000   1.0000       realNov
 94.0000    0    2.000   1.0000          NULL 
 96.0000    3    2.000   1.0000     pseudoRep
 98.0000    1    2.000   1.0000       realRep
100.0000    4    2.000   1.0000     pseudoNov
102.0000    4    2.000   1.0000     pseudoNov
104.0000    1    2.000   1.0000       realRep
106.0000    0    4.000   1.0000          NULL 
110.0000    3    2.000   1.0000     pseudoRep
112.0000    0    2.000   1.0000          NULL 
114.0000    2    2.000   1.0000       realNov
116.0000    3    2.000   1.0000     pseudoRep
118.0000    3    2.000   1.0000     pseudoRep
120.0000    0    2.000   1.0000          NULL 
122.0000    4    2.000   1.0000     pseudoNov
124.0000    3    2.000   1.0000     pseudoRep
126.0000    4    2.000   1.0000     pseudoNov
128.0000    4    2.000   1.0000     pseudoNov
130.0000    0    6.000   1.0000          NULL 
136.0000    2    2.000   1.0000       realNov
138.0000    3    2.000   1.0000     pseudoRep
140.0000    0    2.000   1.0000          NULL 
142.0000    4    2.000   1.0000     pseudoNov
144.0000    4    2.000   1.0000     pseudoNov
146.0000    1    2.000   1.0000       realRep
148.0000    4    2.000   1.0000     pseudoNov
150.0000    3    2.000   1.0000     pseudoRep
152.0000    2    2.000   1.0000       realNov
154.0000    1    2.000   1.0000       realRep
156.0000    2    2.000   1.0000       realNov
158.0000    0    2.000   1.0000          NULL 
160.0000    1    2.000   1.0000       realRep
162.0000    0    2.000   1.0000          NULL 
164.0000    3    2.000   1.0000     pseudoRep
166.0000    4    2.000   1.0000     pseudoNov
168.0000    0    2.000   1.0000          NULL 
170.0000    1    2.000   1.0000       realRep
172.0000    3    2.000   1.0000     pseudoRep
174.0000    0    2.000   1.0000          NULL 
176.0000    2    2.000   1.0000       realNov
178.0000    4    2.000   1.0000     pseudoNov
180.0000    2    2.000   1.0000       realNov
182.0000    0    4.000   1.0000          NULL 
186.0000    3    2.000   1.0000     pseudoRep
188.0000    1    2.000   1.0000       realRep
190.0000    3    2.000   1.0000     pseudoRep
192.0000    1    2.000   1.0000       realRep
194.0000    3    2.000   1.0000     pseudoRep
196.0000    4    2.000   1.0000     pseudoNov
198.0000    0    2.000   1.0000          NULL 
200.0000    3    2.000   1.0000     pseudoRep
202.0000    2    2.000   1.0000       realNov
204.0000    2    2.000   1.0000       realNov
206.0000    1    2.000   1.0000       realRep
208.0000    1    2.000   1.0000       realRep
210.0000    4    2.000   1.0000     pseudoNov
212.0000    0    2.000   1.0000          NULL 
214.0000    2    2.000   1.0000       realNov
216.0000    3    2.000   1.0000     pseudoRep
218.0000    2    2.000   1.0000       realNov
220.0000    2    2.000   1.0000       realNov
222.0000    0    2.000   1.0000          NULL 
224.0000    4    2.000   1.0000     pseudoNov
226.0000    2    2.000   1.0000       realNov
228.0000    1    2.000   1.0000       realRep
230.0000    4    2.000   1.0000     pseudoNov
232.0000    0    4.000   1.0000          NULL 
236.0000    2    2.000   1.0000       realNov
238.0000    0    2.000   1.0000          NULL 
240.0000    4    2.000   1.0000     pseudoNov
242.0000    3    2.000   1.0000     pseudoRep
244.0000    1    2.000   1.0000       realRep
246.0000    0    2.000   1.0000          NULL 
248.0000    2    2.000   1.0000       realNov
250.0000    2    2.000   1.0000       realNov
252.0000    4    2.000   1.0000     pseudoNov
254.0000    0    4.000   1.0000          NULL 
258.0000    4    2.000   1.0000     pseudoNov
260.0000    4    2.000   1.0000     pseudoNov
262.0000    3    2.000   1.0000     pseudoRep
264.0000    4    2.000   1.0000     pseudoNov
266.0000    4    2.000   1.0000     pseudoNov
268.0000    1    2.000   1.0000       realRep
270.0000    3    2.000   1.0000     pseudoRep
272.0000    3    2.000   1.0000     pseudoRep
274.0000    0    2.000   1.0000          NULL 
276.0000    1    2.000   1.0000       realRep
278.0000    3    2.000   1.0000     pseudoRep
280.0000    2    2.000   1.0000       realNov
282.0000    1    2.000   1.0000       realRep
284.0000    3    2.000   1.0000     pseudoRep
286.0000    1    2.000   1.0000       realRep
288.0000    1    2.000   1.0000       realRep
290.0000    0    4.000   1.0000          NULL 
294.0000    4    2.000   1.0000     pseudoNov
296.0000    4    2.000   1.0000     pseudoNov
298.0000    1    2.000   1.0000       realRep
300.0000    2    2.000   1.0000       realNov
302.0000    4    2.000   1.0000     pseudoNov
304.0000    4    2.000   1.0000     pseudoNov
306.0000    0    2.000   1.0000          NULL 
308.0000    4    2.000   1.0000     pseudoNov
310.0000    2    2.000   1.0000       realNov
312.0000    1    2.000   1.0000       realRep
314.0000    0    2.000   1.0000          NULL 
316.0000    1    2.000   1.0000       realRep
318.0000    1    2.000   1.0000       realRep
320.0000    2    2.000   1.0000       realNov
322.0000    3    2.000   1.0000     pseudoRep
324.0000    1    2.000   1.0000       realRep
326.0000    2    2.000   1.0000       realNov
328.0000    0    2.000   1.0000          NULL 
330.0000    4    2.000   1.0000     pseudoNov
332.0000    1    2.000   1.0000       realRep
334.0000    3    2.000   1.0000     pseudoRep
336.0000    4    2.000   1.0000     pseudoNov
338.0000    2    2.000   1.0000       realNov
340.0000    2    2.000   1.0000       realNov
342.0000    1    2.000   1.0000       realRep
344.0000    0    2.000   1.0000          NULL 
346.0000    3    2.000   1.0000     pseudoRep
348.0000    2    2.000   1.0000       realNov
350.0000    4    2.000   1.0000     pseudoNov
352.0000    4    2.000   1.0000     pseudoNov
354.0000    0    2.000   1.0000          NULL 
356.0000    1    2.000   1.0000       realRep
358.0000    1    2.000   1.0000       realRep
360.0000    4    2.000   1.0000     pseudoNov
362.0000    3    2.000   1.0000     pseudoRep
364.0000    3    2.000   1.0000     pseudoRep
366.0000    0    4.000   1.0000          NULL 
370.0000    4    2.000   1.0000     pseudoNov
372.0000    1    2.000   1.0000       realRep
374.0000    0    2.000   1.0000          NULL 
376.0000    4    2.000   1.0000     pseudoNov
378.0000    1    2.000   1.0000       realRep
380.0000    2    2.000   1.0000       realNov
382.0000    3    2.000   1.0000     pseudoRep
384.0000    2    2.000   1.0000       realNov
386.0000    1    2.000   1.0000       realRep
388.0000    2    2.000   1.0000       realNov
390.0000    1    2.000   1.0000       realRep
392.0000    4    2.000   1.0000     pseudoNov
394.0000    0    2.000   1.0000          NULL 
396.0000    1    2.000   1.0000       realRep
398.0000    4    2.000   1.0000     pseudoNov
