  0.0000    1    2.000   1.0000       realRep
  2.0000    3    2.000   1.0000     pseudoRep
  4.0000    4    2.000   1.0000     pseudoNov
  6.0000    3    2.000   1.0000     pseudoRep
  8.0000    1    2.000   1.0000       realRep
 10.0000    2    2.000   1.0000       realNov
 12.0000    4    2.000   1.0000     pseudoNov
 14.0000    2    2.000   1.0000       realNov
 16.0000    3    2.000   1.0000     pseudoRep
 18.0000    4    2.000   1.0000     pseudoNov
 20.0000    0    2.000   1.0000          NULL 
 22.0000    4    2.000   1.0000     pseudoNov
 24.0000    1    2.000   1.0000       realRep
 26.0000    2    2.000   1.0000       realNov
 28.0000    2    2.000   1.0000       realNov
 30.0000    2    2.000   1.0000       realNov
 32.0000    2    2.000   1.0000       realNov
 34.0000    2    2.000   1.0000       realNov
 36.0000    2    2.000   1.0000       realNov
 38.0000    1    2.000   1.0000       realRep
 40.0000    4    2.000   1.0000     pseudoNov
 42.0000    0    2.000   1.0000          NULL 
 44.0000    2    2.000   1.0000       realNov
 46.0000    0    2.000   1.0000          NULL 
 48.0000    4    2.000   1.0000     pseudoNov
 50.0000    4    2.000   1.0000     pseudoNov
 52.0000    4    2.000   1.0000     pseudoNov
 54.0000    1    2.000   1.0000       realRep
 56.0000    2    2.000   1.0000       realNov
 58.0000    1    2.000   1.0000       realRep
 60.0000    2    2.000   1.0000       realNov
 62.0000    2    2.000   1.0000       realNov
 64.0000    3    2.000   1.0000     pseudoRep
 66.0000    3    2.000   1.0000     pseudoRep
 68.0000    0    4.000   1.0000          NULL 
 72.0000    4    2.000   1.0000     pseudoNov
 74.0000    0    2.000   1.0000          NULL 
 76.0000    1    2.000   1.0000       realRep
 78.0000    0    2.000   1.0000          NULL 
 80.0000    3    2.000   1.0000     pseudoRep
 82.0000    1    2.000   1.0000       realRep
 84.0000    2    2.000   1.0000       realNov
 86.0000    1    2.000   1.0000       realRep
 88.0000    3    2.000   1.0000     pseudoRep
 90.0000    4    2.000   1.0000     pseudoNov
 92.0000    2    2.000   1.0000       realNov
 94.0000    2    2.000   1.0000       realNov
 96.0000    3    2.000   1.0000     pseudoRep
 98.0000    1    2.000   1.0000       realRep
100.0000    3    2.000   1.0000     pseudoRep
102.0000    4    2.000   1.0000     pseudoNov
104.0000    4    2.000   1.0000     pseudoNov
106.0000    3    2.000   1.0000     pseudoRep
108.0000    0    2.000   1.0000          NULL 
110.0000    1    2.000   1.0000       realRep
112.0000    2    2.000   1.0000       realNov
114.0000    3    2.000   1.0000     pseudoRep
116.0000    0    2.000   1.0000          NULL 
118.0000    1    2.000   1.0000       realRep
120.0000    1    2.000   1.0000       realRep
122.0000    4    2.000   1.0000     pseudoNov
124.0000    3    2.000   1.0000     pseudoRep
126.0000    1    2.000   1.0000       realRep
128.0000    0    2.000   1.0000          NULL 
130.0000    4    2.000   1.0000     pseudoNov
132.0000    4    2.000   1.0000     pseudoNov
134.0000    0    2.000   1.0000          NULL 
136.0000    2    2.000   1.0000       realNov
138.0000    3    2.000   1.0000     pseudoRep
140.0000    1    2.000   1.0000       realRep
142.0000    0    2.000   1.0000          NULL 
144.0000    3    2.000   1.0000     pseudoRep
146.0000    0    2.000   1.0000          NULL 
148.0000    3    2.000   1.0000     pseudoRep
150.0000    2    2.000   1.0000       realNov
152.0000    2    2.000   1.0000       realNov
154.0000    3    2.000   1.0000     pseudoRep
156.0000    1    2.000   1.0000       realRep
158.0000    0    6.000   1.0000          NULL 
164.0000    4    2.000   1.0000     pseudoNov
166.0000    3    2.000   1.0000     pseudoRep
168.0000    2    2.000   1.0000       realNov
170.0000    3    2.000   1.0000     pseudoRep
172.0000    4    2.000   1.0000     pseudoNov
174.0000    2    2.000   1.0000       realNov
176.0000    0    2.000   1.0000          NULL 
178.0000    4    2.000   1.0000     pseudoNov
180.0000    4    2.000   1.0000     pseudoNov
182.0000    1    2.000   1.0000       realRep
184.0000    3    2.000   1.0000     pseudoRep
186.0000    1    2.000   1.0000       realRep
188.0000    0    2.000   1.0000          NULL 
190.0000    1    2.000   1.0000       realRep
192.0000    4    2.000   1.0000     pseudoNov
194.0000    0    2.000   1.0000          NULL 
196.0000    2    2.000   1.0000       realNov
198.0000    0    2.000   1.0000          NULL 
200.0000    4    2.000   1.0000     pseudoNov
202.0000    3    2.000   1.0000     pseudoRep
204.0000    4    2.000   1.0000     pseudoNov
206.0000    1    2.000   1.0000       realRep
208.0000    3    2.000   1.0000     pseudoRep
210.0000    1    2.000   1.0000       realRep
212.0000    1    2.000   1.0000       realRep
214.0000    0    2.000   1.0000          NULL 
216.0000    4    2.000   1.0000     pseudoNov
218.0000    3    2.000   1.0000     pseudoRep
220.0000    2    2.000   1.0000       realNov
222.0000    0    2.000   1.0000          NULL 
224.0000    2    2.000   1.0000       realNov
226.0000    3    2.000   1.0000     pseudoRep
228.0000    0    4.000   1.0000          NULL 
232.0000    3    2.000   1.0000     pseudoRep
234.0000    3    2.000   1.0000     pseudoRep
236.0000    4    2.000   1.0000     pseudoNov
238.0000    1    2.000   1.0000       realRep
240.0000    1    2.000   1.0000       realRep
242.0000    4    2.000   1.0000     pseudoNov
244.0000    2    2.000   1.0000       realNov
246.0000    4    2.000   1.0000     pseudoNov
248.0000    4    2.000   1.0000     pseudoNov
250.0000    1    2.000   1.0000       realRep
252.0000    4    2.000   1.0000     pseudoNov
254.0000    4    2.000   1.0000     pseudoNov
256.0000    1    2.000   1.0000       realRep
258.0000    0    4.000   1.0000          NULL 
262.0000    1    2.000   1.0000       realRep
264.0000    1    2.000   1.0000       realRep
266.0000    4    2.000   1.0000     pseudoNov
268.0000    0    2.000   1.0000          NULL 
270.0000    4    2.000   1.0000     pseudoNov
272.0000    3    2.000   1.0000     pseudoRep
274.0000    4    2.000   1.0000     pseudoNov
276.0000    3    2.000   1.0000     pseudoRep
278.0000    0    2.000   1.0000          NULL 
280.0000    3    2.000   1.0000     pseudoRep
282.0000    2    2.000   1.0000       realNov
284.0000    2    2.000   1.0000       realNov
286.0000    1    2.000   1.0000       realRep
288.0000    3    2.000   1.0000     pseudoRep
290.0000    1    2.000   1.0000       realRep
292.0000    0    2.000   1.0000          NULL 
294.0000    4    2.000   1.0000     pseudoNov
296.0000    1    2.000   1.0000       realRep
298.0000    2    2.000   1.0000       realNov
300.0000    0    2.000   1.0000          NULL 
302.0000    2    2.000   1.0000       realNov
304.0000    2    2.000   1.0000       realNov
306.0000    0    4.000   1.0000          NULL 
310.0000    2    2.000   1.0000       realNov
312.0000    3    2.000   1.0000     pseudoRep
314.0000    3    2.000   1.0000     pseudoRep
316.0000    3    2.000   1.0000     pseudoRep
318.0000    2    2.000   1.0000       realNov
320.0000    3    2.000   1.0000     pseudoRep
322.0000    0    4.000   1.0000          NULL 
326.0000    2    2.000   1.0000       realNov
328.0000    1    2.000   1.0000       realRep
330.0000    3    2.000   1.0000     pseudoRep
332.0000    3    2.000   1.0000     pseudoRep
334.0000    4    2.000   1.0000     pseudoNov
336.0000    1    2.000   1.0000       realRep
338.0000    0    4.000   1.0000          NULL 
342.0000    3    2.000   1.0000     pseudoRep
344.0000    0    2.000   1.0000          NULL 
346.0000    2    2.000   1.0000       realNov
348.0000    1    2.000   1.0000       realRep
350.0000    2    2.000   1.0000       realNov
352.0000    4    2.000   1.0000     pseudoNov
354.0000    1    2.000   1.0000       realRep
356.0000    2    2.000   1.0000       realNov
358.0000    0    2.000   1.0000          NULL 
360.0000    4    2.000   1.0000     pseudoNov
362.0000    3    2.000   1.0000     pseudoRep
364.0000    1    2.000   1.0000       realRep
366.0000    1    2.000   1.0000       realRep
368.0000    0    2.000   1.0000          NULL 
370.0000    3    2.000   1.0000     pseudoRep
372.0000    2    2.000   1.0000       realNov
374.0000    4    2.000   1.0000     pseudoNov
376.0000    0    2.000   1.0000          NULL 
378.0000    4    2.000   1.0000     pseudoNov
380.0000    2    2.000   1.0000       realNov
382.0000    1    2.000   1.0000       realRep
384.0000    1    2.000   1.0000       realRep
386.0000    4    2.000   1.0000     pseudoNov
388.0000    3    2.000   1.0000     pseudoRep
390.0000    3    2.000   1.0000     pseudoRep
392.0000    2    2.000   1.0000       realNov
394.0000    1    2.000   1.0000       realRep
396.0000    4    2.000   1.0000     pseudoNov
398.0000    2    2.000   1.0000       realNov
