  0.0000    4    2.000   1.0000     pseudoNov
  2.0000    3    2.000   1.0000     pseudoRep
  4.0000    1    2.000   1.0000       realRep
  6.0000    2    2.000   1.0000       realNov
  8.0000    4    2.000   1.0000     pseudoNov
 10.0000    0    2.000   1.0000          NULL 
 12.0000    3    2.000   1.0000     pseudoRep
 14.0000    2    2.000   1.0000       realNov
 16.0000    4    2.000   1.0000     pseudoNov
 18.0000    3    2.000   1.0000     pseudoRep
 20.0000    2    2.000   1.0000       realNov
 22.0000    1    2.000   1.0000       realRep
 24.0000    1    2.000   1.0000       realRep
 26.0000    3    2.000   1.0000     pseudoRep
 28.0000    1    2.000   1.0000       realRep
 30.0000    3    2.000   1.0000     pseudoRep
 32.0000    2    2.000   1.0000       realNov
 34.0000    3    2.000   1.0000     pseudoRep
 36.0000    0    2.000   1.0000          NULL 
 38.0000    1    2.000   1.0000       realRep
 40.0000    3    2.000   1.0000     pseudoRep
 42.0000    1    2.000   1.0000       realRep
 44.0000    3    2.000   1.0000     pseudoRep
 46.0000    0    2.000   1.0000          NULL 
 48.0000    4    2.000   1.0000     pseudoNov
 50.0000    4    2.000   1.0000     pseudoNov
 52.0000    1    2.000   1.0000       realRep
 54.0000    3    2.000   1.0000     pseudoRep
 56.0000    3    2.000   1.0000     pseudoRep
 58.0000    3    2.000   1.0000     pseudoRep
 60.0000    2    2.000   1.0000       realNov
 62.0000    3    2.000   1.0000     pseudoRep
 64.0000    0    6.000   1.0000          NULL 
 70.0000    3    2.000   1.0000     pseudoRep
 72.0000    2    2.000   1.0000       realNov
 74.0000    1    2.000   1.0000       realRep
 76.0000    0    2.000   1.0000          NULL 
 78.0000    1    2.000   1.0000       realRep
 80.0000    0    2.000   1.0000          NULL 
 82.0000    1    2.000   1.0000       realRep
 84.0000    3    2.000   1.0000     pseudoRep
 86.0000    3    2.000   1.0000     pseudoRep
 88.0000    1    2.000   1.0000       realRep
 90.0000    0    2.000   1.0000          NULL 
 92.0000    2    2.000   1.0000       realNov
 94.0000    3    2.000   1.0000     pseudoRep
 96.0000    0    2.000   1.0000          NULL 
 98.0000    3    2.000   1.0000     pseudoRep
100.0000    4    2.000   1.0000     pseudoNov
102.0000    0    2.000   1.0000          NULL 
104.0000    2    2.000   1.0000       realNov
106.0000    1    2.000   1.0000       realRep
108.0000    4    2.000   1.0000     pseudoNov
110.0000    4    2.000   1.0000     pseudoNov
112.0000    1    2.000   1.0000       realRep
114.0000    3    2.000   1.0000     pseudoRep
116.0000    1    2.000   1.0000       realRep
118.0000    2    2.000   1.0000       realNov
120.0000    3    2.000   1.0000     pseudoRep
122.0000    1    2.000   1.0000       realRep
124.0000    2    2.000   1.0000       realNov
126.0000    2    2.000   1.0000       realNov
128.0000    2    2.000   1.0000       realNov
130.0000    0    2.000   1.0000          NULL 
132.0000    2    2.000   1.0000       realNov
134.0000    1    2.000   1.0000       realRep
136.0000    2    2.000   1.0000       realNov
138.0000    1    2.000   1.0000       realRep
140.0000    1    2.000   1.0000       realRep
142.0000    0    2.000   1.0000          NULL 
144.0000    1    2.000   1.0000       realRep
146.0000    0    2.000   1.0000          NULL 
148.0000    4    2.000   1.0000     pseudoNov
150.0000    4    2.000   1.0000     pseudoNov
152.0000    1    2.000   1.0000       realRep
154.0000    1    2.000   1.0000       realRep
156.0000    4    2.000   1.0000     pseudoNov
158.0000    4    2.000   1.0000     pseudoNov
160.0000    1    2.000   1.0000       realRep
162.0000    1    2.000   1.0000       realRep
164.0000    0    2.000   1.0000          NULL 
166.0000    3    2.000   1.0000     pseudoRep
168.0000    3    2.000   1.0000     pseudoRep
170.0000    2    2.000   1.0000       realNov
172.0000    2    2.000   1.0000       realNov
174.0000    0    2.000   1.0000          NULL 
176.0000    3    2.000   1.0000     pseudoRep
178.0000    4    2.000   1.0000     pseudoNov
180.0000    3    2.000   1.0000     pseudoRep
182.0000    3    2.000   1.0000     pseudoRep
184.0000    2    2.000   1.0000       realNov
186.0000    4    2.000   1.0000     pseudoNov
188.0000    0    2.000   1.0000          NULL 
190.0000    4    2.000   1.0000     pseudoNov
192.0000    2    2.000   1.0000       realNov
194.0000    0    2.000   1.0000          NULL 
196.0000    2    2.000   1.0000       realNov
198.0000    1    2.000   1.0000       realRep
200.0000    0    2.000   1.0000          NULL 
202.0000    3    2.000   1.0000     pseudoRep
204.0000    2    2.000   1.0000       realNov
206.0000    3    2.000   1.0000     pseudoRep
208.0000    3    2.000   1.0000     pseudoRep
210.0000    3    2.000   1.0000     pseudoRep
212.0000    4    2.000   1.0000     pseudoNov
214.0000    0    2.000   1.0000          NULL 
216.0000    4    2.000   1.0000     pseudoNov
218.0000    1    2.000   1.0000       realRep
220.0000    2    2.000   1.0000       realNov
222.0000    1    2.000   1.0000       realRep
224.0000    2    2.000   1.0000       realNov
226.0000    0    2.000   1.0000          NULL 
228.0000    4    2.000   1.0000     pseudoNov
230.0000    4    2.000   1.0000     pseudoNov
232.0000    4    2.000   1.0000     pseudoNov
234.0000    3    2.000   1.0000     pseudoRep
236.0000    3    2.000   1.0000     pseudoRep
238.0000    4    2.000   1.0000     pseudoNov
240.0000    1    2.000   1.0000       realRep
242.0000    4    2.000   1.0000     pseudoNov
244.0000    0    2.000   1.0000          NULL 
246.0000    1    2.000   1.0000       realRep
248.0000    0    2.000   1.0000          NULL 
250.0000    3    2.000   1.0000     pseudoRep
252.0000    2    2.000   1.0000       realNov
254.0000    4    2.000   1.0000     pseudoNov
256.0000    4    2.000   1.0000     pseudoNov
258.0000    3    2.000   1.0000     pseudoRep
260.0000    4    2.000   1.0000     pseudoNov
262.0000    2    2.000   1.0000       realNov
264.0000    0    2.000   1.0000          NULL 
266.0000    2    2.000   1.0000       realNov
268.0000    1    2.000   1.0000       realRep
270.0000    4    2.000   1.0000     pseudoNov
272.0000    0    2.000   1.0000          NULL 
274.0000    2    2.000   1.0000       realNov
276.0000    2    2.000   1.0000       realNov
278.0000    0    2.000   1.0000          NULL 
280.0000    4    2.000   1.0000     pseudoNov
282.0000    1    2.000   1.0000       realRep
284.0000    3    2.000   1.0000     pseudoRep
286.0000    2    2.000   1.0000       realNov
288.0000    0    2.000   1.0000          NULL 
290.0000    1    2.000   1.0000       realRep
292.0000    2    2.000   1.0000       realNov
294.0000    4    2.000   1.0000     pseudoNov
296.0000    1    2.000   1.0000       realRep
298.0000    0    2.000   1.0000          NULL 
300.0000    3    2.000   1.0000     pseudoRep
302.0000    2    2.000   1.0000       realNov
304.0000    2    2.000   1.0000       realNov
306.0000    3    2.000   1.0000     pseudoRep
308.0000    0    4.000   1.0000          NULL 
312.0000    2    2.000   1.0000       realNov
314.0000    0    2.000   1.0000          NULL 
316.0000    4    2.000   1.0000     pseudoNov
318.0000    4    2.000   1.0000     pseudoNov
320.0000    3    2.000   1.0000     pseudoRep
322.0000    4    2.000   1.0000     pseudoNov
324.0000    4    2.000   1.0000     pseudoNov
326.0000    0    4.000   1.0000          NULL 
330.0000    3    2.000   1.0000     pseudoRep
332.0000    0    2.000   1.0000          NULL 
334.0000    4    2.000   1.0000     pseudoNov
336.0000    2    2.000   1.0000       realNov
338.0000    1    2.000   1.0000       realRep
340.0000    1    2.000   1.0000       realRep
342.0000    0    2.000   1.0000          NULL 
344.0000    4    2.000   1.0000     pseudoNov
346.0000    3    2.000   1.0000     pseudoRep
348.0000    1    2.000   1.0000       realRep
350.0000    0    2.000   1.0000          NULL 
352.0000    2    2.000   1.0000       realNov
354.0000    1    2.000   1.0000       realRep
356.0000    3    2.000   1.0000     pseudoRep
358.0000    0    4.000   1.0000          NULL 
362.0000    1    2.000   1.0000       realRep
364.0000    4    2.000   1.0000     pseudoNov
366.0000    2    2.000   1.0000       realNov
368.0000    2    2.000   1.0000       realNov
370.0000    4    2.000   1.0000     pseudoNov
372.0000    0    2.000   1.0000          NULL 
374.0000    3    2.000   1.0000     pseudoRep
376.0000    1    2.000   1.0000       realRep
378.0000    4    2.000   1.0000     pseudoNov
380.0000    4    2.000   1.0000     pseudoNov
382.0000    0    2.000   1.0000          NULL 
384.0000    4    2.000   1.0000     pseudoNov
386.0000    2    2.000   1.0000       realNov
388.0000    2    2.000   1.0000       realNov
390.0000    1    2.000   1.0000       realRep
392.0000    4    2.000   1.0000     pseudoNov
394.0000    2    2.000   1.0000       realNov
396.0000    1    2.000   1.0000       realRep
398.0000    2    2.000   1.0000       realNov
