  0.0000    2    2.000   1.0000       realNov
  2.0000    4    2.000   1.0000     pseudoNov
  4.0000    4    2.000   1.0000     pseudoNov
  6.0000    1    2.000   1.0000       realRep
  8.0000    4    2.000   1.0000     pseudoNov
 10.0000    1    2.000   1.0000       realRep
 12.0000    2    2.000   1.0000       realNov
 14.0000    3    2.000   1.0000     pseudoRep
 16.0000    3    2.000   1.0000     pseudoRep
 18.0000    4    2.000   1.0000     pseudoNov
 20.0000    2    2.000   1.0000       realNov
 22.0000    1    2.000   1.0000       realRep
 24.0000    1    2.000   1.0000       realRep
 26.0000    2    2.000   1.0000       realNov
 28.0000    3    2.000   1.0000     pseudoRep
 30.0000    1    2.000   1.0000       realRep
 32.0000    1    2.000   1.0000       realRep
 34.0000    2    2.000   1.0000       realNov
 36.0000    2    2.000   1.0000       realNov
 38.0000    1    2.000   1.0000       realRep
 40.0000    2    2.000   1.0000       realNov
 42.0000    2    2.000   1.0000       realNov
 44.0000    0    2.000   1.0000          NULL 
 46.0000    1    2.000   1.0000       realRep
 48.0000    2    2.000   1.0000       realNov
 50.0000    3    2.000   1.0000     pseudoRep
 52.0000    2    2.000   1.0000       realNov
 54.0000    3    2.000   1.0000     pseudoRep
 56.0000    4    2.000   1.0000     pseudoNov
 58.0000    4    2.000   1.0000     pseudoNov
 60.0000    1    2.000   1.0000       realRep
 62.0000    4    2.000   1.0000     pseudoNov
 64.0000    3    2.000   1.0000     pseudoRep
 66.0000    3    2.000   1.0000     pseudoRep
 68.0000    4    2.000   1.0000     pseudoNov
 70.0000    1    2.000   1.0000       realRep
 72.0000    3    2.000   1.0000     pseudoRep
 74.0000    0    2.000   1.0000          NULL 
 76.0000    1    2.000   1.0000       realRep
 78.0000    1    2.000   1.0000       realRep
 80.0000    0    2.000   1.0000          NULL 
 82.0000    3    2.000   1.0000     pseudoRep
 84.0000    3    2.000   1.0000     pseudoRep
 86.0000    4    2.000   1.0000     pseudoNov
 88.0000    2    2.000   1.0000       realNov
 90.0000    2    2.000   1.0000       realNov
 92.0000    2    2.000   1.0000       realNov
 94.0000    3    2.000   1.0000     pseudoRep
 96.0000    1    2.000   1.0000       realRep
 98.0000    2    2.000   1.0000       realNov
100.0000    3    2.000   1.0000     pseudoRep
102.0000    2    2.000   1.0000       realNov
104.0000    2    2.000   1.0000       realNov
106.0000    2    2.000   1.0000       realNov
108.0000    0    2.000   1.0000          NULL 
110.0000    1    2.000   1.0000       realRep
112.0000    0    2.000   1.0000          NULL 
114.0000    1    2.000   1.0000       realRep
116.0000    4    2.000   1.0000     pseudoNov
118.0000    1    2.000   1.0000       realRep
120.0000    1    2.000   1.0000       realRep
122.0000    2    2.000   1.0000       realNov
124.0000    0    2.000   1.0000          NULL 
126.0000    3    2.000   1.0000     pseudoRep
128.0000    1    2.000   1.0000       realRep
130.0000    0    2.000   1.0000          NULL 
132.0000    4    2.000   1.0000     pseudoNov
134.0000    3    2.000   1.0000     pseudoRep
136.0000    1    2.000   1.0000       realRep
138.0000    1    2.000   1.0000       realRep
140.0000    4    2.000   1.0000     pseudoNov
142.0000    2    2.000   1.0000       realNov
144.0000    2    2.000   1.0000       realNov
146.0000    4    2.000   1.0000     pseudoNov
148.0000    1    2.000   1.0000       realRep
150.0000    3    2.000   1.0000     pseudoRep
152.0000    0    2.000   1.0000          NULL 
154.0000    4    2.000   1.0000     pseudoNov
156.0000    1    2.000   1.0000       realRep
158.0000    0    4.000   1.0000          NULL 
162.0000    3    2.000   1.0000     pseudoRep
164.0000    3    2.000   1.0000     pseudoRep
166.0000    2    2.000   1.0000       realNov
168.0000    4    2.000   1.0000     pseudoNov
170.0000    3    2.000   1.0000     pseudoRep
172.0000    0    2.000   1.0000          NULL 
174.0000    3    2.000   1.0000     pseudoRep
176.0000    2    2.000   1.0000       realNov
178.0000    3    2.000   1.0000     pseudoRep
180.0000    0    2.000   1.0000          NULL 
182.0000    3    2.000   1.0000     pseudoRep
184.0000    4    2.000   1.0000     pseudoNov
186.0000    4    2.000   1.0000     pseudoNov
188.0000    3    2.000   1.0000     pseudoRep
190.0000    0    2.000   1.0000          NULL 
192.0000    2    2.000   1.0000       realNov
194.0000    2    2.000   1.0000       realNov
196.0000    3    2.000   1.0000     pseudoRep
198.0000    2    2.000   1.0000       realNov
200.0000    0    2.000   1.0000          NULL 
202.0000    3    2.000   1.0000     pseudoRep
204.0000    1    2.000   1.0000       realRep
206.0000    0    2.000   1.0000          NULL 
208.0000    3    2.000   1.0000     pseudoRep
210.0000    1    2.000   1.0000       realRep
212.0000    3    2.000   1.0000     pseudoRep
214.0000    0    2.000   1.0000          NULL 
216.0000    2    2.000   1.0000       realNov
218.0000    4    2.000   1.0000     pseudoNov
220.0000    4    2.000   1.0000     pseudoNov
222.0000    0    4.000   1.0000          NULL 
226.0000    2    2.000   1.0000       realNov
228.0000    1    2.000   1.0000       realRep
230.0000    3    2.000   1.0000     pseudoRep
232.0000    2    2.000   1.0000       realNov
234.0000    4    2.000   1.0000     pseudoNov
236.0000    0    4.000   1.0000          NULL 
240.0000    4    2.000   1.0000     pseudoNov
242.0000    0    2.000   1.0000          NULL 
244.0000    3    2.000   1.0000     pseudoRep
246.0000    4    2.000   1.0000     pseudoNov
248.0000    0    2.000   1.0000          NULL 
250.0000    1    2.000   1.0000       realRep
252.0000    3    2.000   1.0000     pseudoRep
254.0000    1    2.000   1.0000       realRep
256.0000    0    4.000   1.0000          NULL 
260.0000    3    2.000   1.0000     pseudoRep
262.0000    2    2.000   1.0000       realNov
264.0000    1    2.000   1.0000       realRep
266.0000    4    2.000   1.0000     pseudoNov
268.0000    0    2.000   1.0000          NULL 
270.0000    2    2.000   1.0000       realNov
272.0000    3    2.000   1.0000     pseudoRep
274.0000    4    2.000   1.0000     pseudoNov
276.0000    3    2.000   1.0000     pseudoRep
278.0000    0    2.000   1.0000          NULL 
280.0000    3    2.000   1.0000     pseudoRep
282.0000    0    2.000   1.0000          NULL 
284.0000    1    2.000   1.0000       realRep
286.0000    4    2.000   1.0000     pseudoNov
288.0000    4    2.000   1.0000     pseudoNov
290.0000    4    2.000   1.0000     pseudoNov
292.0000    4    2.000   1.0000     pseudoNov
294.0000    0    2.000   1.0000          NULL 
296.0000    2    2.000   1.0000       realNov
298.0000    4    2.000   1.0000     pseudoNov
300.0000    4    2.000   1.0000     pseudoNov
302.0000    3    2.000   1.0000     pseudoRep
304.0000    3    2.000   1.0000     pseudoRep
306.0000    2    2.000   1.0000       realNov
308.0000    0    2.000   1.0000          NULL 
310.0000    1    2.000   1.0000       realRep
312.0000    1    2.000   1.0000       realRep
314.0000    1    2.000   1.0000       realRep
316.0000    2    2.000   1.0000       realNov
318.0000    4    2.000   1.0000     pseudoNov
320.0000    3    2.000   1.0000     pseudoRep
322.0000    4    2.000   1.0000     pseudoNov
324.0000    1    2.000   1.0000       realRep
326.0000    0    2.000   1.0000          NULL 
328.0000    4    2.000   1.0000     pseudoNov
330.0000    4    2.000   1.0000     pseudoNov
332.0000    2    2.000   1.0000       realNov
334.0000    1    2.000   1.0000       realRep
336.0000    2    2.000   1.0000       realNov
338.0000    0    4.000   1.0000          NULL 
342.0000    4    2.000   1.0000     pseudoNov
344.0000    4    2.000   1.0000     pseudoNov
346.0000    2    2.000   1.0000       realNov
348.0000    3    2.000   1.0000     pseudoRep
350.0000    0    4.000   1.0000          NULL 
354.0000    4    2.000   1.0000     pseudoNov
356.0000    2    2.000   1.0000       realNov
358.0000    4    2.000   1.0000     pseudoNov
360.0000    0    2.000   1.0000          NULL 
362.0000    1    2.000   1.0000       realRep
364.0000    4    2.000   1.0000     pseudoNov
366.0000    0    2.000   1.0000          NULL 
368.0000    1    2.000   1.0000       realRep
370.0000    2    2.000   1.0000       realNov
372.0000    3    2.000   1.0000     pseudoRep
374.0000    0    2.000   1.0000          NULL 
376.0000    1    2.000   1.0000       realRep
378.0000    0    2.000   1.0000          NULL 
380.0000    3    2.000   1.0000     pseudoRep
382.0000    3    2.000   1.0000     pseudoRep
384.0000    1    2.000   1.0000       realRep
386.0000    1    2.000   1.0000       realRep
388.0000    1    2.000   1.0000       realRep
390.0000    4    2.000   1.0000     pseudoNov
392.0000    0    2.000   1.0000          NULL 
394.0000    2    2.000   1.0000       realNov
396.0000    0    2.000   1.0000          NULL 
398.0000    2    2.000   1.0000       realNov
