  0.0000    2    2.000   1.0000       realNov
  2.0000    3    2.000   1.0000     pseudoRep
  4.0000    2    2.000   1.0000       realNov
  6.0000    2    2.000   1.0000       realNov
  8.0000    2    2.000   1.0000       realNov
 10.0000    4    2.000   1.0000     pseudoNov
 12.0000    1    2.000   1.0000       realRep
 14.0000    0    2.000   1.0000          NULL 
 16.0000    1    2.000   1.0000       realRep
 18.0000    3    2.000   1.0000     pseudoRep
 20.0000    0    2.000   1.0000          NULL 
 22.0000    1    2.000   1.0000       realRep
 24.0000    0    2.000   1.0000          NULL 
 26.0000    4    2.000   1.0000     pseudoNov
 28.0000    2    2.000   1.0000       realNov
 30.0000    3    2.000   1.0000     pseudoRep
 32.0000    1    2.000   1.0000       realRep
 34.0000    3    2.000   1.0000     pseudoRep
 36.0000    1    2.000   1.0000       realRep
 38.0000    4    2.000   1.0000     pseudoNov
 40.0000    3    2.000   1.0000     pseudoRep
 42.0000    1    2.000   1.0000       realRep
 44.0000    1    2.000   1.0000       realRep
 46.0000    1    2.000   1.0000       realRep
 48.0000    0    2.000   1.0000          NULL 
 50.0000    3    2.000   1.0000     pseudoRep
 52.0000    1    2.000   1.0000       realRep
 54.0000    2    2.000   1.0000       realNov
 56.0000    4    2.000   1.0000     pseudoNov
 58.0000    0    2.000   1.0000          NULL 
 60.0000    3    2.000   1.0000     pseudoRep
 62.0000    3    2.000   1.0000     pseudoRep
 64.0000    2    2.000   1.0000       realNov
 66.0000    4    2.000   1.0000     pseudoNov
 68.0000    2    2.000   1.0000       realNov
 70.0000    3    2.000   1.0000     pseudoRep
 72.0000    4    2.000   1.0000     pseudoNov
 74.0000    3    2.000   1.0000     pseudoRep
 76.0000    2    2.000   1.0000       realNov
 78.0000    1    2.000   1.0000       realRep
 80.0000    1    2.000   1.0000       realRep
 82.0000    3    2.000   1.0000     pseudoRep
 84.0000    4    2.000   1.0000     pseudoNov
 86.0000    0    2.000   1.0000          NULL 
 88.0000    2    2.000   1.0000       realNov
 90.0000    4    2.000   1.0000     pseudoNov
 92.0000    3    2.000   1.0000     pseudoRep
 94.0000    4    2.000   1.0000     pseudoNov
 96.0000    2    2.000   1.0000       realNov
 98.0000    2    2.000   1.0000       realNov
100.0000    2    2.000   1.0000       realNov
102.0000    1    2.000   1.0000       realRep
104.0000    3    2.000   1.0000     pseudoRep
106.0000    4    2.000   1.0000     pseudoNov
108.0000    2    2.000   1.0000       realNov
110.0000    2    2.000   1.0000       realNov
112.0000    2    2.000   1.0000       realNov
114.0000    4    2.000   1.0000     pseudoNov
116.0000    2    2.000   1.0000       realNov
118.0000    4    2.000   1.0000     pseudoNov
120.0000    3    2.000   1.0000     pseudoRep
122.0000    0    2.000   1.0000          NULL 
124.0000    4    2.000   1.0000     pseudoNov
126.0000    2    2.000   1.0000       realNov
128.0000    4    2.000   1.0000     pseudoNov
130.0000    1    2.000   1.0000       realRep
132.0000    1    2.000   1.0000       realRep
134.0000    4    2.000   1.0000     pseudoNov
136.0000    1    2.000   1.0000       realRep
138.0000    2    2.000   1.0000       realNov
140.0000    2    2.000   1.0000       realNov
142.0000    0    2.000   1.0000          NULL 
144.0000    1    2.000   1.0000       realRep
146.0000    1    2.000   1.0000       realRep
148.0000    4    2.000   1.0000     pseudoNov
150.0000    1    2.000   1.0000       realRep
152.0000    1    2.000   1.0000       realRep
154.0000    3    2.000   1.0000     pseudoRep
156.0000    4    2.000   1.0000     pseudoNov
158.0000    2    2.000   1.0000       realNov
160.0000    2    2.000   1.0000       realNov
162.0000    0    2.000   1.0000          NULL 
164.0000    4    2.000   1.0000     pseudoNov
166.0000    0    2.000   1.0000          NULL 
168.0000    2    2.000   1.0000       realNov
170.0000    2    2.000   1.0000       realNov
172.0000    1    2.000   1.0000       realRep
174.0000    3    2.000   1.0000     pseudoRep
176.0000    1    2.000   1.0000       realRep
178.0000    0    2.000   1.0000          NULL 
180.0000    4    2.000   1.0000     pseudoNov
182.0000    3    2.000   1.0000     pseudoRep
184.0000    0    2.000   1.0000          NULL 
186.0000    3    2.000   1.0000     pseudoRep
188.0000    2    2.000   1.0000       realNov
190.0000    1    2.000   1.0000       realRep
192.0000    0    2.000   1.0000          NULL 
194.0000    1    2.000   1.0000       realRep
196.0000    2    2.000   1.0000       realNov
198.0000    4    2.000   1.0000     pseudoNov
200.0000    3    2.000   1.0000     pseudoRep
202.0000    1    2.000   1.0000       realRep
204.0000    0    2.000   1.0000          NULL 
206.0000    3    2.000   1.0000     pseudoRep
208.0000    4    2.000   1.0000     pseudoNov
210.0000    2    2.000   1.0000       realNov
212.0000    3    2.000   1.0000     pseudoRep
214.0000    0    4.000   1.0000          NULL 
218.0000    4    2.000   1.0000     pseudoNov
220.0000    1    2.000   1.0000       realRep
222.0000    3    2.000   1.0000     pseudoRep
224.0000    3    2.000   1.0000     pseudoRep
226.0000    1    2.000   1.0000       realRep
228.0000    4    2.000   1.0000     pseudoNov
230.0000    4    2.000   1.0000     pseudoNov
232.0000    0    4.000   1.0000          NULL 
236.0000    3    2.000   1.0000     pseudoRep
238.0000    1    2.000   1.0000       realRep
240.0000    3    2.000   1.0000     pseudoRep
242.0000    0    2.000   1.0000          NULL 
244.0000    3    2.000   1.0000     pseudoRep
246.0000    3    2.000   1.0000     pseudoRep
248.0000    0    2.000   1.0000          NULL 
250.0000    3    2.000   1.0000     pseudoRep
252.0000    2    2.000   1.0000       realNov
254.0000    4    2.000   1.0000     pseudoNov
256.0000    4    2.000   1.0000     pseudoNov
258.0000    4    2.000   1.0000     pseudoNov
260.0000    4    2.000   1.0000     pseudoNov
262.0000    4    2.000   1.0000     pseudoNov
264.0000    4    2.000   1.0000     pseudoNov
266.0000    3    2.000   1.0000     pseudoRep
268.0000    0    6.000   1.0000          NULL 
274.0000    1    2.000   1.0000       realRep
276.0000    1    2.000   1.0000       realRep
278.0000    3    2.000   1.0000     pseudoRep
280.0000    3    2.000   1.0000     pseudoRep
282.0000    3    2.000   1.0000     pseudoRep
284.0000    1    2.000   1.0000       realRep
286.0000    3    2.000   1.0000     pseudoRep
288.0000    0    2.000   1.0000          NULL 
290.0000    2    2.000   1.0000       realNov
292.0000    3    2.000   1.0000     pseudoRep
294.0000    3    2.000   1.0000     pseudoRep
296.0000    0    4.000   1.0000          NULL 
300.0000    4    2.000   1.0000     pseudoNov
302.0000    0    2.000   1.0000          NULL 
304.0000    1    2.000   1.0000       realRep
306.0000    4    2.000   1.0000     pseudoNov
308.0000    3    2.000   1.0000     pseudoRep
310.0000    2    2.000   1.0000       realNov
312.0000    0    4.000   1.0000          NULL 
316.0000    3    2.000   1.0000     pseudoRep
318.0000    4    2.000   1.0000     pseudoNov
320.0000    0    4.000   1.0000          NULL 
324.0000    1    2.000   1.0000       realRep
326.0000    2    2.000   1.0000       realNov
328.0000    4    2.000   1.0000     pseudoNov
330.0000    0    2.000   1.0000          NULL 
332.0000    2    2.000   1.0000       realNov
334.0000    3    2.000   1.0000     pseudoRep
336.0000    0    2.000   1.0000          NULL 
338.0000    4    2.000   1.0000     pseudoNov
340.0000    1    2.000   1.0000       realRep
342.0000    0    2.000   1.0000          NULL 
344.0000    2    2.000   1.0000       realNov
346.0000    4    2.000   1.0000     pseudoNov
348.0000    4    2.000   1.0000     pseudoNov
350.0000    1    2.000   1.0000       realRep
352.0000    4    2.000   1.0000     pseudoNov
354.0000    2    2.000   1.0000       realNov
356.0000    0    2.000   1.0000          NULL 
358.0000    2    2.000   1.0000       realNov
360.0000    0    2.000   1.0000          NULL 
362.0000    3    2.000   1.0000     pseudoRep
364.0000    0    2.000   1.0000          NULL 
366.0000    2    2.000   1.0000       realNov
368.0000    3    2.000   1.0000     pseudoRep
370.0000    2    2.000   1.0000       realNov
372.0000    1    2.000   1.0000       realRep
374.0000    1    2.000   1.0000       realRep
376.0000    2    2.000   1.0000       realNov
378.0000    1    2.000   1.0000       realRep
380.0000    0    4.000   1.0000          NULL 
384.0000    1    2.000   1.0000       realRep
386.0000    1    2.000   1.0000       realRep
388.0000    4    2.000   1.0000     pseudoNov
390.0000    1    2.000   1.0000       realRep
392.0000    2    2.000   1.0000       realNov
394.0000    2    2.000   1.0000       realNov
396.0000    0    2.000   1.0000          NULL 
398.0000    4    2.000   1.0000     pseudoNov
