  0.0000    3    2.000   1.0000     pseudoRep
  2.0000    4    2.000   1.0000     pseudoNov
  4.0000    0    2.000   1.0000          NULL 
  6.0000    2    2.000   1.0000       realNov
  8.0000    1    2.000   1.0000       realRep
 10.0000    4    2.000   1.0000     pseudoNov
 12.0000    1    2.000   1.0000       realRep
 14.0000    1    2.000   1.0000       realRep
 16.0000    3    2.000   1.0000     pseudoRep
 18.0000    1    2.000   1.0000       realRep
 20.0000    1    2.000   1.0000       realRep
 22.0000    0    2.000   1.0000          NULL 
 24.0000    3    2.000   1.0000     pseudoRep
 26.0000    0    2.000   1.0000          NULL 
 28.0000    4    2.000   1.0000     pseudoNov
 30.0000    4    2.000   1.0000     pseudoNov
 32.0000    0    2.000   1.0000          NULL 
 34.0000    2    2.000   1.0000       realNov
 36.0000    1    2.000   1.0000       realRep
 38.0000    2    2.000   1.0000       realNov
 40.0000    1    2.000   1.0000       realRep
 42.0000    3    2.000   1.0000     pseudoRep
 44.0000    1    2.000   1.0000       realRep
 46.0000    2    2.000   1.0000       realNov
 48.0000    0    2.000   1.0000          NULL 
 50.0000    2    2.000   1.0000       realNov
 52.0000    0    2.000   1.0000          NULL 
 54.0000    1    2.000   1.0000       realRep
 56.0000    2    2.000   1.0000       realNov
 58.0000    2    2.000   1.0000       realNov
 60.0000    0    2.000   1.0000          NULL 
 62.0000    2    2.000   1.0000       realNov
 64.0000    2    2.000   1.0000       realNov
 66.0000    0    2.000   1.0000          NULL 
 68.0000    3    2.000   1.0000     pseudoRep
 70.0000    0    2.000   1.0000          NULL 
 72.0000    2    2.000   1.0000       realNov
 74.0000    4    2.000   1.0000     pseudoNov
 76.0000    4    2.000   1.0000     pseudoNov
 78.0000    2    2.000   1.0000       realNov
 80.0000    3    2.000   1.0000     pseudoRep
 82.0000    1    2.000   1.0000       realRep
 84.0000    0    2.000   1.0000          NULL 
 86.0000    2    2.000   1.0000       realNov
 88.0000    4    2.000   1.0000     pseudoNov
 90.0000    3    2.000   1.0000     pseudoRep
 92.0000    3    2.000   1.0000     pseudoRep
 94.0000    3    2.000   1.0000     pseudoRep
 96.0000    3    2.000   1.0000     pseudoRep
 98.0000    3    2.000   1.0000     pseudoRep
100.0000    2    2.000   1.0000       realNov
102.0000    3    2.000   1.0000     pseudoRep
104.0000    3    2.000   1.0000     pseudoRep
106.0000    2    2.000   1.0000       realNov
108.0000    1    2.000   1.0000       realRep
110.0000    2    2.000   1.0000       realNov
112.0000    4    2.000   1.0000     pseudoNov
114.0000    3    2.000   1.0000     pseudoRep
116.0000    3    2.000   1.0000     pseudoRep
118.0000    0    2.000   1.0000          NULL 
120.0000    2    2.000   1.0000       realNov
122.0000    0    2.000   1.0000          NULL 
124.0000    4    2.000   1.0000     pseudoNov
126.0000    1    2.000   1.0000       realRep
128.0000    4    2.000   1.0000     pseudoNov
130.0000    2    2.000   1.0000       realNov
132.0000    1    2.000   1.0000       realRep
134.0000    3    2.000   1.0000     pseudoRep
136.0000    2    2.000   1.0000       realNov
138.0000    4    2.000   1.0000     pseudoNov
140.0000    3    2.000   1.0000     pseudoRep
142.0000    0    2.000   1.0000          NULL 
144.0000    3    2.000   1.0000     pseudoRep
146.0000    0    2.000   1.0000          NULL 
148.0000    2    2.000   1.0000       realNov
150.0000    4    2.000   1.0000     pseudoNov
152.0000    2    2.000   1.0000       realNov
154.0000    4    2.000   1.0000     pseudoNov
156.0000    4    2.000   1.0000     pseudoNov
158.0000    1    2.000   1.0000       realRep
160.0000    2    2.000   1.0000       realNov
162.0000    3    2.000   1.0000     pseudoRep
164.0000    0    2.000   1.0000          NULL 
166.0000    3    2.000   1.0000     pseudoRep
168.0000    3    2.000   1.0000     pseudoRep
170.0000    4    2.000   1.0000     pseudoNov
172.0000    2    2.000   1.0000       realNov
174.0000    1    2.000   1.0000       realRep
176.0000    2    2.000   1.0000       realNov
178.0000    4    2.000   1.0000     pseudoNov
180.0000    0    4.000   1.0000          NULL 
184.0000    4    2.000   1.0000     pseudoNov
186.0000    2    2.000   1.0000       realNov
188.0000    3    2.000   1.0000     pseudoRep
190.0000    1    2.000   1.0000       realRep
192.0000    3    2.000   1.0000     pseudoRep
194.0000    4    2.000   1.0000     pseudoNov
196.0000    3    2.000   1.0000     pseudoRep
198.0000    0    6.000   1.0000          NULL 
204.0000    2    2.000   1.0000       realNov
206.0000    4    2.000   1.0000     pseudoNov
208.0000    2    2.000   1.0000       realNov
210.0000    1    2.000   1.0000       realRep
212.0000    1    2.000   1.0000       realRep
214.0000    4    2.000   1.0000     pseudoNov
216.0000    4    2.000   1.0000     pseudoNov
218.0000    3    2.000   1.0000     pseudoRep
220.0000    2    2.000   1.0000       realNov
222.0000    0    2.000   1.0000          NULL 
224.0000    4    2.000   1.0000     pseudoNov
226.0000    2    2.000   1.0000       realNov
228.0000    1    2.000   1.0000       realRep
230.0000    3    2.000   1.0000     pseudoRep
232.0000    1    2.000   1.0000       realRep
234.0000    4    2.000   1.0000     pseudoNov
236.0000    2    2.000   1.0000       realNov
238.0000    1    2.000   1.0000       realRep
240.0000    1    2.000   1.0000       realRep
242.0000    0    4.000   1.0000          NULL 
246.0000    1    2.000   1.0000       realRep
248.0000    3    2.000   1.0000     pseudoRep
250.0000    2    2.000   1.0000       realNov
252.0000    1    2.000   1.0000       realRep
254.0000    2    2.000   1.0000       realNov
256.0000    0    2.000   1.0000          NULL 
258.0000    4    2.000   1.0000     pseudoNov
260.0000    1    2.000   1.0000       realRep
262.0000    1    2.000   1.0000       realRep
264.0000    0    2.000   1.0000          NULL 
266.0000    3    2.000   1.0000     pseudoRep
268.0000    1    2.000   1.0000       realRep
270.0000    4    2.000   1.0000     pseudoNov
272.0000    0    2.000   1.0000          NULL 
274.0000    4    2.000   1.0000     pseudoNov
276.0000    0    2.000   1.0000          NULL 
278.0000    3    2.000   1.0000     pseudoRep
280.0000    2    2.000   1.0000       realNov
282.0000    4    2.000   1.0000     pseudoNov
284.0000    1    2.000   1.0000       realRep
286.0000    1    2.000   1.0000       realRep
288.0000    0    2.000   1.0000          NULL 
290.0000    2    2.000   1.0000       realNov
292.0000    4    2.000   1.0000     pseudoNov
294.0000    0    2.000   1.0000          NULL 
296.0000    4    2.000   1.0000     pseudoNov
298.0000    2    2.000   1.0000       realNov
300.0000    3    2.000   1.0000     pseudoRep
302.0000    0    2.000   1.0000          NULL 
304.0000    1    2.000   1.0000       realRep
306.0000    3    2.000   1.0000     pseudoRep
308.0000    4    2.000   1.0000     pseudoNov
310.0000    0    4.000   1.0000          NULL 
314.0000    4    2.000   1.0000     pseudoNov
316.0000    3    2.000   1.0000     pseudoRep
318.0000    4    2.000   1.0000     pseudoNov
320.0000    0    2.000   1.0000          NULL 
322.0000    3    2.000   1.0000     pseudoRep
324.0000    0    2.000   1.0000          NULL 
326.0000    2    2.000   1.0000       realNov
328.0000    4    2.000   1.0000     pseudoNov
330.0000    3    2.000   1.0000     pseudoRep
332.0000    0    2.000   1.0000          NULL 
334.0000    3    2.000   1.0000     pseudoRep
336.0000    3    2.000   1.0000     pseudoRep
338.0000    1    2.000   1.0000       realRep
340.0000    1    2.000   1.0000       realRep
342.0000    3    2.000   1.0000     pseudoRep
344.0000    0    2.000   1.0000          NULL 
346.0000    1    2.000   1.0000       realRep
348.0000    3    2.000   1.0000     pseudoRep
350.0000    2    2.000   1.0000       realNov
352.0000    0    2.000   1.0000          NULL 
354.0000    1    2.000   1.0000       realRep
356.0000    1    2.000   1.0000       realRep
358.0000    0    2.000   1.0000          NULL 
360.0000    3    2.000   1.0000     pseudoRep
362.0000    3    2.000   1.0000     pseudoRep
364.0000    1    2.000   1.0000       realRep
366.0000    1    2.000   1.0000       realRep
368.0000    0    2.000   1.0000          NULL 
370.0000    2    2.000   1.0000       realNov
372.0000    2    2.000   1.0000       realNov
374.0000    4    2.000   1.0000     pseudoNov
376.0000    4    2.000   1.0000     pseudoNov
378.0000    2    2.000   1.0000       realNov
380.0000    4    2.000   1.0000     pseudoNov
382.0000    1    2.000   1.0000       realRep
384.0000    4    2.000   1.0000     pseudoNov
386.0000    0    2.000   1.0000          NULL 
388.0000    4    2.000   1.0000     pseudoNov
390.0000    4    2.000   1.0000     pseudoNov
392.0000    1    2.000   1.0000       realRep
394.0000    1    2.000   1.0000       realRep
396.0000    2    2.000   1.0000       realNov
398.0000    4    2.000   1.0000     pseudoNov
