  0.0000    3    2.000   1.0000     pseudoRep
  2.0000    2    2.000   1.0000       realNov
  4.0000    4    2.000   1.0000     pseudoNov
  6.0000    2    2.000   1.0000       realNov
  8.0000    1    2.000   1.0000       realRep
 10.0000    3    2.000   1.0000     pseudoRep
 12.0000    1    2.000   1.0000       realRep
 14.0000    0    2.000   1.0000          NULL 
 16.0000    2    2.000   1.0000       realNov
 18.0000    1    2.000   1.0000       realRep
 20.0000    1    2.000   1.0000       realRep
 22.0000    0    2.000   1.0000          NULL 
 24.0000    3    2.000   1.0000     pseudoRep
 26.0000    1    2.000   1.0000       realRep
 28.0000    2    2.000   1.0000       realNov
 30.0000    2    2.000   1.0000       realNov
 32.0000    1    2.000   1.0000       realRep
 34.0000    0    2.000   1.0000          NULL 
 36.0000    1    2.000   1.0000       realRep
 38.0000    0    4.000   1.0000          NULL 
 42.0000    3    2.000   1.0000     pseudoRep
 44.0000    2    2.000   1.0000       realNov
 46.0000    1    2.000   1.0000       realRep
 48.0000    2    2.000   1.0000       realNov
 50.0000    1    2.000   1.0000       realRep
 52.0000    0    2.000   1.0000          NULL 
 54.0000    1    2.000   1.0000       realRep
 56.0000    2    2.000   1.0000       realNov
 58.0000    3    2.000   1.0000     pseudoRep
 60.0000    2    2.000   1.0000       realNov
 62.0000    1    2.000   1.0000       realRep
 64.0000    4    2.000   1.0000     pseudoNov
 66.0000    4    2.000   1.0000     pseudoNov
 68.0000    0    2.000   1.0000          NULL 
 70.0000    2    2.000   1.0000       realNov
 72.0000    0    2.000   1.0000          NULL 
 74.0000    4    2.000   1.0000     pseudoNov
 76.0000    2    2.000   1.0000       realNov
 78.0000    1    2.000   1.0000       realRep
 80.0000    4    2.000   1.0000     pseudoNov
 82.0000    3    2.000   1.0000     pseudoRep
 84.0000    3    2.000   1.0000     pseudoRep
 86.0000    4    2.000   1.0000     pseudoNov
 88.0000    2    2.000   1.0000       realNov
 90.0000    0    6.000   1.0000          NULL 
 96.0000    4    2.000   1.0000     pseudoNov
 98.0000    3    2.000   1.0000     pseudoRep
100.0000    1    2.000   1.0000       realRep
102.0000    2    2.000   1.0000       realNov
104.0000    4    2.000   1.0000     pseudoNov
106.0000    3    2.000   1.0000     pseudoRep
108.0000    3    2.000   1.0000     pseudoRep
110.0000    4    2.000   1.0000     pseudoNov
112.0000    1    2.000   1.0000       realRep
114.0000    0    2.000   1.0000          NULL 
116.0000    2    2.000   1.0000       realNov
118.0000    3    2.000   1.0000     pseudoRep
120.0000    3    2.000   1.0000     pseudoRep
122.0000    4    2.000   1.0000     pseudoNov
124.0000    0    2.000   1.0000          NULL 
126.0000    2    2.000   1.0000       realNov
128.0000    1    2.000   1.0000       realRep
130.0000    4    2.000   1.0000     pseudoNov
132.0000    0    2.000   1.0000          NULL 
134.0000    4    2.000   1.0000     pseudoNov
136.0000    0    2.000   1.0000          NULL 
138.0000    2    2.000   1.0000       realNov
140.0000    4    2.000   1.0000     pseudoNov
142.0000    1    2.000   1.0000       realRep
144.0000    1    2.000   1.0000       realRep
146.0000    1    2.000   1.0000       realRep
148.0000    3    2.000   1.0000     pseudoRep
150.0000    3    2.000   1.0000     pseudoRep
152.0000    2    2.000   1.0000       realNov
154.0000    3    2.000   1.0000     pseudoRep
156.0000    4    2.000   1.0000     pseudoNov
158.0000    1    2.000   1.0000       realRep
160.0000    2    2.000   1.0000       realNov
162.0000    0    2.000   1.0000          NULL 
164.0000    1    2.000   1.0000       realRep
166.0000    0    2.000   1.0000          NULL 
168.0000    2    2.000   1.0000       realNov
170.0000    1    2.000   1.0000       realRep
172.0000    4    2.000   1.0000     pseudoNov
174.0000    0    4.000   1.0000          NULL 
178.0000    1    2.000   1.0000       realRep
180.0000    4    2.000   1.0000     pseudoNov
182.0000    1    2.000   1.0000       realRep
184.0000    0    2.000   1.0000          NULL 
186.0000    4    2.000   1.0000     pseudoNov
188.0000    3    2.000   1.0000     pseudoRep
190.0000    3    2.000   1.0000     pseudoRep
192.0000    4    2.000   1.0000     pseudoNov
194.0000    1    2.000   1.0000       realRep
196.0000    1    2.000   1.0000       realRep
198.0000    3    2.000   1.0000     pseudoRep
200.0000    1    2.000   1.0000       realRep
202.0000    4    2.000   1.0000     pseudoNov
204.0000    0    4.000   1.0000          NULL 
208.0000    3    2.000   1.0000     pseudoRep
210.0000    4    2.000   1.0000     pseudoNov
212.0000    3    2.000   1.0000     pseudoRep
214.0000    1    2.000   1.0000       realRep
216.0000    2    2.000   1.0000       realNov
218.0000    3    2.000   1.0000     pseudoRep
220.0000    0    6.000   1.0000          NULL 
226.0000    3    2.000   1.0000     pseudoRep
228.0000    3    2.000   1.0000     pseudoRep
230.0000    1    2.000   1.0000       realRep
232.0000    4    2.000   1.0000     pseudoNov
234.0000    4    2.000   1.0000     pseudoNov
236.0000    1    2.000   1.0000       realRep
238.0000    3    2.000   1.0000     pseudoRep
240.0000    0    2.000   1.0000          NULL 
242.0000    3    2.000   1.0000     pseudoRep
244.0000    4    2.000   1.0000     pseudoNov
246.0000    2    2.000   1.0000       realNov
248.0000    3    2.000   1.0000     pseudoRep
250.0000    0    2.000   1.0000          NULL 
252.0000    3    2.000   1.0000     pseudoRep
254.0000    1    2.000   1.0000       realRep
256.0000    1    2.000   1.0000       realRep
258.0000    2    2.000   1.0000       realNov
260.0000    1    2.000   1.0000       realRep
262.0000    2    2.000   1.0000       realNov
264.0000    0    2.000   1.0000          NULL 
266.0000    4    2.000   1.0000     pseudoNov
268.0000    2    2.000   1.0000       realNov
270.0000    0    2.000   1.0000          NULL 
272.0000    4    2.000   1.0000     pseudoNov
274.0000    2    2.000   1.0000       realNov
276.0000    1    2.000   1.0000       realRep
278.0000    3    2.000   1.0000     pseudoRep
280.0000    3    2.000   1.0000     pseudoRep
282.0000    1    2.000   1.0000       realRep
284.0000    0    2.000   1.0000          NULL 
286.0000    1    2.000   1.0000       realRep
288.0000    4    2.000   1.0000     pseudoNov
290.0000    4    2.000   1.0000     pseudoNov
292.0000    4    2.000   1.0000     pseudoNov
294.0000    2    2.000   1.0000       realNov
296.0000    2    2.000   1.0000       realNov
298.0000    2    2.000   1.0000       realNov
300.0000    0    2.000   1.0000          NULL 
302.0000    3    2.000   1.0000     pseudoRep
304.0000    2    2.000   1.0000       realNov
306.0000    2    2.000   1.0000       realNov
308.0000    4    2.000   1.0000     pseudoNov
310.0000    3    2.000   1.0000     pseudoRep
312.0000    2    2.000   1.0000       realNov
314.0000    3    2.000   1.0000     pseudoRep
316.0000    4    2.000   1.0000     pseudoNov
318.0000    3    2.000   1.0000     pseudoRep
320.0000    3    2.000   1.0000     pseudoRep
322.0000    2    2.000   1.0000       realNov
324.0000    0    2.000   1.0000          NULL 
326.0000    1    2.000   1.0000       realRep
328.0000    2    2.000   1.0000       realNov
330.0000    4    2.000   1.0000     pseudoNov
332.0000    0    4.000   1.0000          NULL 
336.0000    2    2.000   1.0000       realNov
338.0000    4    2.000   1.0000     pseudoNov
340.0000    0    2.000   1.0000          NULL 
342.0000    4    2.000   1.0000     pseudoNov
344.0000    4    2.000   1.0000     pseudoNov
346.0000    1    2.000   1.0000       realRep
348.0000    3    2.000   1.0000     pseudoRep
350.0000    4    2.000   1.0000     pseudoNov
352.0000    0    2.000   1.0000          NULL 
354.0000    1    2.000   1.0000       realRep
356.0000    4    2.000   1.0000     pseudoNov
358.0000    0    2.000   1.0000          NULL 
360.0000    2    2.000   1.0000       realNov
362.0000    2    2.000   1.0000       realNov
364.0000    2    2.000   1.0000       realNov
366.0000    4    2.000   1.0000     pseudoNov
368.0000    4    2.000   1.0000     pseudoNov
370.0000    3    2.000   1.0000     pseudoRep
372.0000    0    2.000   1.0000          NULL 
374.0000    3    2.000   1.0000     pseudoRep
376.0000    4    2.000   1.0000     pseudoNov
378.0000    3    2.000   1.0000     pseudoRep
380.0000    1    2.000   1.0000       realRep
382.0000    1    2.000   1.0000       realRep
384.0000    4    2.000   1.0000     pseudoNov
386.0000    3    2.000   1.0000     pseudoRep
388.0000    0    2.000   1.0000          NULL 
390.0000    2    2.000   1.0000       realNov
392.0000    3    2.000   1.0000     pseudoRep
394.0000    2    2.000   1.0000       realNov
396.0000    2    2.000   1.0000       realNov
398.0000    0    2.000   1.0000          NULL 
