  0.0000    2    2.000   1.0000       realNov
  2.0000    1    2.000   1.0000       realRep
  4.0000    3    2.000   1.0000     pseudoRep
  6.0000    4    2.000   1.0000     pseudoNov
  8.0000    1    2.000   1.0000       realRep
 10.0000    4    2.000   1.0000     pseudoNov
 12.0000    0    4.000   1.0000          NULL 
 16.0000    2    2.000   1.0000       realNov
 18.0000    4    2.000   1.0000     pseudoNov
 20.0000    4    2.000   1.0000     pseudoNov
 22.0000    2    2.000   1.0000       realNov
 24.0000    4    2.000   1.0000     pseudoNov
 26.0000    2    2.000   1.0000       realNov
 28.0000    1    2.000   1.0000       realRep
 30.0000    3    2.000   1.0000     pseudoRep
 32.0000    2    2.000   1.0000       realNov
 34.0000    2    2.000   1.0000       realNov
 36.0000    1    2.000   1.0000       realRep
 38.0000    1    2.000   1.0000       realRep
 40.0000    2    2.000   1.0000       realNov
 42.0000    0    2.000   1.0000          NULL 
 44.0000    4    2.000   1.0000     pseudoNov
 46.0000    0    2.000   1.0000          NULL 
 48.0000    3    2.000   1.0000     pseudoRep
 50.0000    4    2.000   1.0000     pseudoNov
 52.0000    4    2.000   1.0000     pseudoNov
 54.0000    1    2.000   1.0000       realRep
 56.0000    1    2.000   1.0000       realRep
 58.0000    3    2.000   1.0000     pseudoRep
 60.0000    0    2.000   1.0000          NULL 
 62.0000    1    2.000   1.0000       realRep
 64.0000    0    2.000   1.0000          NULL 
 66.0000    1    2.000   1.0000       realRep
 68.0000    4    2.000   1.0000     pseudoNov
 70.0000    2    2.000   1.0000       realNov
 72.0000    1    2.000   1.0000       realRep
 74.0000    4    2.000   1.0000     pseudoNov
 76.0000    0    2.000   1.0000          NULL 
 78.0000    2    2.000   1.0000       realNov
 80.0000    1    2.000   1.0000       realRep
 82.0000    1    2.000   1.0000       realRep
 84.0000    1    2.000   1.0000       realRep
 86.0000    2    2.000   1.0000       realNov
 88.0000    2    2.000   1.0000       realNov
 90.0000    1    2.000   1.0000       realRep
 92.0000    3    2.000   1.0000     pseudoRep
 94.0000    4    2.000   1.0000     pseudoNov
 96.0000    3    2.000   1.0000     pseudoRep
 98.0000    3    2.000   1.0000     pseudoRep
100.0000    0    2.000   1.0000          NULL 
102.0000    3    2.000   1.0000     pseudoRep
104.0000    0    4.000   1.0000          NULL 
108.0000    3    2.000   1.0000     pseudoRep
110.0000    4    2.000   1.0000     pseudoNov
112.0000    1    2.000   1.0000       realRep
114.0000    3    2.000   1.0000     pseudoRep
116.0000    0    2.000   1.0000          NULL 
118.0000    1    2.000   1.0000       realRep
120.0000    2    2.000   1.0000       realNov
122.0000    2    2.000   1.0000       realNov
124.0000    2    2.000   1.0000       realNov
126.0000    3    2.000   1.0000     pseudoRep
128.0000    4    2.000   1.0000     pseudoNov
130.0000    2    2.000   1.0000       realNov
132.0000    4    2.000   1.0000     pseudoNov
134.0000    1    2.000   1.0000       realRep
136.0000    2    2.000   1.0000       realNov
138.0000    0    2.000   1.0000          NULL 
140.0000    2    2.000   1.0000       realNov
142.0000    3    2.000   1.0000     pseudoRep
144.0000    2    2.000   1.0000       realNov
146.0000    0    6.000   1.0000          NULL 
152.0000    4    2.000   1.0000     pseudoNov
154.0000    1    2.000   1.0000       realRep
156.0000    1    2.000   1.0000       realRep
158.0000    4    2.000   1.0000     pseudoNov
160.0000    2    2.000   1.0000       realNov
162.0000    2    2.000   1.0000       realNov
164.0000    4    2.000   1.0000     pseudoNov
166.0000    2    2.000   1.0000       realNov
168.0000    2    2.000   1.0000       realNov
170.0000    0    2.000   1.0000          NULL 
172.0000    1    2.000   1.0000       realRep
174.0000    0    2.000   1.0000          NULL 
176.0000    1    2.000   1.0000       realRep
178.0000    4    2.000   1.0000     pseudoNov
180.0000    2    2.000   1.0000       realNov
182.0000    2    2.000   1.0000       realNov
184.0000    2    2.000   1.0000       realNov
186.0000    3    2.000   1.0000     pseudoRep
188.0000    0    2.000   1.0000          NULL 
190.0000    3    2.000   1.0000     pseudoRep
192.0000    3    2.000   1.0000     pseudoRep
194.0000    2    2.000   1.0000       realNov
196.0000    0    2.000   1.0000          NULL 
198.0000    1    2.000   1.0000       realRep
200.0000    2    2.000   1.0000       realNov
202.0000    3    2.000   1.0000     pseudoRep
204.0000    0    2.000   1.0000          NULL 
206.0000    1    2.000   1.0000       realRep
208.0000    4    2.000   1.0000     pseudoNov
210.0000    4    2.000   1.0000     pseudoNov
212.0000    3    2.000   1.0000     pseudoRep
214.0000    2    2.000   1.0000       realNov
216.0000    4    2.000   1.0000     pseudoNov
218.0000    4    2.000   1.0000     pseudoNov
220.0000    3    2.000   1.0000     pseudoRep
222.0000    3    2.000   1.0000     pseudoRep
224.0000    3    2.000   1.0000     pseudoRep
226.0000    0    2.000   1.0000          NULL 
228.0000    3    2.000   1.0000     pseudoRep
230.0000    1    2.000   1.0000       realRep
232.0000    4    2.000   1.0000     pseudoNov
234.0000    3    2.000   1.0000     pseudoRep
236.0000    0    4.000   1.0000          NULL 
240.0000    1    2.000   1.0000       realRep
242.0000    2    2.000   1.0000       realNov
244.0000    3    2.000   1.0000     pseudoRep
246.0000    4    2.000   1.0000     pseudoNov
248.0000    3    2.000   1.0000     pseudoRep
250.0000    3    2.000   1.0000     pseudoRep
252.0000    4    2.000   1.0000     pseudoNov
254.0000    0    2.000   1.0000          NULL 
256.0000    4    2.000   1.0000     pseudoNov
258.0000    1    2.000   1.0000       realRep
260.0000    0    2.000   1.0000          NULL 
262.0000    2    2.000   1.0000       realNov
264.0000    2    2.000   1.0000       realNov
266.0000    0    2.000   1.0000          NULL 
268.0000    2    2.000   1.0000       realNov
270.0000    3    2.000   1.0000     pseudoRep
272.0000    4    2.000   1.0000     pseudoNov
274.0000    3    2.000   1.0000     pseudoRep
276.0000    3    2.000   1.0000     pseudoRep
278.0000    2    2.000   1.0000       realNov
280.0000    1    2.000   1.0000       realRep
282.0000    4    2.000   1.0000     pseudoNov
284.0000    4    2.000   1.0000     pseudoNov
286.0000    1    2.000   1.0000       realRep
288.0000    3    2.000   1.0000     pseudoRep
290.0000    4    2.000   1.0000     pseudoNov
292.0000    4    2.000   1.0000     pseudoNov
294.0000    3    2.000   1.0000     pseudoRep
296.0000    0    2.000   1.0000          NULL 
298.0000    2    2.000   1.0000       realNov
300.0000    3    2.000   1.0000     pseudoRep
302.0000    1    2.000   1.0000       realRep
304.0000    3    2.000   1.0000     pseudoRep
306.0000    0    2.000   1.0000          NULL 
308.0000    2    2.000   1.0000       realNov
310.0000    4    2.000   1.0000     pseudoNov
312.0000    1    2.000   1.0000       realRep
314.0000    4    2.000   1.0000     pseudoNov
316.0000    1    2.000   1.0000       realRep
318.0000    2    2.000   1.0000       realNov
320.0000    4    2.000   1.0000     pseudoNov
322.0000    0    2.000   1.0000          NULL 
324.0000    4    2.000   1.0000     pseudoNov
326.0000    1    2.000   1.0000       realRep
328.0000    0    6.000   1.0000          NULL 
334.0000    3    2.000   1.0000     pseudoRep
336.0000    2    2.000   1.0000       realNov
338.0000    0    2.000   1.0000          NULL 
340.0000    2    2.000   1.0000       realNov
342.0000    1    2.000   1.0000       realRep
344.0000    0    2.000   1.0000          NULL 
346.0000    4    2.000   1.0000     pseudoNov
348.0000    3    2.000   1.0000     pseudoRep
350.0000    0    4.000   1.0000          NULL 
354.0000    1    2.000   1.0000       realRep
356.0000    1    2.000   1.0000       realRep
358.0000    0    2.000   1.0000          NULL 
360.0000    4    2.000   1.0000     pseudoNov
362.0000    0    2.000   1.0000          NULL 
364.0000    4    2.000   1.0000     pseudoNov
366.0000    1    2.000   1.0000       realRep
368.0000    0    2.000   1.0000          NULL 
370.0000    1    2.000   1.0000       realRep
372.0000    3    2.000   1.0000     pseudoRep
374.0000    3    2.000   1.0000     pseudoRep
376.0000    0    2.000   1.0000          NULL 
378.0000    3    2.000   1.0000     pseudoRep
380.0000    3    2.000   1.0000     pseudoRep
382.0000    3    2.000   1.0000     pseudoRep
384.0000    1    2.000   1.0000       realRep
386.0000    4    2.000   1.0000     pseudoNov
388.0000    2    2.000   1.0000       realNov
390.0000    2    2.000   1.0000       realNov
392.0000    3    2.000   1.0000     pseudoRep
394.0000    1    2.000   1.0000       realRep
396.0000    4    2.000   1.0000     pseudoNov
398.0000    1    2.000   1.0000       realRep
