  0.0000    1    2.000   1.0000       realRep
  2.0000    2    2.000   1.0000       realNov
  4.0000    3    2.000   1.0000     pseudoRep
  6.0000    0    2.000   1.0000          NULL 
  8.0000    4    2.000   1.0000     pseudoNov
 10.0000    2    2.000   1.0000       realNov
 12.0000    4    2.000   1.0000     pseudoNov
 14.0000    1    2.000   1.0000       realRep
 16.0000    1    2.000   1.0000       realRep
 18.0000    0    4.000   1.0000          NULL 
 22.0000    1    2.000   1.0000       realRep
 24.0000    0    2.000   1.0000          NULL 
 26.0000    2    2.000   1.0000       realNov
 28.0000    1    2.000   1.0000       realRep
 30.0000    2    2.000   1.0000       realNov
 32.0000    1    2.000   1.0000       realRep
 34.0000    1    2.000   1.0000       realRep
 36.0000    4    2.000   1.0000     pseudoNov
 38.0000    1    2.000   1.0000       realRep
 40.0000    2    2.000   1.0000       realNov
 42.0000    3    2.000   1.0000     pseudoRep
 44.0000    1    2.000   1.0000       realRep
 46.0000    2    2.000   1.0000       realNov
 48.0000    1    2.000   1.0000       realRep
 50.0000    1    2.000   1.0000       realRep
 52.0000    0    2.000   1.0000          NULL 
 54.0000    3    2.000   1.0000     pseudoRep
 56.0000    3    2.000   1.0000     pseudoRep
 58.0000    3    2.000   1.0000     pseudoRep
 60.0000    3    2.000   1.0000     pseudoRep
 62.0000    3    2.000   1.0000     pseudoRep
 64.0000    4    2.000   1.0000     pseudoNov
 66.0000    1    2.000   1.0000       realRep
 68.0000    4    2.000   1.0000     pseudoNov
 70.0000    0    2.000   1.0000          NULL 
 72.0000    2    2.000   1.0000       realNov
 74.0000    2    2.000   1.0000       realNov
 76.0000    4    2.000   1.0000     pseudoNov
 78.0000    0    2.000   1.0000          NULL 
 80.0000    1    2.000   1.0000       realRep
 82.0000    3    2.000   1.0000     pseudoRep
 84.0000    0    2.000   1.0000          NULL 
 86.0000    2    2.000   1.0000       realNov
 88.0000    2    2.000   1.0000       realNov
 90.0000    2    2.000   1.0000       realNov
 92.0000    1    2.000   1.0000       realRep
 94.0000    3    2.000   1.0000     pseudoRep
 96.0000    4    2.000   1.0000     pseudoNov
 98.0000    2    2.000   1.0000       realNov
100.0000    3    2.000   1.0000     pseudoRep
102.0000    0    2.000   1.0000          NULL 
104.0000    2    2.000   1.0000       realNov
106.0000    4    2.000   1.0000     pseudoNov
108.0000    2    2.000   1.0000       realNov
110.0000    2    2.000   1.0000       realNov
112.0000    1    2.000   1.0000       realRep
114.0000    0    4.000   1.0000          NULL 
118.0000    1    2.000   1.0000       realRep
120.0000    3    2.000   1.0000     pseudoRep
122.0000    1    2.000   1.0000       realRep
124.0000    1    2.000   1.0000       realRep
126.0000    0    2.000   1.0000          NULL 
128.0000    1    2.000   1.0000       realRep
130.0000    4    2.000   1.0000     pseudoNov
132.0000    3    2.000   1.0000     pseudoRep
134.0000    0    2.000   1.0000          NULL 
136.0000    4    2.000   1.0000     pseudoNov
138.0000    4    2.000   1.0000     pseudoNov
140.0000    4    2.000   1.0000     pseudoNov
142.0000    1    2.000   1.0000       realRep
144.0000    1    2.000   1.0000       realRep
146.0000    3    2.000   1.0000     pseudoRep
148.0000    0    2.000   1.0000          NULL 
150.0000    3    2.000   1.0000     pseudoRep
152.0000    2    2.000   1.0000       realNov
154.0000    0    2.000   1.0000          NULL 
156.0000    3    2.000   1.0000     pseudoRep
158.0000    3    2.000   1.0000     pseudoRep
160.0000    2    2.000   1.0000       realNov
162.0000    1    2.000   1.0000       realRep
164.0000    3    2.000   1.0000     pseudoRep
166.0000    3    2.000   1.0000     pseudoRep
168.0000    2    2.000   1.0000       realNov
170.0000    3    2.000   1.0000     pseudoRep
172.0000    4    2.000   1.0000     pseudoNov
174.0000    1    2.000   1.0000       realRep
176.0000    1    2.000   1.0000       realRep
178.0000    2    2.000   1.0000       realNov
180.0000    1    2.000   1.0000       realRep
182.0000    1    2.000   1.0000       realRep
184.0000    3    2.000   1.0000     pseudoRep
186.0000    2    2.000   1.0000       realNov
188.0000    0    2.000   1.0000          NULL 
190.0000    3    2.000   1.0000     pseudoRep
192.0000    0    2.000   1.0000          NULL 
194.0000    1    2.000   1.0000       realRep
196.0000    4    2.000   1.0000     pseudoNov
198.0000    3    2.000   1.0000     pseudoRep
200.0000    0    2.000   1.0000          NULL 
202.0000    2    2.000   1.0000       realNov
204.0000    2    2.000   1.0000       realNov
206.0000    1    2.000   1.0000       realRep
208.0000    3    2.000   1.0000     pseudoRep
210.0000    2    2.000   1.0000       realNov
212.0000    4    2.000   1.0000     pseudoNov
214.0000    2    2.000   1.0000       realNov
216.0000    0    4.000   1.0000          NULL 
220.0000    4    2.000   1.0000     pseudoNov
222.0000    0    2.000   1.0000          NULL 
224.0000    4    2.000   1.0000     pseudoNov
226.0000    2    2.000   1.0000       realNov
228.0000    3    2.000   1.0000     pseudoRep
230.0000    0    2.000   1.0000          NULL 
232.0000    3    2.000   1.0000     pseudoRep
234.0000    0    2.000   1.0000          NULL 
236.0000    3    2.000   1.0000     pseudoRep
238.0000    1    2.000   1.0000       realRep
240.0000    2    2.000   1.0000       realNov
242.0000    3    2.000   1.0000     pseudoRep
244.0000    3    2.000   1.0000     pseudoRep
246.0000    0    2.000   1.0000          NULL 
248.0000    2    2.000   1.0000       realNov
250.0000    2    2.000   1.0000       realNov
252.0000    4    2.000   1.0000     pseudoNov
254.0000    1    2.000   1.0000       realRep
256.0000    4    2.000   1.0000     pseudoNov
258.0000    3    2.000   1.0000     pseudoRep
260.0000    3    2.000   1.0000     pseudoRep
262.0000    4    2.000   1.0000     pseudoNov
264.0000    1    2.000   1.0000       realRep
266.0000    0    2.000   1.0000          NULL 
268.0000    4    2.000   1.0000     pseudoNov
270.0000    1    2.000   1.0000       realRep
272.0000    2    2.000   1.0000       realNov
274.0000    2    2.000   1.0000       realNov
276.0000    0    2.000   1.0000          NULL 
278.0000    2    2.000   1.0000       realNov
280.0000    0    2.000   1.0000          NULL 
282.0000    4    2.000   1.0000     pseudoNov
284.0000    2    2.000   1.0000       realNov
286.0000    3    2.000   1.0000     pseudoRep
288.0000    4    2.000   1.0000     pseudoNov
290.0000    1    2.000   1.0000       realRep
292.0000    4    2.000   1.0000     pseudoNov
294.0000    3    2.000   1.0000     pseudoRep
296.0000    0    2.000   1.0000          NULL 
298.0000    4    2.000   1.0000     pseudoNov
300.0000    1    2.000   1.0000       realRep
302.0000    1    2.000   1.0000       realRep
304.0000    0    2.000   1.0000          NULL 
306.0000    4    2.000   1.0000     pseudoNov
308.0000    4    2.000   1.0000     pseudoNov
310.0000    0    2.000   1.0000          NULL 
312.0000    4    2.000   1.0000     pseudoNov
314.0000    4    2.000   1.0000     pseudoNov
316.0000    0    2.000   1.0000          NULL 
318.0000    4    2.000   1.0000     pseudoNov
320.0000    0    2.000   1.0000          NULL 
322.0000    3    2.000   1.0000     pseudoRep
324.0000    4    2.000   1.0000     pseudoNov
326.0000    0    2.000   1.0000          NULL 
328.0000    2    2.000   1.0000       realNov
330.0000    4    2.000   1.0000     pseudoNov
332.0000    2    2.000   1.0000       realNov
334.0000    4    2.000   1.0000     pseudoNov
336.0000    3    2.000   1.0000     pseudoRep
338.0000    1    2.000   1.0000       realRep
340.0000    0    4.000   1.0000          NULL 
344.0000    3    2.000   1.0000     pseudoRep
346.0000    3    2.000   1.0000     pseudoRep
348.0000    4    2.000   1.0000     pseudoNov
350.0000    2    2.000   1.0000       realNov
352.0000    1    2.000   1.0000       realRep
354.0000    4    2.000   1.0000     pseudoNov
356.0000    4    2.000   1.0000     pseudoNov
358.0000    0    2.000   1.0000          NULL 
360.0000    3    2.000   1.0000     pseudoRep
362.0000    3    2.000   1.0000     pseudoRep
364.0000    2    2.000   1.0000       realNov
366.0000    2    2.000   1.0000       realNov
368.0000    2    2.000   1.0000       realNov
370.0000    2    2.000   1.0000       realNov
372.0000    3    2.000   1.0000     pseudoRep
374.0000    0    4.000   1.0000          NULL 
378.0000    1    2.000   1.0000       realRep
380.0000    0    2.000   1.0000          NULL 
382.0000    2    2.000   1.0000       realNov
384.0000    4    2.000   1.0000     pseudoNov
386.0000    4    2.000   1.0000     pseudoNov
388.0000    3    2.000   1.0000     pseudoRep
390.0000    1    2.000   1.0000       realRep
392.0000    0    2.000   1.0000          NULL 
394.0000    4    2.000   1.0000     pseudoNov
396.0000    1    2.000   1.0000       realRep
398.0000    4    2.000   1.0000     pseudoNov
