  0.0000    2    2.000   1.0000       realNov
  2.0000    1    2.000   1.0000       realRep
  4.0000    3    2.000   1.0000     pseudoRep
  6.0000    3    2.000   1.0000     pseudoRep
  8.0000    4    2.000   1.0000     pseudoNov
 10.0000    3    2.000   1.0000     pseudoRep
 12.0000    0    2.000   1.0000          NULL 
 14.0000    1    2.000   1.0000       realRep
 16.0000    0    2.000   1.0000          NULL 
 18.0000    1    2.000   1.0000       realRep
 20.0000    1    2.000   1.0000       realRep
 22.0000    3    2.000   1.0000     pseudoRep
 24.0000    2    2.000   1.0000       realNov
 26.0000    3    2.000   1.0000     pseudoRep
 28.0000    3    2.000   1.0000     pseudoRep
 30.0000    3    2.000   1.0000     pseudoRep
 32.0000    4    2.000   1.0000     pseudoNov
 34.0000    1    2.000   1.0000       realRep
 36.0000    2    2.000   1.0000       realNov
 38.0000    1    2.000   1.0000       realRep
 40.0000    1    2.000   1.0000       realRep
 42.0000    2    2.000   1.0000       realNov
 44.0000    1    2.000   1.0000       realRep
 46.0000    1    2.000   1.0000       realRep
 48.0000    1    2.000   1.0000       realRep
 50.0000    2    2.000   1.0000       realNov
 52.0000    0    2.000   1.0000          NULL 
 54.0000    4    2.000   1.0000     pseudoNov
 56.0000    3    2.000   1.0000     pseudoRep
 58.0000    2    2.000   1.0000       realNov
 60.0000    4    2.000   1.0000     pseudoNov
 62.0000    1    2.000   1.0000       realRep
 64.0000    2    2.000   1.0000       realNov
 66.0000    2    2.000   1.0000       realNov
 68.0000    0    2.000   1.0000          NULL 
 70.0000    2    2.000   1.0000       realNov
 72.0000    1    2.000   1.0000       realRep
 74.0000    3    2.000   1.0000     pseudoRep
 76.0000    1    2.000   1.0000       realRep
 78.0000    0    2.000   1.0000          NULL 
 80.0000    1    2.000   1.0000       realRep
 82.0000    4    2.000   1.0000     pseudoNov
 84.0000    2    2.000   1.0000       realNov
 86.0000    2    2.000   1.0000       realNov
 88.0000    3    2.000   1.0000     pseudoRep
 90.0000    4    2.000   1.0000     pseudoNov
 92.0000    3    2.000   1.0000     pseudoRep
 94.0000    0    2.000   1.0000          NULL 
 96.0000    1    2.000   1.0000       realRep
 98.0000    4    2.000   1.0000     pseudoNov
100.0000    4    2.000   1.0000     pseudoNov
102.0000    3    2.000   1.0000     pseudoRep
104.0000    1    2.000   1.0000       realRep
106.0000    4    2.000   1.0000     pseudoNov
108.0000    3    2.000   1.0000     pseudoRep
110.0000    2    2.000   1.0000       realNov
112.0000    2    2.000   1.0000       realNov
114.0000    0    2.000   1.0000          NULL 
116.0000    4    2.000   1.0000     pseudoNov
118.0000    3    2.000   1.0000     pseudoRep
120.0000    2    2.000   1.0000       realNov
122.0000    1    2.000   1.0000       realRep
124.0000    2    2.000   1.0000       realNov
126.0000    3    2.000   1.0000     pseudoRep
128.0000    3    2.000   1.0000     pseudoRep
130.0000    4    2.000   1.0000     pseudoNov
132.0000    4    2.000   1.0000     pseudoNov
134.0000    3    2.000   1.0000     pseudoRep
136.0000    0    2.000   1.0000          NULL 
138.0000    3    2.000   1.0000     pseudoRep
140.0000    1    2.000   1.0000       realRep
142.0000    0    2.000   1.0000          NULL 
144.0000    1    2.000   1.0000       realRep
146.0000    2    2.000   1.0000       realNov
148.0000    3    2.000   1.0000     pseudoRep
150.0000    0    2.000   1.0000          NULL 
152.0000    2    2.000   1.0000       realNov
154.0000    1    2.000   1.0000       realRep
156.0000    1    2.000   1.0000       realRep
158.0000    0    2.000   1.0000          NULL 
160.0000    4    2.000   1.0000     pseudoNov
162.0000    4    2.000   1.0000     pseudoNov
164.0000    1    2.000   1.0000       realRep
166.0000    0    2.000   1.0000          NULL 
168.0000    1    2.000   1.0000       realRep
170.0000    0    2.000   1.0000          NULL 
172.0000    3    2.000   1.0000     pseudoRep
174.0000    2    2.000   1.0000       realNov
176.0000    0    2.000   1.0000          NULL 
178.0000    4    2.000   1.0000     pseudoNov
180.0000    4    2.000   1.0000     pseudoNov
182.0000    1    2.000   1.0000       realRep
184.0000    3    2.000   1.0000     pseudoRep
186.0000    2    2.000   1.0000       realNov
188.0000    0    2.000   1.0000          NULL 
190.0000    4    2.000   1.0000     pseudoNov
192.0000    2    2.000   1.0000       realNov
194.0000    1    2.000   1.0000       realRep
196.0000    3    2.000   1.0000     pseudoRep
198.0000    0    2.000   1.0000          NULL 
200.0000    2    2.000   1.0000       realNov
202.0000    0    2.000   1.0000          NULL 
204.0000    3    2.000   1.0000     pseudoRep
206.0000    1    2.000   1.0000       realRep
208.0000    1    2.000   1.0000       realRep
210.0000    1    2.000   1.0000       realRep
212.0000    1    2.000   1.0000       realRep
214.0000    2    2.000   1.0000       realNov
216.0000    0    2.000   1.0000          NULL 
218.0000    4    2.000   1.0000     pseudoNov
220.0000    2    2.000   1.0000       realNov
222.0000    2    2.000   1.0000       realNov
224.0000    2    2.000   1.0000       realNov
226.0000    4    2.000   1.0000     pseudoNov
228.0000    0    2.000   1.0000          NULL 
230.0000    2    2.000   1.0000       realNov
232.0000    2    2.000   1.0000       realNov
234.0000    4    2.000   1.0000     pseudoNov
236.0000    2    2.000   1.0000       realNov
238.0000    0    6.000   1.0000          NULL 
244.0000    4    2.000   1.0000     pseudoNov
246.0000    3    2.000   1.0000     pseudoRep
248.0000    3    2.000   1.0000     pseudoRep
250.0000    4    2.000   1.0000     pseudoNov
252.0000    2    2.000   1.0000       realNov
254.0000    1    2.000   1.0000       realRep
256.0000    0    4.000   1.0000          NULL 
260.0000    4    2.000   1.0000     pseudoNov
262.0000    1    2.000   1.0000       realRep
264.0000    3    2.000   1.0000     pseudoRep
266.0000    4    2.000   1.0000     pseudoNov
268.0000    1    2.000   1.0000       realRep
270.0000    2    2.000   1.0000       realNov
272.0000    0    2.000   1.0000          NULL 
274.0000    1    2.000   1.0000       realRep
276.0000    4    2.000   1.0000     pseudoNov
278.0000    4    2.000   1.0000     pseudoNov
280.0000    0    2.000   1.0000          NULL 
282.0000    3    2.000   1.0000     pseudoRep
284.0000    4    2.000   1.0000     pseudoNov
286.0000    1    2.000   1.0000       realRep
288.0000    0    2.000   1.0000          NULL 
290.0000    4    2.000   1.0000     pseudoNov
292.0000    1    2.000   1.0000       realRep
294.0000    2    2.000   1.0000       realNov
296.0000    3    2.000   1.0000     pseudoRep
298.0000    2    2.000   1.0000       realNov
300.0000    4    2.000   1.0000     pseudoNov
302.0000    4    2.000   1.0000     pseudoNov
304.0000    2    2.000   1.0000       realNov
306.0000    4    2.000   1.0000     pseudoNov
308.0000    0    2.000   1.0000          NULL 
310.0000    3    2.000   1.0000     pseudoRep
312.0000    3    2.000   1.0000     pseudoRep
314.0000    3    2.000   1.0000     pseudoRep
316.0000    4    2.000   1.0000     pseudoNov
318.0000    0    4.000   1.0000          NULL 
322.0000    2    2.000   1.0000       realNov
324.0000    4    2.000   1.0000     pseudoNov
326.0000    0    2.000   1.0000          NULL 
328.0000    2    2.000   1.0000       realNov
330.0000    1    2.000   1.0000       realRep
332.0000    1    2.000   1.0000       realRep
334.0000    4    2.000   1.0000     pseudoNov
336.0000    0    2.000   1.0000          NULL 
338.0000    4    2.000   1.0000     pseudoNov
340.0000    3    2.000   1.0000     pseudoRep
342.0000    4    2.000   1.0000     pseudoNov
344.0000    3    2.000   1.0000     pseudoRep
346.0000    2    2.000   1.0000       realNov
348.0000    4    2.000   1.0000     pseudoNov
350.0000    0    2.000   1.0000          NULL 
352.0000    3    2.000   1.0000     pseudoRep
354.0000    2    2.000   1.0000       realNov
356.0000    3    2.000   1.0000     pseudoRep
358.0000    0    4.000   1.0000          NULL 
362.0000    4    2.000   1.0000     pseudoNov
364.0000    2    2.000   1.0000       realNov
366.0000    0    2.000   1.0000          NULL 
368.0000    1    2.000   1.0000       realRep
370.0000    0    2.000   1.0000          NULL 
372.0000    1    2.000   1.0000       realRep
374.0000    3    2.000   1.0000     pseudoRep
376.0000    0    4.000   1.0000          NULL 
380.0000    3    2.000   1.0000     pseudoRep
382.0000    1    2.000   1.0000       realRep
384.0000    0    2.000   1.0000          NULL 
386.0000    3    2.000   1.0000     pseudoRep
388.0000    3    2.000   1.0000     pseudoRep
390.0000    3    2.000   1.0000     pseudoRep
392.0000    4    2.000   1.0000     pseudoNov
394.0000    2    2.000   1.0000       realNov
396.0000    4    2.000   1.0000     pseudoNov
398.0000    2    2.000   1.0000       realNov
