  0.0000    2    2.000   1.0000       realNov
  2.0000    4    2.000   1.0000     pseudoNov
  4.0000    0    2.000   1.0000          NULL 
  6.0000    4    2.000   1.0000     pseudoNov
  8.0000    3    2.000   1.0000     pseudoRep
 10.0000    4    2.000   1.0000     pseudoNov
 12.0000    2    2.000   1.0000       realNov
 14.0000    1    2.000   1.0000       realRep
 16.0000    0    2.000   1.0000          NULL 
 18.0000    1    2.000   1.0000       realRep
 20.0000    0    2.000   1.0000          NULL 
 22.0000    1    2.000   1.0000       realRep
 24.0000    1    2.000   1.0000       realRep
 26.0000    4    2.000   1.0000     pseudoNov
 28.0000    2    2.000   1.0000       realNov
 30.0000    2    2.000   1.0000       realNov
 32.0000    2    2.000   1.0000       realNov
 34.0000    0    2.000   1.0000          NULL 
 36.0000    4    2.000   1.0000     pseudoNov
 38.0000    2    2.000   1.0000       realNov
 40.0000    1    2.000   1.0000       realRep
 42.0000    4    2.000   1.0000     pseudoNov
 44.0000    0    4.000   1.0000          NULL 
 48.0000    3    2.000   1.0000     pseudoRep
 50.0000    2    2.000   1.0000       realNov
 52.0000    1    2.000   1.0000       realRep
 54.0000    1    2.000   1.0000       realRep
 56.0000    3    2.000   1.0000     pseudoRep
 58.0000    3    2.000   1.0000     pseudoRep
 60.0000    2    2.000   1.0000       realNov
 62.0000    3    2.000   1.0000     pseudoRep
 64.0000    0    2.000   1.0000          NULL 
 66.0000    3    2.000   1.0000     pseudoRep
 68.0000    4    2.000   1.0000     pseudoNov
 70.0000    4    2.000   1.0000     pseudoNov
 72.0000    2    2.000   1.0000       realNov
 74.0000    3    2.000   1.0000     pseudoRep
 76.0000    2    2.000   1.0000       realNov
 78.0000    2    2.000   1.0000       realNov
 80.0000    1    2.000   1.0000       realRep
 82.0000    2    2.000   1.0000       realNov
 84.0000    0    4.000   1.0000          NULL 
 88.0000    2    2.000   1.0000       realNov
 90.0000    3    2.000   1.0000     pseudoRep
 92.0000    3    2.000   1.0000     pseudoRep
 94.0000    1    2.000   1.0000       realRep
 96.0000    4    2.000   1.0000     pseudoNov
 98.0000    2    2.000   1.0000       realNov
100.0000    4    2.000   1.0000     pseudoNov
102.0000    0    2.000   1.0000          NULL 
104.0000    3    2.000   1.0000     pseudoRep
106.0000    1    2.000   1.0000       realRep
108.0000    2    2.000   1.0000       realNov
110.0000    1    2.000   1.0000       realRep
112.0000    3    2.000   1.0000     pseudoRep
114.0000    2    2.000   1.0000       realNov
116.0000    0    2.000   1.0000          NULL 
118.0000    3    2.000   1.0000     pseudoRep
120.0000    4    2.000   1.0000     pseudoNov
122.0000    1    2.000   1.0000       realRep
124.0000    2    2.000   1.0000       realNov
126.0000    4    2.000   1.0000     pseudoNov
128.0000    4    2.000   1.0000     pseudoNov
130.0000    0    2.000   1.0000          NULL 
132.0000    2    2.000   1.0000       realNov
134.0000    0    2.000   1.0000          NULL 
136.0000    4    2.000   1.0000     pseudoNov
138.0000    1    2.000   1.0000       realRep
140.0000    0    2.000   1.0000          NULL 
142.0000    1    2.000   1.0000       realRep
144.0000    3    2.000   1.0000     pseudoRep
146.0000    2    2.000   1.0000       realNov
148.0000    3    2.000   1.0000     pseudoRep
150.0000    3    2.000   1.0000     pseudoRep
152.0000    3    2.000   1.0000     pseudoRep
154.0000    3    2.000   1.0000     pseudoRep
156.0000    2    2.000   1.0000       realNov
158.0000    3    2.000   1.0000     pseudoRep
160.0000    2    2.000   1.0000       realNov
162.0000    1    2.000   1.0000       realRep
164.0000    2    2.000   1.0000       realNov
166.0000    0    2.000   1.0000          NULL 
168.0000    4    2.000   1.0000     pseudoNov
170.0000    0    2.000   1.0000          NULL 
172.0000    2    2.000   1.0000       realNov
174.0000    2    2.000   1.0000       realNov
176.0000    0    4.000   1.0000          NULL 
180.0000    3    2.000   1.0000     pseudoRep
182.0000    4    2.000   1.0000     pseudoNov
184.0000    0    4.000   1.0000          NULL 
188.0000    3    2.000   1.0000     pseudoRep
190.0000    3    2.000   1.0000     pseudoRep
192.0000    0    4.000   1.0000          NULL 
196.0000    3    2.000   1.0000     pseudoRep
198.0000    4    2.000   1.0000     pseudoNov
200.0000    3    2.000   1.0000     pseudoRep
202.0000    3    2.000   1.0000     pseudoRep
204.0000    1    2.000   1.0000       realRep
206.0000    3    2.000   1.0000     pseudoRep
208.0000    4    2.000   1.0000     pseudoNov
210.0000    1    2.000   1.0000       realRep
212.0000    1    2.000   1.0000       realRep
214.0000    3    2.000   1.0000     pseudoRep
216.0000    2    2.000   1.0000       realNov
218.0000    3    2.000   1.0000     pseudoRep
220.0000    0    2.000   1.0000          NULL 
222.0000    2    2.000   1.0000       realNov
224.0000    2    2.000   1.0000       realNov
226.0000    3    2.000   1.0000     pseudoRep
228.0000    0    2.000   1.0000          NULL 
230.0000    4    2.000   1.0000     pseudoNov
232.0000    0    2.000   1.0000          NULL 
234.0000    2    2.000   1.0000       realNov
236.0000    4    2.000   1.0000     pseudoNov
238.0000    1    2.000   1.0000       realRep
240.0000    0    2.000   1.0000          NULL 
242.0000    1    2.000   1.0000       realRep
244.0000    2    2.000   1.0000       realNov
246.0000    4    2.000   1.0000     pseudoNov
248.0000    4    2.000   1.0000     pseudoNov
250.0000    3    2.000   1.0000     pseudoRep
252.0000    1    2.000   1.0000       realRep
254.0000    0    4.000   1.0000          NULL 
258.0000    4    2.000   1.0000     pseudoNov
260.0000    1    2.000   1.0000       realRep
262.0000    3    2.000   1.0000     pseudoRep
264.0000    2    2.000   1.0000       realNov
266.0000    4    2.000   1.0000     pseudoNov
268.0000    1    2.000   1.0000       realRep
270.0000    0    4.000   1.0000          NULL 
274.0000    4    2.000   1.0000     pseudoNov
276.0000    4    2.000   1.0000     pseudoNov
278.0000    3    2.000   1.0000     pseudoRep
280.0000    0    4.000   1.0000          NULL 
284.0000    1    2.000   1.0000       realRep
286.0000    1    2.000   1.0000       realRep
288.0000    3    2.000   1.0000     pseudoRep
290.0000    4    2.000   1.0000     pseudoNov
292.0000    2    2.000   1.0000       realNov
294.0000    4    2.000   1.0000     pseudoNov
296.0000    1    2.000   1.0000       realRep
298.0000    1    2.000   1.0000       realRep
300.0000    4    2.000   1.0000     pseudoNov
302.0000    1    2.000   1.0000       realRep
304.0000    2    2.000   1.0000       realNov
306.0000    3    2.000   1.0000     pseudoRep
308.0000    4    2.000   1.0000     pseudoNov
310.0000    0    2.000   1.0000          NULL 
312.0000    4    2.000   1.0000     pseudoNov
314.0000    2    2.000   1.0000       realNov
316.0000    0    2.000   1.0000          NULL 
318.0000    1    2.000   1.0000       realRep
320.0000    1    2.000   1.0000       realRep
322.0000    0    4.000   1.0000          NULL 
326.0000    2    2.000   1.0000       realNov
328.0000    0    2.000   1.0000          NULL 
330.0000    3    2.000   1.0000     pseudoRep
332.0000    1    2.000   1.0000       realRep
334.0000    1    2.000   1.0000       realRep
336.0000    4    2.000   1.0000     pseudoNov
338.0000    1    2.000   1.0000       realRep
340.0000    1    2.000   1.0000       realRep
342.0000    3    2.000   1.0000     pseudoRep
344.0000    1    2.000   1.0000       realRep
346.0000    1    2.000   1.0000       realRep
348.0000    4    2.000   1.0000     pseudoNov
350.0000    1    2.000   1.0000       realRep
352.0000    3    2.000   1.0000     pseudoRep
354.0000    4    2.000   1.0000     pseudoNov
356.0000    4    2.000   1.0000     pseudoNov
358.0000    0    4.000   1.0000          NULL 
362.0000    3    2.000   1.0000     pseudoRep
364.0000    2    2.000   1.0000       realNov
366.0000    3    2.000   1.0000     pseudoRep
368.0000    3    2.000   1.0000     pseudoRep
370.0000    1    2.000   1.0000       realRep
372.0000    2    2.000   1.0000       realNov
374.0000    3    2.000   1.0000     pseudoRep
376.0000    4    2.000   1.0000     pseudoNov
378.0000    4    2.000   1.0000     pseudoNov
380.0000    4    2.000   1.0000     pseudoNov
382.0000    1    2.000   1.0000       realRep
384.0000    0    2.000   1.0000          NULL 
386.0000    2    2.000   1.0000       realNov
388.0000    4    2.000   1.0000     pseudoNov
390.0000    4    2.000   1.0000     pseudoNov
392.0000    1    2.000   1.0000       realRep
394.0000    2    2.000   1.0000       realNov
396.0000    2    2.000   1.0000       realNov
398.0000    2    2.000   1.0000       realNov
