  0.0000    4    2.000   1.0000     pseudoNov
  2.0000    0    2.000   1.0000          NULL 
  4.0000    1    2.000   1.0000       realRep
  6.0000    4    2.000   1.0000     pseudoNov
  8.0000    1    2.000   1.0000       realRep
 10.0000    2    2.000   1.0000       realNov
 12.0000    0    2.000   1.0000          NULL 
 14.0000    2    2.000   1.0000       realNov
 16.0000    2    2.000   1.0000       realNov
 18.0000    4    2.000   1.0000     pseudoNov
 20.0000    1    2.000   1.0000       realRep
 22.0000    3    2.000   1.0000     pseudoRep
 24.0000    2    2.000   1.0000       realNov
 26.0000    3    2.000   1.0000     pseudoRep
 28.0000    0    2.000   1.0000          NULL 
 30.0000    2    2.000   1.0000       realNov
 32.0000    1    2.000   1.0000       realRep
 34.0000    2    2.000   1.0000       realNov
 36.0000    1    2.000   1.0000       realRep
 38.0000    0    2.000   1.0000          NULL 
 40.0000    1    2.000   1.0000       realRep
 42.0000    1    2.000   1.0000       realRep
 44.0000    3    2.000   1.0000     pseudoRep
 46.0000    4    2.000   1.0000     pseudoNov
 48.0000    0    2.000   1.0000          NULL 
 50.0000    3    2.000   1.0000     pseudoRep
 52.0000    0    2.000   1.0000          NULL 
 54.0000    2    2.000   1.0000       realNov
 56.0000    2    2.000   1.0000       realNov
 58.0000    2    2.000   1.0000       realNov
 60.0000    4    2.000   1.0000     pseudoNov
 62.0000    2    2.000   1.0000       realNov
 64.0000    1    2.000   1.0000       realRep
 66.0000    2    2.000   1.0000       realNov
 68.0000    3    2.000   1.0000     pseudoRep
 70.0000    0    4.000   1.0000          NULL 
 74.0000    1    2.000   1.0000       realRep
 76.0000    2    2.000   1.0000       realNov
 78.0000    0    2.000   1.0000          NULL 
 80.0000    3    2.000   1.0000     pseudoRep
 82.0000    4    2.000   1.0000     pseudoNov
 84.0000    0    2.000   1.0000          NULL 
 86.0000    3    2.000   1.0000     pseudoRep
 88.0000    2    2.000   1.0000       realNov
 90.0000    4    2.000   1.0000     pseudoNov
 92.0000    3    2.000   1.0000     pseudoRep
 94.0000    4    2.000   1.0000     pseudoNov
 96.0000    0    6.000   1.0000          NULL 
102.0000    1    2.000   1.0000       realRep
104.0000    1    2.000   1.0000       realRep
106.0000    4    2.000   1.0000     pseudoNov
108.0000    2    2.000   1.0000       realNov
110.0000    1    2.000   1.0000       realRep
112.0000    2    2.000   1.0000       realNov
114.0000    1    2.000   1.0000       realRep
116.0000    4    2.000   1.0000     pseudoNov
118.0000    3    2.000   1.0000     pseudoRep
120.0000    2    2.000   1.0000       realNov
122.0000    3    2.000   1.0000     pseudoRep
124.0000    2    2.000   1.0000       realNov
126.0000    4    2.000   1.0000     pseudoNov
128.0000    2    2.000   1.0000       realNov
130.0000    0    2.000   1.0000          NULL 
132.0000    2    2.000   1.0000       realNov
134.0000    2    2.000   1.0000       realNov
136.0000    1    2.000   1.0000       realRep
138.0000    0    2.000   1.0000          NULL 
140.0000    2    2.000   1.0000       realNov
142.0000    0    2.000   1.0000          NULL 
144.0000    4    2.000   1.0000     pseudoNov
146.0000    3    2.000   1.0000     pseudoRep
148.0000    3    2.000   1.0000     pseudoRep
150.0000    0    2.000   1.0000          NULL 
152.0000    4    2.000   1.0000     pseudoNov
154.0000    4    2.000   1.0000     pseudoNov
156.0000    3    2.000   1.0000     pseudoRep
158.0000    3    2.000   1.0000     pseudoRep
160.0000    0    2.000   1.0000          NULL 
162.0000    3    2.000   1.0000     pseudoRep
164.0000    0    2.000   1.0000          NULL 
166.0000    2    2.000   1.0000       realNov
168.0000    3    2.000   1.0000     pseudoRep
170.0000    1    2.000   1.0000       realRep
172.0000    1    2.000   1.0000       realRep
174.0000    1    2.000   1.0000       realRep
176.0000    1    2.000   1.0000       realRep
178.0000    1    2.000   1.0000       realRep
180.0000    0    2.000   1.0000          NULL 
182.0000    3    2.000   1.0000     pseudoRep
184.0000    4    2.000   1.0000     pseudoNov
186.0000    1    2.000   1.0000       realRep
188.0000    2    2.000   1.0000       realNov
190.0000    1    2.000   1.0000       realRep
192.0000    4    2.000   1.0000     pseudoNov
194.0000    0    4.000   1.0000          NULL 
198.0000    3    2.000   1.0000     pseudoRep
200.0000    1    2.000   1.0000       realRep
202.0000    3    2.000   1.0000     pseudoRep
204.0000    4    2.000   1.0000     pseudoNov
206.0000    1    2.000   1.0000       realRep
208.0000    0    2.000   1.0000          NULL 
210.0000    1    2.000   1.0000       realRep
212.0000    0    2.000   1.0000          NULL 
214.0000    4    2.000   1.0000     pseudoNov
216.0000    2    2.000   1.0000       realNov
218.0000    1    2.000   1.0000       realRep
220.0000    0    2.000   1.0000          NULL 
222.0000    3    2.000   1.0000     pseudoRep
224.0000    2    2.000   1.0000       realNov
226.0000    2    2.000   1.0000       realNov
228.0000    4    2.000   1.0000     pseudoNov
230.0000    1    2.000   1.0000       realRep
232.0000    0    2.000   1.0000          NULL 
234.0000    3    2.000   1.0000     pseudoRep
236.0000    4    2.000   1.0000     pseudoNov
238.0000    4    2.000   1.0000     pseudoNov
240.0000    0    2.000   1.0000          NULL 
242.0000    3    2.000   1.0000     pseudoRep
244.0000    1    2.000   1.0000       realRep
246.0000    2    2.000   1.0000       realNov
248.0000    0    2.000   1.0000          NULL 
250.0000    4    2.000   1.0000     pseudoNov
252.0000    3    2.000   1.0000     pseudoRep
254.0000    2    2.000   1.0000       realNov
256.0000    4    2.000   1.0000     pseudoNov
258.0000    0    2.000   1.0000          NULL 
260.0000    4    2.000   1.0000     pseudoNov
262.0000    4    2.000   1.0000     pseudoNov
264.0000    1    2.000   1.0000       realRep
266.0000    1    2.000   1.0000       realRep
268.0000    0    2.000   1.0000          NULL 
270.0000    1    2.000   1.0000       realRep
272.0000    4    2.000   1.0000     pseudoNov
274.0000    4    2.000   1.0000     pseudoNov
276.0000    2    2.000   1.0000       realNov
278.0000    4    2.000   1.0000     pseudoNov
280.0000    2    2.000   1.0000       realNov
282.0000    1    2.000   1.0000       realRep
284.0000    3    2.000   1.0000     pseudoRep
286.0000    0    2.000   1.0000          NULL 
288.0000    3    2.000   1.0000     pseudoRep
290.0000    0    2.000   1.0000          NULL 
292.0000    3    2.000   1.0000     pseudoRep
294.0000    1    2.000   1.0000       realRep
296.0000    0    2.000   1.0000          NULL 
298.0000    4    2.000   1.0000     pseudoNov
300.0000    1    2.000   1.0000       realRep
302.0000    3    2.000   1.0000     pseudoRep
304.0000    0    2.000   1.0000          NULL 
306.0000    2    2.000   1.0000       realNov
308.0000    3    2.000   1.0000     pseudoRep
310.0000    0    2.000   1.0000          NULL 
312.0000    3    2.000   1.0000     pseudoRep
314.0000    1    2.000   1.0000       realRep
316.0000    3    2.000   1.0000     pseudoRep
318.0000    0    2.000   1.0000          NULL 
320.0000    2    2.000   1.0000       realNov
322.0000    3    2.000   1.0000     pseudoRep
324.0000    1    2.000   1.0000       realRep
326.0000    3    2.000   1.0000     pseudoRep
328.0000    4    2.000   1.0000     pseudoNov
330.0000    1    2.000   1.0000       realRep
332.0000    2    2.000   1.0000       realNov
334.0000    2    2.000   1.0000       realNov
336.0000    4    2.000   1.0000     pseudoNov
338.0000    4    2.000   1.0000     pseudoNov
340.0000    0    2.000   1.0000          NULL 
342.0000    3    2.000   1.0000     pseudoRep
344.0000    4    2.000   1.0000     pseudoNov
346.0000    2    2.000   1.0000       realNov
348.0000    1    2.000   1.0000       realRep
350.0000    4    2.000   1.0000     pseudoNov
352.0000    4    2.000   1.0000     pseudoNov
354.0000    3    2.000   1.0000     pseudoRep
356.0000    2    2.000   1.0000       realNov
358.0000    3    2.000   1.0000     pseudoRep
360.0000    3    2.000   1.0000     pseudoRep
362.0000    1    2.000   1.0000       realRep
364.0000    0    4.000   1.0000          NULL 
368.0000    4    2.000   1.0000     pseudoNov
370.0000    2    2.000   1.0000       realNov
372.0000    0    2.000   1.0000          NULL 
374.0000    4    2.000   1.0000     pseudoNov
376.0000    3    2.000   1.0000     pseudoRep
378.0000    2    2.000   1.0000       realNov
380.0000    3    2.000   1.0000     pseudoRep
382.0000    4    2.000   1.0000     pseudoNov
384.0000    1    2.000   1.0000       realRep
386.0000    1    2.000   1.0000       realRep
388.0000    4    2.000   1.0000     pseudoNov
390.0000    3    2.000   1.0000     pseudoRep
392.0000    2    2.000   1.0000       realNov
394.0000    4    2.000   1.0000     pseudoNov
396.0000    2    2.000   1.0000       realNov
398.0000    3    2.000   1.0000     pseudoRep
