  0.0000    4    2.000   1.0000     pseudoNov
  2.0000    2    2.000   1.0000       realNov
  4.0000    1    2.000   1.0000       realRep
  6.0000    2    2.000   1.0000       realNov
  8.0000    3    2.000   1.0000     pseudoRep
 10.0000    4    2.000   1.0000     pseudoNov
 12.0000    3    2.000   1.0000     pseudoRep
 14.0000    2    2.000   1.0000       realNov
 16.0000    1    2.000   1.0000       realRep
 18.0000    2    2.000   1.0000       realNov
 20.0000    4    2.000   1.0000     pseudoNov
 22.0000    0    2.000   1.0000          NULL 
 24.0000    1    2.000   1.0000       realRep
 26.0000    0    4.000   1.0000          NULL 
 30.0000    2    2.000   1.0000       realNov
 32.0000    3    2.000   1.0000     pseudoRep
 34.0000    0    2.000   1.0000          NULL 
 36.0000    3    2.000   1.0000     pseudoRep
 38.0000    0    2.000   1.0000          NULL 
 40.0000    2    2.000   1.0000       realNov
 42.0000    4    2.000   1.0000     pseudoNov
 44.0000    3    2.000   1.0000     pseudoRep
 46.0000    1    2.000   1.0000       realRep
 48.0000    4    2.000   1.0000     pseudoNov
 50.0000    4    2.000   1.0000     pseudoNov
 52.0000    4    2.000   1.0000     pseudoNov
 54.0000    2    2.000   1.0000       realNov
 56.0000    3    2.000   1.0000     pseudoRep
 58.0000    2    2.000   1.0000       realNov
 60.0000    0    2.000   1.0000          NULL 
 62.0000    1    2.000   1.0000       realRep
 64.0000    3    2.000   1.0000     pseudoRep
 66.0000    3    2.000   1.0000     pseudoRep
 68.0000    1    2.000   1.0000       realRep
 70.0000    4    2.000   1.0000     pseudoNov
 72.0000    0    2.000   1.0000          NULL 
 74.0000    3    2.000   1.0000     pseudoRep
 76.0000    0    2.000   1.0000          NULL 
 78.0000    1    2.000   1.0000       realRep
 80.0000    3    2.000   1.0000     pseudoRep
 82.0000    2    2.000   1.0000       realNov
 84.0000    3    2.000   1.0000     pseudoRep
 86.0000    0    4.000   1.0000          NULL 
 90.0000    1    2.000   1.0000       realRep
 92.0000    2    2.000   1.0000       realNov
 94.0000    4    2.000   1.0000     pseudoNov
 96.0000    4    2.000   1.0000     pseudoNov
 98.0000    1    2.000   1.0000       realRep
100.0000    3    2.000   1.0000     pseudoRep
102.0000    3    2.000   1.0000     pseudoRep
104.0000    0    2.000   1.0000          NULL 
106.0000    1    2.000   1.0000       realRep
108.0000    2    2.000   1.0000       realNov
110.0000    2    2.000   1.0000       realNov
112.0000    3    2.000   1.0000     pseudoRep
114.0000    3    2.000   1.0000     pseudoRep
116.0000    4    2.000   1.0000     pseudoNov
118.0000    0    2.000   1.0000          NULL 
120.0000    3    2.000   1.0000     pseudoRep
122.0000    4    2.000   1.0000     pseudoNov
124.0000    0    4.000   1.0000          NULL 
128.0000    3    2.000   1.0000     pseudoRep
130.0000    4    2.000   1.0000     pseudoNov
132.0000    3    2.000   1.0000     pseudoRep
134.0000    4    2.000   1.0000     pseudoNov
136.0000    2    2.000   1.0000       realNov
138.0000    0    2.000   1.0000          NULL 
140.0000    1    2.000   1.0000       realRep
142.0000    4    2.000   1.0000     pseudoNov
144.0000    2    2.000   1.0000       realNov
146.0000    2    2.000   1.0000       realNov
148.0000    0    2.000   1.0000          NULL 
150.0000    2    2.000   1.0000       realNov
152.0000    2    2.000   1.0000       realNov
154.0000    4    2.000   1.0000     pseudoNov
156.0000    2    2.000   1.0000       realNov
158.0000    2    2.000   1.0000       realNov
160.0000    1    2.000   1.0000       realRep
162.0000    0    2.000   1.0000          NULL 
164.0000    1    2.000   1.0000       realRep
166.0000    0    2.000   1.0000          NULL 
168.0000    1    2.000   1.0000       realRep
170.0000    1    2.000   1.0000       realRep
172.0000    1    2.000   1.0000       realRep
174.0000    1    2.000   1.0000       realRep
176.0000    4    2.000   1.0000     pseudoNov
178.0000    1    2.000   1.0000       realRep
180.0000    1    2.000   1.0000       realRep
182.0000    4    2.000   1.0000     pseudoNov
184.0000    3    2.000   1.0000     pseudoRep
186.0000    1    2.000   1.0000       realRep
188.0000    2    2.000   1.0000       realNov
190.0000    2    2.000   1.0000       realNov
192.0000    4    2.000   1.0000     pseudoNov
194.0000    0    2.000   1.0000          NULL 
196.0000    4    2.000   1.0000     pseudoNov
198.0000    1    2.000   1.0000       realRep
200.0000    1    2.000   1.0000       realRep
202.0000    4    2.000   1.0000     pseudoNov
204.0000    3    2.000   1.0000     pseudoRep
206.0000    1    2.000   1.0000       realRep
208.0000    0    4.000   1.0000          NULL 
212.0000    3    2.000   1.0000     pseudoRep
214.0000    2    2.000   1.0000       realNov
216.0000    3    2.000   1.0000     pseudoRep
218.0000    1    2.000   1.0000       realRep
220.0000    2    2.000   1.0000       realNov
222.0000    0    2.000   1.0000          NULL 
224.0000    2    2.000   1.0000       realNov
226.0000    0    2.000   1.0000          NULL 
228.0000    3    2.000   1.0000     pseudoRep
230.0000    4    2.000   1.0000     pseudoNov
232.0000    0    2.000   1.0000          NULL 
234.0000    4    2.000   1.0000     pseudoNov
236.0000    1    2.000   1.0000       realRep
238.0000    4    2.000   1.0000     pseudoNov
240.0000    2    2.000   1.0000       realNov
242.0000    2    2.000   1.0000       realNov
244.0000    0    2.000   1.0000          NULL 
246.0000    3    2.000   1.0000     pseudoRep
248.0000    3    2.000   1.0000     pseudoRep
250.0000    3    2.000   1.0000     pseudoRep
252.0000    0    2.000   1.0000          NULL 
254.0000    1    2.000   1.0000       realRep
256.0000    3    2.000   1.0000     pseudoRep
258.0000    1    2.000   1.0000       realRep
260.0000    4    2.000   1.0000     pseudoNov
262.0000    4    2.000   1.0000     pseudoNov
264.0000    2    2.000   1.0000       realNov
266.0000    0    2.000   1.0000          NULL 
268.0000    3    2.000   1.0000     pseudoRep
270.0000    4    2.000   1.0000     pseudoNov
272.0000    0    4.000   1.0000          NULL 
276.0000    3    2.000   1.0000     pseudoRep
278.0000    1    2.000   1.0000       realRep
280.0000    4    2.000   1.0000     pseudoNov
282.0000    3    2.000   1.0000     pseudoRep
284.0000    2    2.000   1.0000       realNov
286.0000    1    2.000   1.0000       realRep
288.0000    1    2.000   1.0000       realRep
290.0000    2    2.000   1.0000       realNov
292.0000    1    2.000   1.0000       realRep
294.0000    1    2.000   1.0000       realRep
296.0000    0    2.000   1.0000          NULL 
298.0000    3    2.000   1.0000     pseudoRep
300.0000    3    2.000   1.0000     pseudoRep
302.0000    2    2.000   1.0000       realNov
304.0000    0    6.000   1.0000          NULL 
310.0000    2    2.000   1.0000       realNov
312.0000    1    2.000   1.0000       realRep
314.0000    2    2.000   1.0000       realNov
316.0000    4    2.000   1.0000     pseudoNov
318.0000    0    2.000   1.0000          NULL 
320.0000    3    2.000   1.0000     pseudoRep
322.0000    4    2.000   1.0000     pseudoNov
324.0000    3    2.000   1.0000     pseudoRep
326.0000    2    2.000   1.0000       realNov
328.0000    1    2.000   1.0000       realRep
330.0000    2    2.000   1.0000       realNov
332.0000    1    2.000   1.0000       realRep
334.0000    3    2.000   1.0000     pseudoRep
336.0000    0    2.000   1.0000          NULL 
338.0000    2    2.000   1.0000       realNov
340.0000    4    2.000   1.0000     pseudoNov
342.0000    1    2.000   1.0000       realRep
344.0000    1    2.000   1.0000       realRep
346.0000    3    2.000   1.0000     pseudoRep
348.0000    4    2.000   1.0000     pseudoNov
350.0000    2    2.000   1.0000       realNov
352.0000    3    2.000   1.0000     pseudoRep
354.0000    4    2.000   1.0000     pseudoNov
356.0000    4    2.000   1.0000     pseudoNov
358.0000    3    2.000   1.0000     pseudoRep
360.0000    0    2.000   1.0000          NULL 
362.0000    2    2.000   1.0000       realNov
364.0000    4    2.000   1.0000     pseudoNov
366.0000    2    2.000   1.0000       realNov
368.0000    3    2.000   1.0000     pseudoRep
370.0000    0    2.000   1.0000          NULL 
372.0000    4    2.000   1.0000     pseudoNov
374.0000    1    2.000   1.0000       realRep
376.0000    4    2.000   1.0000     pseudoNov
378.0000    2    2.000   1.0000       realNov
380.0000    2    2.000   1.0000       realNov
382.0000    4    2.000   1.0000     pseudoNov
384.0000    3    2.000   1.0000     pseudoRep
386.0000    0    2.000   1.0000          NULL 
388.0000    1    2.000   1.0000       realRep
390.0000    4    2.000   1.0000     pseudoNov
392.0000    4    2.000   1.0000     pseudoNov
394.0000    0    2.000   1.0000          NULL 
396.0000    1    2.000   1.0000       realRep
398.0000    0    2.000   1.0000          NULL 
