  0.0000    1    2.000   1.0000       realRep
  2.0000    3    2.000   1.0000     pseudoRep
  4.0000    2    2.000   1.0000       realNov
  6.0000    4    2.000   1.0000     pseudoNov
  8.0000    4    2.000   1.0000     pseudoNov
 10.0000    2    2.000   1.0000       realNov
 12.0000    0    4.000   1.0000          NULL 
 16.0000    4    2.000   1.0000     pseudoNov
 18.0000    4    2.000   1.0000     pseudoNov
 20.0000    2    2.000   1.0000       realNov
 22.0000    2    2.000   1.0000       realNov
 24.0000    1    2.000   1.0000       realRep
 26.0000    1    2.000   1.0000       realRep
 28.0000    2    2.000   1.0000       realNov
 30.0000    3    2.000   1.0000     pseudoRep
 32.0000    3    2.000   1.0000     pseudoRep
 34.0000    0    2.000   1.0000          NULL 
 36.0000    2    2.000   1.0000       realNov
 38.0000    4    2.000   1.0000     pseudoNov
 40.0000    3    2.000   1.0000     pseudoRep
 42.0000    0    2.000   1.0000          NULL 
 44.0000    1    2.000   1.0000       realRep
 46.0000    3    2.000   1.0000     pseudoRep
 48.0000    0    2.000   1.0000          NULL 
 50.0000    2    2.000   1.0000       realNov
 52.0000    3    2.000   1.0000     pseudoRep
 54.0000    3    2.000   1.0000     pseudoRep
 56.0000    3    2.000   1.0000     pseudoRep
 58.0000    1    2.000   1.0000       realRep
 60.0000    2    2.000   1.0000       realNov
 62.0000    4    2.000   1.0000     pseudoNov
 64.0000    4    2.000   1.0000     pseudoNov
 66.0000    2    2.000   1.0000       realNov
 68.0000    4    2.000   1.0000     pseudoNov
 70.0000    1    2.000   1.0000       realRep
 72.0000    3    2.000   1.0000     pseudoRep
 74.0000    3    2.000   1.0000     pseudoRep
 76.0000    3    2.000   1.0000     pseudoRep
 78.0000    0    2.000   1.0000          NULL 
 80.0000    3    2.000   1.0000     pseudoRep
 82.0000    1    2.000   1.0000       realRep
 84.0000    3    2.000   1.0000     pseudoRep
 86.0000    0    4.000   1.0000          NULL 
 90.0000    3    2.000   1.0000     pseudoRep
 92.0000    1    2.000   1.0000       realRep
 94.0000    3    2.000   1.0000     pseudoRep
 96.0000    2    2.000   1.0000       realNov
 98.0000    1    2.000   1.0000       realRep
100.0000    0    2.000   1.0000          NULL 
102.0000    3    2.000   1.0000     pseudoRep
104.0000    1    2.000   1.0000       realRep
106.0000    2    2.000   1.0000       realNov
108.0000    0    2.000   1.0000          NULL 
110.0000    2    2.000   1.0000       realNov
112.0000    4    2.000   1.0000     pseudoNov
114.0000    4    2.000   1.0000     pseudoNov
116.0000    0    2.000   1.0000          NULL 
118.0000    2    2.000   1.0000       realNov
120.0000    2    2.000   1.0000       realNov
122.0000    2    2.000   1.0000       realNov
124.0000    0    2.000   1.0000          NULL 
126.0000    1    2.000   1.0000       realRep
128.0000    4    2.000   1.0000     pseudoNov
130.0000    4    2.000   1.0000     pseudoNov
132.0000    4    2.000   1.0000     pseudoNov
134.0000    1    2.000   1.0000       realRep
136.0000    0    2.000   1.0000          NULL 
138.0000    4    2.000   1.0000     pseudoNov
140.0000    0    2.000   1.0000          NULL 
142.0000    2    2.000   1.0000       realNov
144.0000    2    2.000   1.0000       realNov
146.0000    3    2.000   1.0000     pseudoRep
148.0000    4    2.000   1.0000     pseudoNov
150.0000    0    2.000   1.0000          NULL 
152.0000    4    2.000   1.0000     pseudoNov
154.0000    2    2.000   1.0000       realNov
156.0000    1    2.000   1.0000       realRep
158.0000    2    2.000   1.0000       realNov
160.0000    2    2.000   1.0000       realNov
162.0000    0    2.000   1.0000          NULL 
164.0000    3    2.000   1.0000     pseudoRep
166.0000    1    2.000   1.0000       realRep
168.0000    4    2.000   1.0000     pseudoNov
170.0000    1    2.000   1.0000       realRep
172.0000    1    2.000   1.0000       realRep
174.0000    3    2.000   1.0000     pseudoRep
176.0000    1    2.000   1.0000       realRep
178.0000    3    2.000   1.0000     pseudoRep
180.0000    4    2.000   1.0000     pseudoNov
182.0000    1    2.000   1.0000       realRep
184.0000    2    2.000   1.0000       realNov
186.0000    1    2.000   1.0000       realRep
188.0000    3    2.000   1.0000     pseudoRep
190.0000    4    2.000   1.0000     pseudoNov
192.0000    2    2.000   1.0000       realNov
194.0000    1    2.000   1.0000       realRep
196.0000    4    2.000   1.0000     pseudoNov
198.0000    0    2.000   1.0000          NULL 
200.0000    3    2.000   1.0000     pseudoRep
202.0000    4    2.000   1.0000     pseudoNov
204.0000    0    2.000   1.0000          NULL 
206.0000    2    2.000   1.0000       realNov
208.0000    3    2.000   1.0000     pseudoRep
210.0000    4    2.000   1.0000     pseudoNov
212.0000    4    2.000   1.0000     pseudoNov
214.0000    0    6.000   1.0000          NULL 
220.0000    1    2.000   1.0000       realRep
222.0000    2    2.000   1.0000       realNov
224.0000    3    2.000   1.0000     pseudoRep
226.0000    4    2.000   1.0000     pseudoNov
228.0000    0    2.000   1.0000          NULL 
230.0000    1    2.000   1.0000       realRep
232.0000    1    2.000   1.0000       realRep
234.0000    0    2.000   1.0000          NULL 
236.0000    1    2.000   1.0000       realRep
238.0000    4    2.000   1.0000     pseudoNov
240.0000    0    2.000   1.0000          NULL 
242.0000    3    2.000   1.0000     pseudoRep
244.0000    3    2.000   1.0000     pseudoRep
246.0000    3    2.000   1.0000     pseudoRep
248.0000    0    4.000   1.0000          NULL 
252.0000    4    2.000   1.0000     pseudoNov
254.0000    2    2.000   1.0000       realNov
256.0000    0    2.000   1.0000          NULL 
258.0000    3    2.000   1.0000     pseudoRep
260.0000    3    2.000   1.0000     pseudoRep
262.0000    1    2.000   1.0000       realRep
264.0000    1    2.000   1.0000       realRep
266.0000    3    2.000   1.0000     pseudoRep
268.0000    0    2.000   1.0000          NULL 
270.0000    3    2.000   1.0000     pseudoRep
272.0000    4    2.000   1.0000     pseudoNov
274.0000    2    2.000   1.0000       realNov
276.0000    4    2.000   1.0000     pseudoNov
278.0000    1    2.000   1.0000       realRep
280.0000    3    2.000   1.0000     pseudoRep
282.0000    3    2.000   1.0000     pseudoRep
284.0000    2    2.000   1.0000       realNov
286.0000    0    2.000   1.0000          NULL 
288.0000    1    2.000   1.0000       realRep
290.0000    2    2.000   1.0000       realNov
292.0000    3    2.000   1.0000     pseudoRep
294.0000    1    2.000   1.0000       realRep
296.0000    2    2.000   1.0000       realNov
298.0000    4    2.000   1.0000     pseudoNov
300.0000    4    2.000   1.0000     pseudoNov
302.0000    2    2.000   1.0000       realNov
304.0000    4    2.000   1.0000     pseudoNov
306.0000    3    2.000   1.0000     pseudoRep
308.0000    0    2.000   1.0000          NULL 
310.0000    1    2.000   1.0000       realRep
312.0000    4    2.000   1.0000     pseudoNov
314.0000    1    2.000   1.0000       realRep
316.0000    0    4.000   1.0000          NULL 
320.0000    4    2.000   1.0000     pseudoNov
322.0000    3    2.000   1.0000     pseudoRep
324.0000    4    2.000   1.0000     pseudoNov
326.0000    2    2.000   1.0000       realNov
328.0000    1    2.000   1.0000       realRep
330.0000    0    2.000   1.0000          NULL 
332.0000    4    2.000   1.0000     pseudoNov
334.0000    1    2.000   1.0000       realRep
336.0000    0    2.000   1.0000          NULL 
338.0000    1    2.000   1.0000       realRep
340.0000    2    2.000   1.0000       realNov
342.0000    1    2.000   1.0000       realRep
344.0000    1    2.000   1.0000       realRep
346.0000    0    2.000   1.0000          NULL 
348.0000    2    2.000   1.0000       realNov
350.0000    4    2.000   1.0000     pseudoNov
352.0000    1    2.000   1.0000       realRep
354.0000    3    2.000   1.0000     pseudoRep
356.0000    0    4.000   1.0000          NULL 
360.0000    4    2.000   1.0000     pseudoNov
362.0000    3    2.000   1.0000     pseudoRep
364.0000    0    2.000   1.0000          NULL 
366.0000    2    2.000   1.0000       realNov
368.0000    3    2.000   1.0000     pseudoRep
370.0000    3    2.000   1.0000     pseudoRep
372.0000    2    2.000   1.0000       realNov
374.0000    0    2.000   1.0000          NULL 
376.0000    2    2.000   1.0000       realNov
378.0000    1    2.000   1.0000       realRep
380.0000    2    2.000   1.0000       realNov
382.0000    1    2.000   1.0000       realRep
384.0000    0    2.000   1.0000          NULL 
386.0000    2    2.000   1.0000       realNov
388.0000    2    2.000   1.0000       realNov
390.0000    4    2.000   1.0000     pseudoNov
392.0000    4    2.000   1.0000     pseudoNov
394.0000    4    2.000   1.0000     pseudoNov
396.0000    2    2.000   1.0000       realNov
398.0000    1    2.000   1.0000       realRep
