  0.0000    4    2.000   1.0000     pseudoNov
  2.0000    1    2.000   1.0000       realRep
  4.0000    1    2.000   1.0000       realRep
  6.0000    0    2.000   1.0000          NULL 
  8.0000    1    2.000   1.0000       realRep
 10.0000    3    2.000   1.0000     pseudoRep
 12.0000    4    2.000   1.0000     pseudoNov
 14.0000    2    2.000   1.0000       realNov
 16.0000    0    2.000   1.0000          NULL 
 18.0000    3    2.000   1.0000     pseudoRep
 20.0000    1    2.000   1.0000       realRep
 22.0000    3    2.000   1.0000     pseudoRep
 24.0000    4    2.000   1.0000     pseudoNov
 26.0000    4    2.000   1.0000     pseudoNov
 28.0000    4    2.000   1.0000     pseudoNov
 30.0000    1    2.000   1.0000       realRep
 32.0000    3    2.000   1.0000     pseudoRep
 34.0000    0    2.000   1.0000          NULL 
 36.0000    3    2.000   1.0000     pseudoRep
 38.0000    1    2.000   1.0000       realRep
 40.0000    3    2.000   1.0000     pseudoRep
 42.0000    2    2.000   1.0000       realNov
 44.0000    1    2.000   1.0000       realRep
 46.0000    3    2.000   1.0000     pseudoRep
 48.0000    1    2.000   1.0000       realRep
 50.0000    0    2.000   1.0000          NULL 
 52.0000    2    2.000   1.0000       realNov
 54.0000    0    2.000   1.0000          NULL 
 56.0000    2    2.000   1.0000       realNov
 58.0000    3    2.000   1.0000     pseudoRep
 60.0000    4    2.000   1.0000     pseudoNov
 62.0000    2    2.000   1.0000       realNov
 64.0000    2    2.000   1.0000       realNov
 66.0000    4    2.000   1.0000     pseudoNov
 68.0000    2    2.000   1.0000       realNov
 70.0000    1    2.000   1.0000       realRep
 72.0000    4    2.000   1.0000     pseudoNov
 74.0000    4    2.000   1.0000     pseudoNov
 76.0000    1    2.000   1.0000       realRep
 78.0000    2    2.000   1.0000       realNov
 80.0000    2    2.000   1.0000       realNov
 82.0000    4    2.000   1.0000     pseudoNov
 84.0000    0    2.000   1.0000          NULL 
 86.0000    3    2.000   1.0000     pseudoRep
 88.0000    3    2.000   1.0000     pseudoRep
 90.0000    4    2.000   1.0000     pseudoNov
 92.0000    4    2.000   1.0000     pseudoNov
 94.0000    4    2.000   1.0000     pseudoNov
 96.0000    1    2.000   1.0000       realRep
 98.0000    2    2.000   1.0000       realNov
100.0000    3    2.000   1.0000     pseudoRep
102.0000    0    2.000   1.0000          NULL 
104.0000    3    2.000   1.0000     pseudoRep
106.0000    3    2.000   1.0000     pseudoRep
108.0000    1    2.000   1.0000       realRep
110.0000    0    2.000   1.0000          NULL 
112.0000    1    2.000   1.0000       realRep
114.0000    4    2.000   1.0000     pseudoNov
116.0000    2    2.000   1.0000       realNov
118.0000    2    2.000   1.0000       realNov
120.0000    1    2.000   1.0000       realRep
122.0000    0    2.000   1.0000          NULL 
124.0000    2    2.000   1.0000       realNov
126.0000    4    2.000   1.0000     pseudoNov
128.0000    2    2.000   1.0000       realNov
130.0000    1    2.000   1.0000       realRep
132.0000    1    2.000   1.0000       realRep
134.0000    3    2.000   1.0000     pseudoRep
136.0000    1    2.000   1.0000       realRep
138.0000    1    2.000   1.0000       realRep
140.0000    1    2.000   1.0000       realRep
142.0000    4    2.000   1.0000     pseudoNov
144.0000    0    4.000   1.0000          NULL 
148.0000    3    2.000   1.0000     pseudoRep
150.0000    0    2.000   1.0000          NULL 
152.0000    1    2.000   1.0000       realRep
154.0000    2    2.000   1.0000       realNov
156.0000    2    2.000   1.0000       realNov
158.0000    3    2.000   1.0000     pseudoRep
160.0000    4    2.000   1.0000     pseudoNov
162.0000    0    2.000   1.0000          NULL 
164.0000    2    2.000   1.0000       realNov
166.0000    1    2.000   1.0000       realRep
168.0000    2    2.000   1.0000       realNov
170.0000    0    2.000   1.0000          NULL 
172.0000    1    2.000   1.0000       realRep
174.0000    3    2.000   1.0000     pseudoRep
176.0000    1    2.000   1.0000       realRep
178.0000    1    2.000   1.0000       realRep
180.0000    1    2.000   1.0000       realRep
182.0000    0    2.000   1.0000          NULL 
184.0000    4    2.000   1.0000     pseudoNov
186.0000    4    2.000   1.0000     pseudoNov
188.0000    0    2.000   1.0000          NULL 
190.0000    4    2.000   1.0000     pseudoNov
192.0000    0    2.000   1.0000          NULL 
194.0000    4    2.000   1.0000     pseudoNov
196.0000    2    2.000   1.0000       realNov
198.0000    3    2.000   1.0000     pseudoRep
200.0000    1    2.000   1.0000       realRep
202.0000    1    2.000   1.0000       realRep
204.0000    0    2.000   1.0000          NULL 
206.0000    3    2.000   1.0000     pseudoRep
208.0000    3    2.000   1.0000     pseudoRep
210.0000    3    2.000   1.0000     pseudoRep
212.0000    2    2.000   1.0000       realNov
214.0000    2    2.000   1.0000       realNov
216.0000    3    2.000   1.0000     pseudoRep
218.0000    0    2.000   1.0000          NULL 
220.0000    2    2.000   1.0000       realNov
222.0000    4    2.000   1.0000     pseudoNov
224.0000    0    2.000   1.0000          NULL 
226.0000    1    2.000   1.0000       realRep
228.0000    3    2.000   1.0000     pseudoRep
230.0000    2    2.000   1.0000       realNov
232.0000    4    2.000   1.0000     pseudoNov
234.0000    0    2.000   1.0000          NULL 
236.0000    4    2.000   1.0000     pseudoNov
238.0000    0    2.000   1.0000          NULL 
240.0000    1    2.000   1.0000       realRep
242.0000    4    2.000   1.0000     pseudoNov
244.0000    3    2.000   1.0000     pseudoRep
246.0000    2    2.000   1.0000       realNov
248.0000    0    2.000   1.0000          NULL 
250.0000    3    2.000   1.0000     pseudoRep
252.0000    2    2.000   1.0000       realNov
254.0000    1    2.000   1.0000       realRep
256.0000    0    2.000   1.0000          NULL 
258.0000    2    2.000   1.0000       realNov
260.0000    2    2.000   1.0000       realNov
262.0000    4    2.000   1.0000     pseudoNov
264.0000    1    2.000   1.0000       realRep
266.0000    3    2.000   1.0000     pseudoRep
268.0000    3    2.000   1.0000     pseudoRep
270.0000    0    2.000   1.0000          NULL 
272.0000    2    2.000   1.0000       realNov
274.0000    2    2.000   1.0000       realNov
276.0000    1    2.000   1.0000       realRep
278.0000    0    2.000   1.0000          NULL 
280.0000    4    2.000   1.0000     pseudoNov
282.0000    4    2.000   1.0000     pseudoNov
284.0000    4    2.000   1.0000     pseudoNov
286.0000    0    2.000   1.0000          NULL 
288.0000    2    2.000   1.0000       realNov
290.0000    1    2.000   1.0000       realRep
292.0000    2    2.000   1.0000       realNov
294.0000    2    2.000   1.0000       realNov
296.0000    2    2.000   1.0000       realNov
298.0000    3    2.000   1.0000     pseudoRep
300.0000    1    2.000   1.0000       realRep
302.0000    0    2.000   1.0000          NULL 
304.0000    1    2.000   1.0000       realRep
306.0000    1    2.000   1.0000       realRep
308.0000    2    2.000   1.0000       realNov
310.0000    3    2.000   1.0000     pseudoRep
312.0000    3    2.000   1.0000     pseudoRep
314.0000    0    6.000   1.0000          NULL 
320.0000    3    2.000   1.0000     pseudoRep
322.0000    0    2.000   1.0000          NULL 
324.0000    4    2.000   1.0000     pseudoNov
326.0000    4    2.000   1.0000     pseudoNov
328.0000    1    2.000   1.0000       realRep
330.0000    4    2.000   1.0000     pseudoNov
332.0000    2    2.000   1.0000       realNov
334.0000    0    2.000   1.0000          NULL 
336.0000    4    2.000   1.0000     pseudoNov
338.0000    4    2.000   1.0000     pseudoNov
340.0000    4    2.000   1.0000     pseudoNov
342.0000    3    2.000   1.0000     pseudoRep
344.0000    3    2.000   1.0000     pseudoRep
346.0000    0    2.000   1.0000          NULL 
348.0000    3    2.000   1.0000     pseudoRep
350.0000    4    2.000   1.0000     pseudoNov
352.0000    0    6.000   1.0000          NULL 
358.0000    2    2.000   1.0000       realNov
360.0000    4    2.000   1.0000     pseudoNov
362.0000    3    2.000   1.0000     pseudoRep
364.0000    3    2.000   1.0000     pseudoRep
366.0000    0    2.000   1.0000          NULL 
368.0000    2    2.000   1.0000       realNov
370.0000    1    2.000   1.0000       realRep
372.0000    3    2.000   1.0000     pseudoRep
374.0000    4    2.000   1.0000     pseudoNov
376.0000    3    2.000   1.0000     pseudoRep
378.0000    1    2.000   1.0000       realRep
380.0000    3    2.000   1.0000     pseudoRep
382.0000    2    2.000   1.0000       realNov
384.0000    4    2.000   1.0000     pseudoNov
386.0000    2    2.000   1.0000       realNov
388.0000    0    2.000   1.0000          NULL 
390.0000    3    2.000   1.0000     pseudoRep
392.0000    0    2.000   1.0000          NULL 
394.0000    2    2.000   1.0000       realNov
396.0000    4    2.000   1.0000     pseudoNov
398.0000    1    2.000   1.0000       realRep
