  0.0000    3    2.000   1.0000     pseudoRep
  2.0000    4    2.000   1.0000     pseudoNov
  4.0000    2    2.000   1.0000       realNov
  6.0000    1    2.000   1.0000       realRep
  8.0000    0    2.000   1.0000          NULL 
 10.0000    2    2.000   1.0000       realNov
 12.0000    2    2.000   1.0000       realNov
 14.0000    2    2.000   1.0000       realNov
 16.0000    2    2.000   1.0000       realNov
 18.0000    1    2.000   1.0000       realRep
 20.0000    1    2.000   1.0000       realRep
 22.0000    2    2.000   1.0000       realNov
 24.0000    0    2.000   1.0000          NULL 
 26.0000    4    2.000   1.0000     pseudoNov
 28.0000    2    2.000   1.0000       realNov
 30.0000    2    2.000   1.0000       realNov
 32.0000    0    2.000   1.0000          NULL 
 34.0000    3    2.000   1.0000     pseudoRep
 36.0000    0    2.000   1.0000          NULL 
 38.0000    1    2.000   1.0000       realRep
 40.0000    3    2.000   1.0000     pseudoRep
 42.0000    2    2.000   1.0000       realNov
 44.0000    3    2.000   1.0000     pseudoRep
 46.0000    3    2.000   1.0000     pseudoRep
 48.0000    2    2.000   1.0000       realNov
 50.0000    0    4.000   1.0000          NULL 
 54.0000    2    2.000   1.0000       realNov
 56.0000    4    2.000   1.0000     pseudoNov
 58.0000    4    2.000   1.0000     pseudoNov
 60.0000    2    2.000   1.0000       realNov
 62.0000    0    2.000   1.0000          NULL 
 64.0000    3    2.000   1.0000     pseudoRep
 66.0000    3    2.000   1.0000     pseudoRep
 68.0000    0    2.000   1.0000          NULL 
 70.0000    1    2.000   1.0000       realRep
 72.0000    1    2.000   1.0000       realRep
 74.0000    3    2.000   1.0000     pseudoRep
 76.0000    4    2.000   1.0000     pseudoNov
 78.0000    4    2.000   1.0000     pseudoNov
 80.0000    1    2.000   1.0000       realRep
 82.0000    4    2.000   1.0000     pseudoNov
 84.0000    2    2.000   1.0000       realNov
 86.0000    0    2.000   1.0000          NULL 
 88.0000    2    2.000   1.0000       realNov
 90.0000    2    2.000   1.0000       realNov
 92.0000    1    2.000   1.0000       realRep
 94.0000    3    2.000   1.0000     pseudoRep
 96.0000    4    2.000   1.0000     pseudoNov
 98.0000    4    2.000   1.0000     pseudoNov
100.0000    4    2.000   1.0000     pseudoNov
102.0000    3    2.000   1.0000     pseudoRep
104.0000    0    2.000   1.0000          NULL 
106.0000    4    2.000   1.0000     pseudoNov
108.0000    0    2.000   1.0000          NULL 
110.0000    4    2.000   1.0000     pseudoNov
112.0000    3    2.000   1.0000     pseudoRep
114.0000    0    2.000   1.0000          NULL 
116.0000    3    2.000   1.0000     pseudoRep
118.0000    0    2.000   1.0000          NULL 
120.0000    1    2.000   1.0000       realRep
122.0000    3    2.000   1.0000     pseudoRep
124.0000    2    2.000   1.0000       realNov
126.0000    3    2.000   1.0000     pseudoRep
128.0000    2    2.000   1.0000       realNov
130.0000    1    2.000   1.0000       realRep
132.0000    0    2.000   1.0000          NULL 
134.0000    4    2.000   1.0000     pseudoNov
136.0000    4    2.000   1.0000     pseudoNov
138.0000    3    2.000   1.0000     pseudoRep
140.0000    4    2.000   1.0000     pseudoNov
142.0000    4    2.000   1.0000     pseudoNov
144.0000    2    2.000   1.0000       realNov
146.0000    0    2.000   1.0000          NULL 
148.0000    2    2.000   1.0000       realNov
150.0000    4    2.000   1.0000     pseudoNov
152.0000    2    2.000   1.0000       realNov
154.0000    1    2.000   1.0000       realRep
156.0000    1    2.000   1.0000       realRep
158.0000    1    2.000   1.0000       realRep
160.0000    0    2.000   1.0000          NULL 
162.0000    2    2.000   1.0000       realNov
164.0000    2    2.000   1.0000       realNov
166.0000    3    2.000   1.0000     pseudoRep
168.0000    1    2.000   1.0000       realRep
170.0000    2    2.000   1.0000       realNov
172.0000    4    2.000   1.0000     pseudoNov
174.0000    0    2.000   1.0000          NULL 
176.0000    4    2.000   1.0000     pseudoNov
178.0000    1    2.000   1.0000       realRep
180.0000    1    2.000   1.0000       realRep
182.0000    2    2.000   1.0000       realNov
184.0000    4    2.000   1.0000     pseudoNov
186.0000    1    2.000   1.0000       realRep
188.0000    0    4.000   1.0000          NULL 
192.0000    3    2.000   1.0000     pseudoRep
194.0000    1    2.000   1.0000       realRep
196.0000    0    6.000   1.0000          NULL 
202.0000    4    2.000   1.0000     pseudoNov
204.0000    3    2.000   1.0000     pseudoRep
206.0000    2    2.000   1.0000       realNov
208.0000    2    2.000   1.0000       realNov
210.0000    3    2.000   1.0000     pseudoRep
212.0000    3    2.000   1.0000     pseudoRep
214.0000    3    2.000   1.0000     pseudoRep
216.0000    1    2.000   1.0000       realRep
218.0000    1    2.000   1.0000       realRep
220.0000    0    4.000   1.0000          NULL 
224.0000    2    2.000   1.0000       realNov
226.0000    1    2.000   1.0000       realRep
228.0000    4    2.000   1.0000     pseudoNov
230.0000    1    2.000   1.0000       realRep
232.0000    0    2.000   1.0000          NULL 
234.0000    2    2.000   1.0000       realNov
236.0000    3    2.000   1.0000     pseudoRep
238.0000    3    2.000   1.0000     pseudoRep
240.0000    0    2.000   1.0000          NULL 
242.0000    2    2.000   1.0000       realNov
244.0000    2    2.000   1.0000       realNov
246.0000    1    2.000   1.0000       realRep
248.0000    3    2.000   1.0000     pseudoRep
250.0000    4    2.000   1.0000     pseudoNov
252.0000    0    2.000   1.0000          NULL 
254.0000    3    2.000   1.0000     pseudoRep
256.0000    3    2.000   1.0000     pseudoRep
258.0000    1    2.000   1.0000       realRep
260.0000    4    2.000   1.0000     pseudoNov
262.0000    3    2.000   1.0000     pseudoRep
264.0000    2    2.000   1.0000       realNov
266.0000    0    2.000   1.0000          NULL 
268.0000    1    2.000   1.0000       realRep
270.0000    2    2.000   1.0000       realNov
272.0000    4    2.000   1.0000     pseudoNov
274.0000    1    2.000   1.0000       realRep
276.0000    2    2.000   1.0000       realNov
278.0000    4    2.000   1.0000     pseudoNov
280.0000    0    4.000   1.0000          NULL 
284.0000    1    2.000   1.0000       realRep
286.0000    0    2.000   1.0000          NULL 
288.0000    4    2.000   1.0000     pseudoNov
290.0000    3    2.000   1.0000     pseudoRep
292.0000    3    2.000   1.0000     pseudoRep
294.0000    2    2.000   1.0000       realNov
296.0000    4    2.000   1.0000     pseudoNov
298.0000    2    2.000   1.0000       realNov
300.0000    3    2.000   1.0000     pseudoRep
302.0000    2    2.000   1.0000       realNov
304.0000    0    2.000   1.0000          NULL 
306.0000    2    2.000   1.0000       realNov
308.0000    3    2.000   1.0000     pseudoRep
310.0000    3    2.000   1.0000     pseudoRep
312.0000    3    2.000   1.0000     pseudoRep
314.0000    3    2.000   1.0000     pseudoRep
316.0000    4    2.000   1.0000     pseudoNov
318.0000    0    2.000   1.0000          NULL 
320.0000    1    2.000   1.0000       realRep
322.0000    3    2.000   1.0000     pseudoRep
324.0000    0    2.000   1.0000          NULL 
326.0000    3    2.000   1.0000     pseudoRep
328.0000    0    2.000   1.0000          NULL 
330.0000    1    2.000   1.0000       realRep
332.0000    2    2.000   1.0000       realNov
334.0000    1    2.000   1.0000       realRep
336.0000    1    2.000   1.0000       realRep
338.0000    4    2.000   1.0000     pseudoNov
340.0000    0    2.000   1.0000          NULL 
342.0000    4    2.000   1.0000     pseudoNov
344.0000    4    2.000   1.0000     pseudoNov
346.0000    3    2.000   1.0000     pseudoRep
348.0000    1    2.000   1.0000       realRep
350.0000    0    2.000   1.0000          NULL 
352.0000    3    2.000   1.0000     pseudoRep
354.0000    4    2.000   1.0000     pseudoNov
356.0000    1    2.000   1.0000       realRep
358.0000    4    2.000   1.0000     pseudoNov
360.0000    1    2.000   1.0000       realRep
362.0000    4    2.000   1.0000     pseudoNov
364.0000    4    2.000   1.0000     pseudoNov
366.0000    0    4.000   1.0000          NULL 
370.0000    4    2.000   1.0000     pseudoNov
372.0000    3    2.000   1.0000     pseudoRep
374.0000    1    2.000   1.0000       realRep
376.0000    2    2.000   1.0000       realNov
378.0000    4    2.000   1.0000     pseudoNov
380.0000    1    2.000   1.0000       realRep
382.0000    0    2.000   1.0000          NULL 
384.0000    4    2.000   1.0000     pseudoNov
386.0000    2    2.000   1.0000       realNov
388.0000    3    2.000   1.0000     pseudoRep
390.0000    1    2.000   1.0000       realRep
392.0000    1    2.000   1.0000       realRep
394.0000    1    2.000   1.0000       realRep
396.0000    4    2.000   1.0000     pseudoNov
398.0000    1    2.000   1.0000       realRep
