  0.0000    3    2.000   1.0000     pseudoRep
  2.0000    2    2.000   1.0000       realNov
  4.0000    1    2.000   1.0000       realRep
  6.0000    2    2.000   1.0000       realNov
  8.0000    1    2.000   1.0000       realRep
 10.0000    4    2.000   1.0000     pseudoNov
 12.0000    0    2.000   1.0000          NULL 
 14.0000    2    2.000   1.0000       realNov
 16.0000    2    2.000   1.0000       realNov
 18.0000    1    2.000   1.0000       realRep
 20.0000    2    2.000   1.0000       realNov
 22.0000    4    2.000   1.0000     pseudoNov
 24.0000    3    2.000   1.0000     pseudoRep
 26.0000    0    6.000   1.0000          NULL 
 32.0000    2    2.000   1.0000       realNov
 34.0000    3    2.000   1.0000     pseudoRep
 36.0000    0    2.000   1.0000          NULL 
 38.0000    3    2.000   1.0000     pseudoRep
 40.0000    3    2.000   1.0000     pseudoRep
 42.0000    3    2.000   1.0000     pseudoRep
 44.0000    0    2.000   1.0000          NULL 
 46.0000    3    2.000   1.0000     pseudoRep
 48.0000    1    2.000   1.0000       realRep
 50.0000    1    2.000   1.0000       realRep
 52.0000    2    2.000   1.0000       realNov
 54.0000    0    2.000   1.0000          NULL 
 56.0000    1    2.000   1.0000       realRep
 58.0000    3    2.000   1.0000     pseudoRep
 60.0000    4    2.000   1.0000     pseudoNov
 62.0000    3    2.000   1.0000     pseudoRep
 64.0000    4    2.000   1.0000     pseudoNov
 66.0000    2    2.000   1.0000       realNov
 68.0000    4    2.000   1.0000     pseudoNov
 70.0000    1    2.000   1.0000       realRep
 72.0000    1    2.000   1.0000       realRep
 74.0000    0    2.000   1.0000          NULL 
 76.0000    1    2.000   1.0000       realRep
 78.0000    0    2.000   1.0000          NULL 
 80.0000    2    2.000   1.0000       realNov
 82.0000    3    2.000   1.0000     pseudoRep
 84.0000    4    2.000   1.0000     pseudoNov
 86.0000    2    2.000   1.0000       realNov
 88.0000    1    2.000   1.0000       realRep
 90.0000    3    2.000   1.0000     pseudoRep
 92.0000    1    2.000   1.0000       realRep
 94.0000    2    2.000   1.0000       realNov
 96.0000    3    2.000   1.0000     pseudoRep
 98.0000    2    2.000   1.0000       realNov
100.0000    2    2.000   1.0000       realNov
102.0000    4    2.000   1.0000     pseudoNov
104.0000    1    2.000   1.0000       realRep
106.0000    0    2.000   1.0000          NULL 
108.0000    2    2.000   1.0000       realNov
110.0000    1    2.000   1.0000       realRep
112.0000    4    2.000   1.0000     pseudoNov
114.0000    3    2.000   1.0000     pseudoRep
116.0000    0    2.000   1.0000          NULL 
118.0000    3    2.000   1.0000     pseudoRep
120.0000    1    2.000   1.0000       realRep
122.0000    0    2.000   1.0000          NULL 
124.0000    2    2.000   1.0000       realNov
126.0000    3    2.000   1.0000     pseudoRep
128.0000    1    2.000   1.0000       realRep
130.0000    3    2.000   1.0000     pseudoRep
132.0000    3    2.000   1.0000     pseudoRep
134.0000    3    2.000   1.0000     pseudoRep
136.0000    0    2.000   1.0000          NULL 
138.0000    1    2.000   1.0000       realRep
140.0000    1    2.000   1.0000       realRep
142.0000    0    2.000   1.0000          NULL 
144.0000    3    2.000   1.0000     pseudoRep
146.0000    4    2.000   1.0000     pseudoNov
148.0000    1    2.000   1.0000       realRep
150.0000    3    2.000   1.0000     pseudoRep
152.0000    2    2.000   1.0000       realNov
154.0000    4    2.000   1.0000     pseudoNov
156.0000    2    2.000   1.0000       realNov
158.0000    4    2.000   1.0000     pseudoNov
160.0000    4    2.000   1.0000     pseudoNov
162.0000    2    2.000   1.0000       realNov
164.0000    2    2.000   1.0000       realNov
166.0000    0    2.000   1.0000          NULL 
168.0000    4    2.000   1.0000     pseudoNov
170.0000    0    2.000   1.0000          NULL 
172.0000    4    2.000   1.0000     pseudoNov
174.0000    1    2.000   1.0000       realRep
176.0000    4    2.000   1.0000     pseudoNov
178.0000    1    2.000   1.0000       realRep
180.0000    2    2.000   1.0000       realNov
182.0000    0    2.000   1.0000          NULL 
184.0000    3    2.000   1.0000     pseudoRep
186.0000    2    2.000   1.0000       realNov
188.0000    2    2.000   1.0000       realNov
190.0000    1    2.000   1.0000       realRep
192.0000    4    2.000   1.0000     pseudoNov
194.0000    4    2.000   1.0000     pseudoNov
196.0000    0    4.000   1.0000          NULL 
200.0000    4    2.000   1.0000     pseudoNov
202.0000    3    2.000   1.0000     pseudoRep
204.0000    0    2.000   1.0000          NULL 
206.0000    1    2.000   1.0000       realRep
208.0000    3    2.000   1.0000     pseudoRep
210.0000    2    2.000   1.0000       realNov
212.0000    1    2.000   1.0000       realRep
214.0000    2    2.000   1.0000       realNov
216.0000    1    2.000   1.0000       realRep
218.0000    3    2.000   1.0000     pseudoRep
220.0000    2    2.000   1.0000       realNov
222.0000    2    2.000   1.0000       realNov
224.0000    3    2.000   1.0000     pseudoRep
226.0000    4    2.000   1.0000     pseudoNov
228.0000    0    2.000   1.0000          NULL 
230.0000    1    2.000   1.0000       realRep
232.0000    0    2.000   1.0000          NULL 
234.0000    3    2.000   1.0000     pseudoRep
236.0000    1    2.000   1.0000       realRep
238.0000    4    2.000   1.0000     pseudoNov
240.0000    1    2.000   1.0000       realRep
242.0000    3    2.000   1.0000     pseudoRep
244.0000    0    2.000   1.0000          NULL 
246.0000    4    2.000   1.0000     pseudoNov
248.0000    0    2.000   1.0000          NULL 
250.0000    3    2.000   1.0000     pseudoRep
252.0000    4    2.000   1.0000     pseudoNov
254.0000    4    2.000   1.0000     pseudoNov
256.0000    3    2.000   1.0000     pseudoRep
258.0000    2    2.000   1.0000       realNov
260.0000    0    2.000   1.0000          NULL 
262.0000    4    2.000   1.0000     pseudoNov
264.0000    4    2.000   1.0000     pseudoNov
266.0000    3    2.000   1.0000     pseudoRep
268.0000    3    2.000   1.0000     pseudoRep
270.0000    3    2.000   1.0000     pseudoRep
272.0000    3    2.000   1.0000     pseudoRep
274.0000    4    2.000   1.0000     pseudoNov
276.0000    2    2.000   1.0000       realNov
278.0000    4    2.000   1.0000     pseudoNov
280.0000    2    2.000   1.0000       realNov
282.0000    1    2.000   1.0000       realRep
284.0000    0    2.000   1.0000          NULL 
286.0000    3    2.000   1.0000     pseudoRep
288.0000    2    2.000   1.0000       realNov
290.0000    2    2.000   1.0000       realNov
292.0000    0    4.000   1.0000          NULL 
296.0000    1    2.000   1.0000       realRep
298.0000    4    2.000   1.0000     pseudoNov
300.0000    1    2.000   1.0000       realRep
302.0000    4    2.000   1.0000     pseudoNov
304.0000    0    4.000   1.0000          NULL 
308.0000    2    2.000   1.0000       realNov
310.0000    1    2.000   1.0000       realRep
312.0000    4    2.000   1.0000     pseudoNov
314.0000    2    2.000   1.0000       realNov
316.0000    4    2.000   1.0000     pseudoNov
318.0000    2    2.000   1.0000       realNov
320.0000    0    2.000   1.0000          NULL 
322.0000    3    2.000   1.0000     pseudoRep
324.0000    0    2.000   1.0000          NULL 
326.0000    2    2.000   1.0000       realNov
328.0000    2    2.000   1.0000       realNov
330.0000    3    2.000   1.0000     pseudoRep
332.0000    4    2.000   1.0000     pseudoNov
334.0000    2    2.000   1.0000       realNov
336.0000    1    2.000   1.0000       realRep
338.0000    1    2.000   1.0000       realRep
340.0000    2    2.000   1.0000       realNov
342.0000    4    2.000   1.0000     pseudoNov
344.0000    1    2.000   1.0000       realRep
346.0000    4    2.000   1.0000     pseudoNov
348.0000    0    2.000   1.0000          NULL 
350.0000    4    2.000   1.0000     pseudoNov
352.0000    1    2.000   1.0000       realRep
354.0000    3    2.000   1.0000     pseudoRep
356.0000    4    2.000   1.0000     pseudoNov
358.0000    0    2.000   1.0000          NULL 
360.0000    3    2.000   1.0000     pseudoRep
362.0000    0    2.000   1.0000          NULL 
364.0000    1    2.000   1.0000       realRep
366.0000    3    2.000   1.0000     pseudoRep
368.0000    2    2.000   1.0000       realNov
370.0000    4    2.000   1.0000     pseudoNov
372.0000    1    2.000   1.0000       realRep
374.0000    0    2.000   1.0000          NULL 
376.0000    2    2.000   1.0000       realNov
378.0000    4    2.000   1.0000     pseudoNov
380.0000    3    2.000   1.0000     pseudoRep
382.0000    0    2.000   1.0000          NULL 
384.0000    4    2.000   1.0000     pseudoNov
386.0000    4    2.000   1.0000     pseudoNov
388.0000    0    2.000   1.0000          NULL 
390.0000    1    2.000   1.0000       realRep
392.0000    1    2.000   1.0000       realRep
394.0000    0    2.000   1.0000          NULL 
396.0000    1    2.000   1.0000       realRep
398.0000    0    2.000   1.0000          NULL 
