  0.0000    3    2.000   1.0000     pseudoRep
  2.0000    1    2.000   1.0000       realRep
  4.0000    1    2.000   1.0000       realRep
  6.0000    1    2.000   1.0000       realRep
  8.0000    3    2.000   1.0000     pseudoRep
 10.0000    1    2.000   1.0000       realRep
 12.0000    1    2.000   1.0000       realRep
 14.0000    0    2.000   1.0000          NULL 
 16.0000    3    2.000   1.0000     pseudoRep
 18.0000    4    2.000   1.0000     pseudoNov
 20.0000    1    2.000   1.0000       realRep
 22.0000    1    2.000   1.0000       realRep
 24.0000    3    2.000   1.0000     pseudoRep
 26.0000    2    2.000   1.0000       realNov
 28.0000    2    2.000   1.0000       realNov
 30.0000    1    2.000   1.0000       realRep
 32.0000    2    2.000   1.0000       realNov
 34.0000    4    2.000   1.0000     pseudoNov
 36.0000    0    2.000   1.0000          NULL 
 38.0000    1    2.000   1.0000       realRep
 40.0000    1    2.000   1.0000       realRep
 42.0000    3    2.000   1.0000     pseudoRep
 44.0000    4    2.000   1.0000     pseudoNov
 46.0000    4    2.000   1.0000     pseudoNov
 48.0000    0    2.000   1.0000          NULL 
 50.0000    1    2.000   1.0000       realRep
 52.0000    3    2.000   1.0000     pseudoRep
 54.0000    0    2.000   1.0000          NULL 
 56.0000    1    2.000   1.0000       realRep
 58.0000    1    2.000   1.0000       realRep
 60.0000    2    2.000   1.0000       realNov
 62.0000    4    2.000   1.0000     pseudoNov
 64.0000    1    2.000   1.0000       realRep
 66.0000    3    2.000   1.0000     pseudoRep
 68.0000    2    2.000   1.0000       realNov
 70.0000    4    2.000   1.0000     pseudoNov
 72.0000    3    2.000   1.0000     pseudoRep
 74.0000    4    2.000   1.0000     pseudoNov
 76.0000    1    2.000   1.0000       realRep
 78.0000    2    2.000   1.0000       realNov
 80.0000    2    2.000   1.0000       realNov
 82.0000    3    2.000   1.0000     pseudoRep
 84.0000    3    2.000   1.0000     pseudoRep
 86.0000    4    2.000   1.0000     pseudoNov
 88.0000    4    2.000   1.0000     pseudoNov
 90.0000    1    2.000   1.0000       realRep
 92.0000    1    2.000   1.0000       realRep
 94.0000    0    6.000   1.0000          NULL 
100.0000    2    2.000   1.0000       realNov
102.0000    1    2.000   1.0000       realRep
104.0000    4    2.000   1.0000     pseudoNov
106.0000    0    2.000   1.0000          NULL 
108.0000    1    2.000   1.0000       realRep
110.0000    4    2.000   1.0000     pseudoNov
112.0000    4    2.000   1.0000     pseudoNov
114.0000    3    2.000   1.0000     pseudoRep
116.0000    2    2.000   1.0000       realNov
118.0000    0    2.000   1.0000          NULL 
120.0000    2    2.000   1.0000       realNov
122.0000    3    2.000   1.0000     pseudoRep
124.0000    2    2.000   1.0000       realNov
126.0000    3    2.000   1.0000     pseudoRep
128.0000    4    2.000   1.0000     pseudoNov
130.0000    0    2.000   1.0000          NULL 
132.0000    4    2.000   1.0000     pseudoNov
134.0000    2    2.000   1.0000       realNov
136.0000    4    2.000   1.0000     pseudoNov
138.0000    0    2.000   1.0000          NULL 
140.0000    4    2.000   1.0000     pseudoNov
142.0000    1    2.000   1.0000       realRep
144.0000    3    2.000   1.0000     pseudoRep
146.0000    2    2.000   1.0000       realNov
148.0000    1    2.000   1.0000       realRep
150.0000    3    2.000   1.0000     pseudoRep
152.0000    0    2.000   1.0000          NULL 
154.0000    2    2.000   1.0000       realNov
156.0000    2    2.000   1.0000       realNov
158.0000    3    2.000   1.0000     pseudoRep
160.0000    4    2.000   1.0000     pseudoNov
162.0000    2    2.000   1.0000       realNov
164.0000    2    2.000   1.0000       realNov
166.0000    1    2.000   1.0000       realRep
168.0000    0    4.000   1.0000          NULL 
172.0000    1    2.000   1.0000       realRep
174.0000    0    2.000   1.0000          NULL 
176.0000    2    2.000   1.0000       realNov
178.0000    2    2.000   1.0000       realNov
180.0000    0    2.000   1.0000          NULL 
182.0000    3    2.000   1.0000     pseudoRep
184.0000    3    2.000   1.0000     pseudoRep
186.0000    4    2.000   1.0000     pseudoNov
188.0000    0    4.000   1.0000          NULL 
192.0000    3    2.000   1.0000     pseudoRep
194.0000    2    2.000   1.0000       realNov
196.0000    0    2.000   1.0000          NULL 
198.0000    1    2.000   1.0000       realRep
200.0000    2    2.000   1.0000       realNov
202.0000    1    2.000   1.0000       realRep
204.0000    3    2.000   1.0000     pseudoRep
206.0000    4    2.000   1.0000     pseudoNov
208.0000    3    2.000   1.0000     pseudoRep
210.0000    3    2.000   1.0000     pseudoRep
212.0000    1    2.000   1.0000       realRep
214.0000    0    2.000   1.0000          NULL 
216.0000    1    2.000   1.0000       realRep
218.0000    0    2.000   1.0000          NULL 
220.0000    1    2.000   1.0000       realRep
222.0000    4    2.000   1.0000     pseudoNov
224.0000    3    2.000   1.0000     pseudoRep
226.0000    3    2.000   1.0000     pseudoRep
228.0000    4    2.000   1.0000     pseudoNov
230.0000    0    2.000   1.0000          NULL 
232.0000    4    2.000   1.0000     pseudoNov
234.0000    3    2.000   1.0000     pseudoRep
236.0000    2    2.000   1.0000       realNov
238.0000    3    2.000   1.0000     pseudoRep
240.0000    4    2.000   1.0000     pseudoNov
242.0000    1    2.000   1.0000       realRep
244.0000    2    2.000   1.0000       realNov
246.0000    0    4.000   1.0000          NULL 
250.0000    4    2.000   1.0000     pseudoNov
252.0000    0    2.000   1.0000          NULL 
254.0000    2    2.000   1.0000       realNov
256.0000    1    2.000   1.0000       realRep
258.0000    0    2.000   1.0000          NULL 
260.0000    4    2.000   1.0000     pseudoNov
262.0000    3    2.000   1.0000     pseudoRep
264.0000    2    2.000   1.0000       realNov
266.0000    4    2.000   1.0000     pseudoNov
268.0000    2    2.000   1.0000       realNov
270.0000    2    2.000   1.0000       realNov
272.0000    1    2.000   1.0000       realRep
274.0000    1    2.000   1.0000       realRep
276.0000    1    2.000   1.0000       realRep
278.0000    4    2.000   1.0000     pseudoNov
280.0000    2    2.000   1.0000       realNov
282.0000    2    2.000   1.0000       realNov
284.0000    3    2.000   1.0000     pseudoRep
286.0000    0    6.000   1.0000          NULL 
292.0000    4    2.000   1.0000     pseudoNov
294.0000    1    2.000   1.0000       realRep
296.0000    4    2.000   1.0000     pseudoNov
298.0000    2    2.000   1.0000       realNov
300.0000    0    4.000   1.0000          NULL 
304.0000    4    2.000   1.0000     pseudoNov
306.0000    4    2.000   1.0000     pseudoNov
308.0000    0    2.000   1.0000          NULL 
310.0000    4    2.000   1.0000     pseudoNov
312.0000    4    2.000   1.0000     pseudoNov
314.0000    0    4.000   1.0000          NULL 
318.0000    2    2.000   1.0000       realNov
320.0000    1    2.000   1.0000       realRep
322.0000    4    2.000   1.0000     pseudoNov
324.0000    2    2.000   1.0000       realNov
326.0000    0    2.000   1.0000          NULL 
328.0000    4    2.000   1.0000     pseudoNov
330.0000    2    2.000   1.0000       realNov
332.0000    2    2.000   1.0000       realNov
334.0000    4    2.000   1.0000     pseudoNov
336.0000    2    2.000   1.0000       realNov
338.0000    4    2.000   1.0000     pseudoNov
340.0000    3    2.000   1.0000     pseudoRep
342.0000    3    2.000   1.0000     pseudoRep
344.0000    1    2.000   1.0000       realRep
346.0000    2    2.000   1.0000       realNov
348.0000    4    2.000   1.0000     pseudoNov
350.0000    1    2.000   1.0000       realRep
352.0000    0    2.000   1.0000          NULL 
354.0000    3    2.000   1.0000     pseudoRep
356.0000    3    2.000   1.0000     pseudoRep
358.0000    3    2.000   1.0000     pseudoRep
360.0000    0    2.000   1.0000          NULL 
362.0000    3    2.000   1.0000     pseudoRep
364.0000    1    2.000   1.0000       realRep
366.0000    3    2.000   1.0000     pseudoRep
368.0000    3    2.000   1.0000     pseudoRep
370.0000    2    2.000   1.0000       realNov
372.0000    2    2.000   1.0000       realNov
374.0000    3    2.000   1.0000     pseudoRep
376.0000    0    2.000   1.0000          NULL 
378.0000    3    2.000   1.0000     pseudoRep
380.0000    1    2.000   1.0000       realRep
382.0000    4    2.000   1.0000     pseudoNov
384.0000    2    2.000   1.0000       realNov
386.0000    4    2.000   1.0000     pseudoNov
388.0000    2    2.000   1.0000       realNov
390.0000    3    2.000   1.0000     pseudoRep
392.0000    3    2.000   1.0000     pseudoRep
394.0000    0    2.000   1.0000          NULL 
396.0000    1    2.000   1.0000       realRep
398.0000    0    2.000   1.0000          NULL 
