  0.0000    3    2.000   1.0000     pseudoRep
  2.0000    2    2.000   1.0000       realNov
  4.0000    4    2.000   1.0000     pseudoNov
  6.0000    1    2.000   1.0000       realRep
  8.0000    3    2.000   1.0000     pseudoRep
 10.0000    2    2.000   1.0000       realNov
 12.0000    0    4.000   1.0000          NULL 
 16.0000    1    2.000   1.0000       realRep
 18.0000    3    2.000   1.0000     pseudoRep
 20.0000    1    2.000   1.0000       realRep
 22.0000    4    2.000   1.0000     pseudoNov
 24.0000    4    2.000   1.0000     pseudoNov
 26.0000    2    2.000   1.0000       realNov
 28.0000    1    2.000   1.0000       realRep
 30.0000    1    2.000   1.0000       realRep
 32.0000    4    2.000   1.0000     pseudoNov
 34.0000    2    2.000   1.0000       realNov
 36.0000    4    2.000   1.0000     pseudoNov
 38.0000    2    2.000   1.0000       realNov
 40.0000    4    2.000   1.0000     pseudoNov
 42.0000    4    2.000   1.0000     pseudoNov
 44.0000    3    2.000   1.0000     pseudoRep
 46.0000    1    2.000   1.0000       realRep
 48.0000    4    2.000   1.0000     pseudoNov
 50.0000    0    4.000   1.0000          NULL 
 54.0000    1    2.000   1.0000       realRep
 56.0000    2    2.000   1.0000       realNov
 58.0000    4    2.000   1.0000     pseudoNov
 60.0000    0    2.000   1.0000          NULL 
 62.0000    3    2.000   1.0000     pseudoRep
 64.0000    1    2.000   1.0000       realRep
 66.0000    1    2.000   1.0000       realRep
 68.0000    1    2.000   1.0000       realRep
 70.0000    3    2.000   1.0000     pseudoRep
 72.0000    2    2.000   1.0000       realNov
 74.0000    3    2.000   1.0000     pseudoRep
 76.0000    0    2.000   1.0000          NULL 
 78.0000    2    2.000   1.0000       realNov
 80.0000    2    2.000   1.0000       realNov
 82.0000    2    2.000   1.0000       realNov
 84.0000    4    2.000   1.0000     pseudoNov
 86.0000    0    2.000   1.0000          NULL 
 88.0000    3    2.000   1.0000     pseudoRep
 90.0000    3    2.000   1.0000     pseudoRep
 92.0000    4    2.000   1.0000     pseudoNov
 94.0000    1    2.000   1.0000       realRep
 96.0000    0    2.000   1.0000          NULL 
 98.0000    3    2.000   1.0000     pseudoRep
100.0000    0    2.000   1.0000          NULL 
102.0000    2    2.000   1.0000       realNov
104.0000    1    2.000   1.0000       realRep
106.0000    4    2.000   1.0000     pseudoNov
108.0000    0    2.000   1.0000          NULL 
110.0000    4    2.000   1.0000     pseudoNov
112.0000    3    2.000   1.0000     pseudoRep
114.0000    2    2.000   1.0000       realNov
116.0000    3    2.000   1.0000     pseudoRep
118.0000    0    2.000   1.0000          NULL 
120.0000    2    2.000   1.0000       realNov
122.0000    4    2.000   1.0000     pseudoNov
124.0000    2    2.000   1.0000       realNov
126.0000    2    2.000   1.0000       realNov
128.0000    2    2.000   1.0000       realNov
130.0000    1    2.000   1.0000       realRep
132.0000    1    2.000   1.0000       realRep
134.0000    0    2.000   1.0000          NULL 
136.0000    1    2.000   1.0000       realRep
138.0000    0    4.000   1.0000          NULL 
142.0000    4    2.000   1.0000     pseudoNov
144.0000    0    2.000   1.0000          NULL 
146.0000    1    2.000   1.0000       realRep
148.0000    2    2.000   1.0000       realNov
150.0000    4    2.000   1.0000     pseudoNov
152.0000    1    2.000   1.0000       realRep
154.0000    1    2.000   1.0000       realRep
156.0000    4    2.000   1.0000     pseudoNov
158.0000    0    2.000   1.0000          NULL 
160.0000    2    2.000   1.0000       realNov
162.0000    3    2.000   1.0000     pseudoRep
164.0000    0    2.000   1.0000          NULL 
166.0000    2    2.000   1.0000       realNov
168.0000    3    2.000   1.0000     pseudoRep
170.0000    3    2.000   1.0000     pseudoRep
172.0000    4    2.000   1.0000     pseudoNov
174.0000    3    2.000   1.0000     pseudoRep
176.0000    1    2.000   1.0000       realRep
178.0000    3    2.000   1.0000     pseudoRep
180.0000    0    2.000   1.0000          NULL 
182.0000    4    2.000   1.0000     pseudoNov
184.0000    4    2.000   1.0000     pseudoNov
186.0000    0    2.000   1.0000          NULL 
188.0000    3    2.000   1.0000     pseudoRep
190.0000    4    2.000   1.0000     pseudoNov
192.0000    1    2.000   1.0000       realRep
194.0000    3    2.000   1.0000     pseudoRep
196.0000    2    2.000   1.0000       realNov
198.0000    4    2.000   1.0000     pseudoNov
200.0000    4    2.000   1.0000     pseudoNov
202.0000    1    2.000   1.0000       realRep
204.0000    3    2.000   1.0000     pseudoRep
206.0000    2    2.000   1.0000       realNov
208.0000    0    2.000   1.0000          NULL 
210.0000    1    2.000   1.0000       realRep
212.0000    2    2.000   1.0000       realNov
214.0000    4    2.000   1.0000     pseudoNov
216.0000    3    2.000   1.0000     pseudoRep
218.0000    1    2.000   1.0000       realRep
220.0000    1    2.000   1.0000       realRep
222.0000    3    2.000   1.0000     pseudoRep
224.0000    1    2.000   1.0000       realRep
226.0000    3    2.000   1.0000     pseudoRep
228.0000    4    2.000   1.0000     pseudoNov
230.0000    1    2.000   1.0000       realRep
232.0000    4    2.000   1.0000     pseudoNov
234.0000    2    2.000   1.0000       realNov
236.0000    1    2.000   1.0000       realRep
238.0000    3    2.000   1.0000     pseudoRep
240.0000    2    2.000   1.0000       realNov
242.0000    0    4.000   1.0000          NULL 
246.0000    3    2.000   1.0000     pseudoRep
248.0000    3    2.000   1.0000     pseudoRep
250.0000    0    2.000   1.0000          NULL 
252.0000    3    2.000   1.0000     pseudoRep
254.0000    3    2.000   1.0000     pseudoRep
256.0000    0    2.000   1.0000          NULL 
258.0000    3    2.000   1.0000     pseudoRep
260.0000    0    2.000   1.0000          NULL 
262.0000    4    2.000   1.0000     pseudoNov
264.0000    4    2.000   1.0000     pseudoNov
266.0000    4    2.000   1.0000     pseudoNov
268.0000    0    6.000   1.0000          NULL 
274.0000    2    2.000   1.0000       realNov
276.0000    1    2.000   1.0000       realRep
278.0000    0    2.000   1.0000          NULL 
280.0000    3    2.000   1.0000     pseudoRep
282.0000    1    2.000   1.0000       realRep
284.0000    2    2.000   1.0000       realNov
286.0000    0    2.000   1.0000          NULL 
288.0000    4    2.000   1.0000     pseudoNov
290.0000    1    2.000   1.0000       realRep
292.0000    0    2.000   1.0000          NULL 
294.0000    2    2.000   1.0000       realNov
296.0000    1    2.000   1.0000       realRep
298.0000    2    2.000   1.0000       realNov
300.0000    3    2.000   1.0000     pseudoRep
302.0000    3    2.000   1.0000     pseudoRep
304.0000    0    2.000   1.0000          NULL 
306.0000    1    2.000   1.0000       realRep
308.0000    4    2.000   1.0000     pseudoNov
310.0000    0    2.000   1.0000          NULL 
312.0000    2    2.000   1.0000       realNov
314.0000    3    2.000   1.0000     pseudoRep
316.0000    2    2.000   1.0000       realNov
318.0000    3    2.000   1.0000     pseudoRep
320.0000    3    2.000   1.0000     pseudoRep
322.0000    3    2.000   1.0000     pseudoRep
324.0000    0    2.000   1.0000          NULL 
326.0000    1    2.000   1.0000       realRep
328.0000    2    2.000   1.0000       realNov
330.0000    1    2.000   1.0000       realRep
332.0000    2    2.000   1.0000       realNov
334.0000    3    2.000   1.0000     pseudoRep
336.0000    3    2.000   1.0000     pseudoRep
338.0000    4    2.000   1.0000     pseudoNov
340.0000    2    2.000   1.0000       realNov
342.0000    0    2.000   1.0000          NULL 
344.0000    2    2.000   1.0000       realNov
346.0000    3    2.000   1.0000     pseudoRep
348.0000    0    2.000   1.0000          NULL 
350.0000    4    2.000   1.0000     pseudoNov
352.0000    4    2.000   1.0000     pseudoNov
354.0000    4    2.000   1.0000     pseudoNov
356.0000    1    2.000   1.0000       realRep
358.0000    2    2.000   1.0000       realNov
360.0000    0    2.000   1.0000          NULL 
362.0000    1    2.000   1.0000       realRep
364.0000    4    2.000   1.0000     pseudoNov
366.0000    1    2.000   1.0000       realRep
368.0000    4    2.000   1.0000     pseudoNov
370.0000    1    2.000   1.0000       realRep
372.0000    2    2.000   1.0000       realNov
374.0000    1    2.000   1.0000       realRep
376.0000    4    2.000   1.0000     pseudoNov
378.0000    0    2.000   1.0000          NULL 
380.0000    3    2.000   1.0000     pseudoRep
382.0000    0    2.000   1.0000          NULL 
384.0000    4    2.000   1.0000     pseudoNov
386.0000    2    2.000   1.0000       realNov
388.0000    2    2.000   1.0000       realNov
390.0000    0    2.000   1.0000          NULL 
392.0000    2    2.000   1.0000       realNov
394.0000    2    2.000   1.0000       realNov
396.0000    1    2.000   1.0000       realRep
398.0000    4    2.000   1.0000     pseudoNov
