  0.0000    4    2.000   1.0000     pseudoNov
  2.0000    2    2.000   1.0000       realNov
  4.0000    1    2.000   1.0000       realRep
  6.0000    1    2.000   1.0000       realRep
  8.0000    3    2.000   1.0000     pseudoRep
 10.0000    2    2.000   1.0000       realNov
 12.0000    4    2.000   1.0000     pseudoNov
 14.0000    0    2.000   1.0000          NULL 
 16.0000    2    2.000   1.0000       realNov
 18.0000    4    2.000   1.0000     pseudoNov
 20.0000    0    2.000   1.0000          NULL 
 22.0000    2    2.000   1.0000       realNov
 24.0000    2    2.000   1.0000       realNov
 26.0000    4    2.000   1.0000     pseudoNov
 28.0000    3    2.000   1.0000     pseudoRep
 30.0000    2    2.000   1.0000       realNov
 32.0000    2    2.000   1.0000       realNov
 34.0000    3    2.000   1.0000     pseudoRep
 36.0000    0    2.000   1.0000          NULL 
 38.0000    1    2.000   1.0000       realRep
 40.0000    0    4.000   1.0000          NULL 
 44.0000    3    2.000   1.0000     pseudoRep
 46.0000    1    2.000   1.0000       realRep
 48.0000    2    2.000   1.0000       realNov
 50.0000    2    2.000   1.0000       realNov
 52.0000    2    2.000   1.0000       realNov
 54.0000    2    2.000   1.0000       realNov
 56.0000    1    2.000   1.0000       realRep
 58.0000    0    4.000   1.0000          NULL 
 62.0000    3    2.000   1.0000     pseudoRep
 64.0000    4    2.000   1.0000     pseudoNov
 66.0000    1    2.000   1.0000       realRep
 68.0000    3    2.000   1.0000     pseudoRep
 70.0000    4    2.000   1.0000     pseudoNov
 72.0000    0    4.000   1.0000          NULL 
 76.0000    1    2.000   1.0000       realRep
 78.0000    1    2.000   1.0000       realRep
 80.0000    3    2.000   1.0000     pseudoRep
 82.0000    3    2.000   1.0000     pseudoRep
 84.0000    1    2.000   1.0000       realRep
 86.0000    2    2.000   1.0000       realNov
 88.0000    0    2.000   1.0000          NULL 
 90.0000    2    2.000   1.0000       realNov
 92.0000    2    2.000   1.0000       realNov
 94.0000    0    2.000   1.0000          NULL 
 96.0000    1    2.000   1.0000       realRep
 98.0000    0    2.000   1.0000          NULL 
100.0000    3    2.000   1.0000     pseudoRep
102.0000    3    2.000   1.0000     pseudoRep
104.0000    0    2.000   1.0000          NULL 
106.0000    2    2.000   1.0000       realNov
108.0000    4    2.000   1.0000     pseudoNov
110.0000    3    2.000   1.0000     pseudoRep
112.0000    0    2.000   1.0000          NULL 
114.0000    1    2.000   1.0000       realRep
116.0000    2    2.000   1.0000       realNov
118.0000    2    2.000   1.0000       realNov
120.0000    0    2.000   1.0000          NULL 
122.0000    2    2.000   1.0000       realNov
124.0000    1    2.000   1.0000       realRep
126.0000    4    2.000   1.0000     pseudoNov
128.0000    2    2.000   1.0000       realNov
130.0000    3    2.000   1.0000     pseudoRep
132.0000    3    2.000   1.0000     pseudoRep
134.0000    0    2.000   1.0000          NULL 
136.0000    2    2.000   1.0000       realNov
138.0000    0    2.000   1.0000          NULL 
140.0000    4    2.000   1.0000     pseudoNov
142.0000    4    2.000   1.0000     pseudoNov
144.0000    1    2.000   1.0000       realRep
146.0000    1    2.000   1.0000       realRep
148.0000    4    2.000   1.0000     pseudoNov
150.0000    4    2.000   1.0000     pseudoNov
152.0000    2    2.000   1.0000       realNov
154.0000    1    2.000   1.0000       realRep
156.0000    2    2.000   1.0000       realNov
158.0000    1    2.000   1.0000       realRep
160.0000    4    2.000   1.0000     pseudoNov
162.0000    2    2.000   1.0000       realNov
164.0000    0    2.000   1.0000          NULL 
166.0000    3    2.000   1.0000     pseudoRep
168.0000    1    2.000   1.0000       realRep
170.0000    4    2.000   1.0000     pseudoNov
172.0000    0    4.000   1.0000          NULL 
176.0000    3    2.000   1.0000     pseudoRep
178.0000    1    2.000   1.0000       realRep
180.0000    4    2.000   1.0000     pseudoNov
182.0000    4    2.000   1.0000     pseudoNov
184.0000    1    2.000   1.0000       realRep
186.0000    2    2.000   1.0000       realNov
188.0000    0    2.000   1.0000          NULL 
190.0000    2    2.000   1.0000       realNov
192.0000    2    2.000   1.0000       realNov
194.0000    2    2.000   1.0000       realNov
196.0000    4    2.000   1.0000     pseudoNov
198.0000    1    2.000   1.0000       realRep
200.0000    3    2.000   1.0000     pseudoRep
202.0000    3    2.000   1.0000     pseudoRep
204.0000    1    2.000   1.0000       realRep
206.0000    4    2.000   1.0000     pseudoNov
208.0000    4    2.000   1.0000     pseudoNov
210.0000    4    2.000   1.0000     pseudoNov
212.0000    3    2.000   1.0000     pseudoRep
214.0000    0    4.000   1.0000          NULL 
218.0000    1    2.000   1.0000       realRep
220.0000    1    2.000   1.0000       realRep
222.0000    1    2.000   1.0000       realRep
224.0000    4    2.000   1.0000     pseudoNov
226.0000    2    2.000   1.0000       realNov
228.0000    4    2.000   1.0000     pseudoNov
230.0000    4    2.000   1.0000     pseudoNov
232.0000    3    2.000   1.0000     pseudoRep
234.0000    1    2.000   1.0000       realRep
236.0000    3    2.000   1.0000     pseudoRep
238.0000    1    2.000   1.0000       realRep
240.0000    1    2.000   1.0000       realRep
242.0000    3    2.000   1.0000     pseudoRep
244.0000    3    2.000   1.0000     pseudoRep
246.0000    0    2.000   1.0000          NULL 
248.0000    3    2.000   1.0000     pseudoRep
250.0000    4    2.000   1.0000     pseudoNov
252.0000    3    2.000   1.0000     pseudoRep
254.0000    3    2.000   1.0000     pseudoRep
256.0000    1    2.000   1.0000       realRep
258.0000    2    2.000   1.0000       realNov
260.0000    0    2.000   1.0000          NULL 
262.0000    3    2.000   1.0000     pseudoRep
264.0000    4    2.000   1.0000     pseudoNov
266.0000    4    2.000   1.0000     pseudoNov
268.0000    2    2.000   1.0000       realNov
270.0000    2    2.000   1.0000       realNov
272.0000    3    2.000   1.0000     pseudoRep
274.0000    4    2.000   1.0000     pseudoNov
276.0000    4    2.000   1.0000     pseudoNov
278.0000    4    2.000   1.0000     pseudoNov
280.0000    1    2.000   1.0000       realRep
282.0000    1    2.000   1.0000       realRep
284.0000    0    2.000   1.0000          NULL 
286.0000    3    2.000   1.0000     pseudoRep
288.0000    3    2.000   1.0000     pseudoRep
290.0000    0    2.000   1.0000          NULL 
292.0000    4    2.000   1.0000     pseudoNov
294.0000    1    2.000   1.0000       realRep
296.0000    2    2.000   1.0000       realNov
298.0000    2    2.000   1.0000       realNov
300.0000    0    2.000   1.0000          NULL 
302.0000    4    2.000   1.0000     pseudoNov
304.0000    2    2.000   1.0000       realNov
306.0000    1    2.000   1.0000       realRep
308.0000    3    2.000   1.0000     pseudoRep
310.0000    2    2.000   1.0000       realNov
312.0000    0    6.000   1.0000          NULL 
318.0000    1    2.000   1.0000       realRep
320.0000    2    2.000   1.0000       realNov
322.0000    0    2.000   1.0000          NULL 
324.0000    4    2.000   1.0000     pseudoNov
326.0000    3    2.000   1.0000     pseudoRep
328.0000    3    2.000   1.0000     pseudoRep
330.0000    1    2.000   1.0000       realRep
332.0000    3    2.000   1.0000     pseudoRep
334.0000    0    2.000   1.0000          NULL 
336.0000    2    2.000   1.0000       realNov
338.0000    4    2.000   1.0000     pseudoNov
340.0000    1    2.000   1.0000       realRep
342.0000    0    2.000   1.0000          NULL 
344.0000    4    2.000   1.0000     pseudoNov
346.0000    3    2.000   1.0000     pseudoRep
348.0000    3    2.000   1.0000     pseudoRep
350.0000    3    2.000   1.0000     pseudoRep
352.0000    0    2.000   1.0000          NULL 
354.0000    4    2.000   1.0000     pseudoNov
356.0000    0    2.000   1.0000          NULL 
358.0000    2    2.000   1.0000       realNov
360.0000    3    2.000   1.0000     pseudoRep
362.0000    4    2.000   1.0000     pseudoNov
364.0000    1    2.000   1.0000       realRep
366.0000    0    2.000   1.0000          NULL 
368.0000    1    2.000   1.0000       realRep
370.0000    2    2.000   1.0000       realNov
372.0000    2    2.000   1.0000       realNov
374.0000    3    2.000   1.0000     pseudoRep
376.0000    0    2.000   1.0000          NULL 
378.0000    3    2.000   1.0000     pseudoRep
380.0000    4    2.000   1.0000     pseudoNov
382.0000    4    2.000   1.0000     pseudoNov
384.0000    1    2.000   1.0000       realRep
386.0000    4    2.000   1.0000     pseudoNov
388.0000    4    2.000   1.0000     pseudoNov
390.0000    1    2.000   1.0000       realRep
392.0000    0    2.000   1.0000          NULL 
394.0000    3    2.000   1.0000     pseudoRep
396.0000    0    2.000   1.0000          NULL 
398.0000    1    2.000   1.0000       realRep
