  0.0000    1    2.000   1.0000       realRep
  2.0000    3    2.000   1.0000     pseudoRep
  4.0000    4    2.000   1.0000     pseudoNov
  6.0000    1    2.000   1.0000       realRep
  8.0000    4    2.000   1.0000     pseudoNov
 10.0000    3    2.000   1.0000     pseudoRep
 12.0000    1    2.000   1.0000       realRep
 14.0000    1    2.000   1.0000       realRep
 16.0000    1    2.000   1.0000       realRep
 18.0000    1    2.000   1.0000       realRep
 20.0000    2    2.000   1.0000       realNov
 22.0000    1    2.000   1.0000       realRep
 24.0000    3    2.000   1.0000     pseudoRep
 26.0000    3    2.000   1.0000     pseudoRep
 28.0000    1    2.000   1.0000       realRep
 30.0000    1    2.000   1.0000       realRep
 32.0000    0    2.000   1.0000          NULL 
 34.0000    4    2.000   1.0000     pseudoNov
 36.0000    4    2.000   1.0000     pseudoNov
 38.0000    1    2.000   1.0000       realRep
 40.0000    3    2.000   1.0000     pseudoRep
 42.0000    3    2.000   1.0000     pseudoRep
 44.0000    2    2.000   1.0000       realNov
 46.0000    4    2.000   1.0000     pseudoNov
 48.0000    1    2.000   1.0000       realRep
 50.0000    4    2.000   1.0000     pseudoNov
 52.0000    0    4.000   1.0000          NULL 
 56.0000    4    2.000   1.0000     pseudoNov
 58.0000    0    2.000   1.0000          NULL 
 60.0000    1    2.000   1.0000       realRep
 62.0000    0    6.000   1.0000          NULL 
 68.0000    2    2.000   1.0000       realNov
 70.0000    1    2.000   1.0000       realRep
 72.0000    2    2.000   1.0000       realNov
 74.0000    2    2.000   1.0000       realNov
 76.0000    0    2.000   1.0000          NULL 
 78.0000    1    2.000   1.0000       realRep
 80.0000    3    2.000   1.0000     pseudoRep
 82.0000    3    2.000   1.0000     pseudoRep
 84.0000    2    2.000   1.0000       realNov
 86.0000    2    2.000   1.0000       realNov
 88.0000    0    2.000   1.0000          NULL 
 90.0000    1    2.000   1.0000       realRep
 92.0000    4    2.000   1.0000     pseudoNov
 94.0000    3    2.000   1.0000     pseudoRep
 96.0000    0    2.000   1.0000          NULL 
 98.0000    3    2.000   1.0000     pseudoRep
100.0000    2    2.000   1.0000       realNov
102.0000    2    2.000   1.0000       realNov
104.0000    3    2.000   1.0000     pseudoRep
106.0000    1    2.000   1.0000       realRep
108.0000    4    2.000   1.0000     pseudoNov
110.0000    1    2.000   1.0000       realRep
112.0000    3    2.000   1.0000     pseudoRep
114.0000    2    2.000   1.0000       realNov
116.0000    3    2.000   1.0000     pseudoRep
118.0000    3    2.000   1.0000     pseudoRep
120.0000    0    4.000   1.0000          NULL 
124.0000    2    2.000   1.0000       realNov
126.0000    3    2.000   1.0000     pseudoRep
128.0000    4    2.000   1.0000     pseudoNov
130.0000    4    2.000   1.0000     pseudoNov
132.0000    4    2.000   1.0000     pseudoNov
134.0000    0    2.000   1.0000          NULL 
136.0000    1    2.000   1.0000       realRep
138.0000    4    2.000   1.0000     pseudoNov
140.0000    4    2.000   1.0000     pseudoNov
142.0000    4    2.000   1.0000     pseudoNov
144.0000    0    4.000   1.0000          NULL 
148.0000    3    2.000   1.0000     pseudoRep
150.0000    1    2.000   1.0000       realRep
152.0000    2    2.000   1.0000       realNov
154.0000    4    2.000   1.0000     pseudoNov
156.0000    0    4.000   1.0000          NULL 
160.0000    2    2.000   1.0000       realNov
162.0000    1    2.000   1.0000       realRep
164.0000    4    2.000   1.0000     pseudoNov
166.0000    3    2.000   1.0000     pseudoRep
168.0000    1    2.000   1.0000       realRep
170.0000    4    2.000   1.0000     pseudoNov
172.0000    4    2.000   1.0000     pseudoNov
174.0000    0    2.000   1.0000          NULL 
176.0000    1    2.000   1.0000       realRep
178.0000    4    2.000   1.0000     pseudoNov
180.0000    0    4.000   1.0000          NULL 
184.0000    1    2.000   1.0000       realRep
186.0000    2    2.000   1.0000       realNov
188.0000    3    2.000   1.0000     pseudoRep
190.0000    3    2.000   1.0000     pseudoRep
192.0000    3    2.000   1.0000     pseudoRep
194.0000    4    2.000   1.0000     pseudoNov
196.0000    3    2.000   1.0000     pseudoRep
198.0000    4    2.000   1.0000     pseudoNov
200.0000    4    2.000   1.0000     pseudoNov
202.0000    0    4.000   1.0000          NULL 
206.0000    3    2.000   1.0000     pseudoRep
208.0000    4    2.000   1.0000     pseudoNov
210.0000    1    2.000   1.0000       realRep
212.0000    3    2.000   1.0000     pseudoRep
214.0000    0    2.000   1.0000          NULL 
216.0000    3    2.000   1.0000     pseudoRep
218.0000    3    2.000   1.0000     pseudoRep
220.0000    3    2.000   1.0000     pseudoRep
222.0000    4    2.000   1.0000     pseudoNov
224.0000    0    2.000   1.0000          NULL 
226.0000    2    2.000   1.0000       realNov
228.0000    2    2.000   1.0000       realNov
230.0000    2    2.000   1.0000       realNov
232.0000    0    2.000   1.0000          NULL 
234.0000    2    2.000   1.0000       realNov
236.0000    1    2.000   1.0000       realRep
238.0000    3    2.000   1.0000     pseudoRep
240.0000    2    2.000   1.0000       realNov
242.0000    4    2.000   1.0000     pseudoNov
244.0000    2    2.000   1.0000       realNov
246.0000    3    2.000   1.0000     pseudoRep
248.0000    0    2.000   1.0000          NULL 
250.0000    3    2.000   1.0000     pseudoRep
252.0000    2    2.000   1.0000       realNov
254.0000    3    2.000   1.0000     pseudoRep
256.0000    2    2.000   1.0000       realNov
258.0000    2    2.000   1.0000       realNov
260.0000    1    2.000   1.0000       realRep
262.0000    0    2.000   1.0000          NULL 
264.0000    2    2.000   1.0000       realNov
266.0000    1    2.000   1.0000       realRep
268.0000    0    2.000   1.0000          NULL 
270.0000    1    2.000   1.0000       realRep
272.0000    1    2.000   1.0000       realRep
274.0000    2    2.000   1.0000       realNov
276.0000    0    2.000   1.0000          NULL 
278.0000    1    2.000   1.0000       realRep
280.0000    3    2.000   1.0000     pseudoRep
282.0000    2    2.000   1.0000       realNov
284.0000    0    2.000   1.0000          NULL 
286.0000    3    2.000   1.0000     pseudoRep
288.0000    3    2.000   1.0000     pseudoRep
290.0000    1    2.000   1.0000       realRep
292.0000    2    2.000   1.0000       realNov
294.0000    0    2.000   1.0000          NULL 
296.0000    2    2.000   1.0000       realNov
298.0000    4    2.000   1.0000     pseudoNov
300.0000    4    2.000   1.0000     pseudoNov
302.0000    0    2.000   1.0000          NULL 
304.0000    2    2.000   1.0000       realNov
306.0000    1    2.000   1.0000       realRep
308.0000    1    2.000   1.0000       realRep
310.0000    0    2.000   1.0000          NULL 
312.0000    3    2.000   1.0000     pseudoRep
314.0000    0    2.000   1.0000          NULL 
316.0000    4    2.000   1.0000     pseudoNov
318.0000    4    2.000   1.0000     pseudoNov
320.0000    0    2.000   1.0000          NULL 
322.0000    4    2.000   1.0000     pseudoNov
324.0000    2    2.000   1.0000       realNov
326.0000    4    2.000   1.0000     pseudoNov
328.0000    4    2.000   1.0000     pseudoNov
330.0000    3    2.000   1.0000     pseudoRep
332.0000    1    2.000   1.0000       realRep
334.0000    0    2.000   1.0000          NULL 
336.0000    3    2.000   1.0000     pseudoRep
338.0000    4    2.000   1.0000     pseudoNov
340.0000    2    2.000   1.0000       realNov
342.0000    3    2.000   1.0000     pseudoRep
344.0000    4    2.000   1.0000     pseudoNov
346.0000    1    2.000   1.0000       realRep
348.0000    1    2.000   1.0000       realRep
350.0000    2    2.000   1.0000       realNov
352.0000    0    2.000   1.0000          NULL 
354.0000    4    2.000   1.0000     pseudoNov
356.0000    2    2.000   1.0000       realNov
358.0000    1    2.000   1.0000       realRep
360.0000    2    2.000   1.0000       realNov
362.0000    1    2.000   1.0000       realRep
364.0000    2    2.000   1.0000       realNov
366.0000    0    2.000   1.0000          NULL 
368.0000    4    2.000   1.0000     pseudoNov
370.0000    2    2.000   1.0000       realNov
372.0000    0    2.000   1.0000          NULL 
374.0000    2    2.000   1.0000       realNov
376.0000    3    2.000   1.0000     pseudoRep
378.0000    3    2.000   1.0000     pseudoRep
380.0000    4    2.000   1.0000     pseudoNov
382.0000    0    2.000   1.0000          NULL 
384.0000    4    2.000   1.0000     pseudoNov
386.0000    1    2.000   1.0000       realRep
388.0000    2    2.000   1.0000       realNov
390.0000    1    2.000   1.0000       realRep
392.0000    2    2.000   1.0000       realNov
394.0000    3    2.000   1.0000     pseudoRep
396.0000    2    2.000   1.0000       realNov
398.0000    4    2.000   1.0000     pseudoNov
