  0.0000    1    2.000   1.0000       realRep
  2.0000    3    2.000   1.0000     pseudoRep
  4.0000    4    2.000   1.0000     pseudoNov
  6.0000    1    2.000   1.0000       realRep
  8.0000    4    2.000   1.0000     pseudoNov
 10.0000    0    2.000   1.0000          NULL 
 12.0000    2    2.000   1.0000       realNov
 14.0000    2    2.000   1.0000       realNov
 16.0000    2    2.000   1.0000       realNov
 18.0000    0    2.000   1.0000          NULL 
 20.0000    2    2.000   1.0000       realNov
 22.0000    3    2.000   1.0000     pseudoRep
 24.0000    2    2.000   1.0000       realNov
 26.0000    0    2.000   1.0000          NULL 
 28.0000    4    2.000   1.0000     pseudoNov
 30.0000    3    2.000   1.0000     pseudoRep
 32.0000    3    2.000   1.0000     pseudoRep
 34.0000    2    2.000   1.0000       realNov
 36.0000    0    2.000   1.0000          NULL 
 38.0000    2    2.000   1.0000       realNov
 40.0000    1    2.000   1.0000       realRep
 42.0000    3    2.000   1.0000     pseudoRep
 44.0000    3    2.000   1.0000     pseudoRep
 46.0000    2    2.000   1.0000       realNov
 48.0000    2    2.000   1.0000       realNov
 50.0000    2    2.000   1.0000       realNov
 52.0000    0    4.000   1.0000          NULL 
 56.0000    3    2.000   1.0000     pseudoRep
 58.0000    4    2.000   1.0000     pseudoNov
 60.0000    1    2.000   1.0000       realRep
 62.0000    2    2.000   1.0000       realNov
 64.0000    2    2.000   1.0000       realNov
 66.0000    1    2.000   1.0000       realRep
 68.0000    3    2.000   1.0000     pseudoRep
 70.0000    1    2.000   1.0000       realRep
 72.0000    4    2.000   1.0000     pseudoNov
 74.0000    3    2.000   1.0000     pseudoRep
 76.0000    4    2.000   1.0000     pseudoNov
 78.0000    4    2.000   1.0000     pseudoNov
 80.0000    2    2.000   1.0000       realNov
 82.0000    1    2.000   1.0000       realRep
 84.0000    0    2.000   1.0000          NULL 
 86.0000    3    2.000   1.0000     pseudoRep
 88.0000    1    2.000   1.0000       realRep
 90.0000    2    2.000   1.0000       realNov
 92.0000    4    2.000   1.0000     pseudoNov
 94.0000    1    2.000   1.0000       realRep
 96.0000    2    2.000   1.0000       realNov
 98.0000    3    2.000   1.0000     pseudoRep
100.0000    3    2.000   1.0000     pseudoRep
102.0000    4    2.000   1.0000     pseudoNov
104.0000    0    2.000   1.0000          NULL 
106.0000    2    2.000   1.0000       realNov
108.0000    1    2.000   1.0000       realRep
110.0000    4    2.000   1.0000     pseudoNov
112.0000    1    2.000   1.0000       realRep
114.0000    1    2.000   1.0000       realRep
116.0000    0    2.000   1.0000          NULL 
118.0000    1    2.000   1.0000       realRep
120.0000    2    2.000   1.0000       realNov
122.0000    0    4.000   1.0000          NULL 
126.0000    3    2.000   1.0000     pseudoRep
128.0000    1    2.000   1.0000       realRep
130.0000    1    2.000   1.0000       realRep
132.0000    1    2.000   1.0000       realRep
134.0000    2    2.000   1.0000       realNov
136.0000    3    2.000   1.0000     pseudoRep
138.0000    0    2.000   1.0000          NULL 
140.0000    3    2.000   1.0000     pseudoRep
142.0000    3    2.000   1.0000     pseudoRep
144.0000    1    2.000   1.0000       realRep
146.0000    3    2.000   1.0000     pseudoRep
148.0000    0    2.000   1.0000          NULL 
150.0000    1    2.000   1.0000       realRep
152.0000    4    2.000   1.0000     pseudoNov
154.0000    2    2.000   1.0000       realNov
156.0000    0    2.000   1.0000          NULL 
158.0000    3    2.000   1.0000     pseudoRep
160.0000    0    2.000   1.0000          NULL 
162.0000    1    2.000   1.0000       realRep
164.0000    4    2.000   1.0000     pseudoNov
166.0000    3    2.000   1.0000     pseudoRep
168.0000    0    2.000   1.0000          NULL 
170.0000    1    2.000   1.0000       realRep
172.0000    0    2.000   1.0000          NULL 
174.0000    4    2.000   1.0000     pseudoNov
176.0000    4    2.000   1.0000     pseudoNov
178.0000    4    2.000   1.0000     pseudoNov
180.0000    1    2.000   1.0000       realRep
182.0000    3    2.000   1.0000     pseudoRep
184.0000    4    2.000   1.0000     pseudoNov
186.0000    2    2.000   1.0000       realNov
188.0000    0    2.000   1.0000          NULL 
190.0000    2    2.000   1.0000       realNov
192.0000    3    2.000   1.0000     pseudoRep
194.0000    3    2.000   1.0000     pseudoRep
196.0000    3    2.000   1.0000     pseudoRep
198.0000    4    2.000   1.0000     pseudoNov
200.0000    1    2.000   1.0000       realRep
202.0000    4    2.000   1.0000     pseudoNov
204.0000    1    2.000   1.0000       realRep
206.0000    0    4.000   1.0000          NULL 
210.0000    4    2.000   1.0000     pseudoNov
212.0000    1    2.000   1.0000       realRep
214.0000    3    2.000   1.0000     pseudoRep
216.0000    2    2.000   1.0000       realNov
218.0000    3    2.000   1.0000     pseudoRep
220.0000    3    2.000   1.0000     pseudoRep
222.0000    0    2.000   1.0000          NULL 
224.0000    2    2.000   1.0000       realNov
226.0000    4    2.000   1.0000     pseudoNov
228.0000    3    2.000   1.0000     pseudoRep
230.0000    4    2.000   1.0000     pseudoNov
232.0000    4    2.000   1.0000     pseudoNov
234.0000    2    2.000   1.0000       realNov
236.0000    2    2.000   1.0000       realNov
238.0000    2    2.000   1.0000       realNov
240.0000    2    2.000   1.0000       realNov
242.0000    0    4.000   1.0000          NULL 
246.0000    4    2.000   1.0000     pseudoNov
248.0000    0    2.000   1.0000          NULL 
250.0000    4    2.000   1.0000     pseudoNov
252.0000    3    2.000   1.0000     pseudoRep
254.0000    0    2.000   1.0000          NULL 
256.0000    1    2.000   1.0000       realRep
258.0000    2    2.000   1.0000       realNov
260.0000    3    2.000   1.0000     pseudoRep
262.0000    0    2.000   1.0000          NULL 
264.0000    3    2.000   1.0000     pseudoRep
266.0000    4    2.000   1.0000     pseudoNov
268.0000    0    4.000   1.0000          NULL 
272.0000    2    2.000   1.0000       realNov
274.0000    4    2.000   1.0000     pseudoNov
276.0000    4    2.000   1.0000     pseudoNov
278.0000    4    2.000   1.0000     pseudoNov
280.0000    3    2.000   1.0000     pseudoRep
282.0000    0    2.000   1.0000          NULL 
284.0000    2    2.000   1.0000       realNov
286.0000    1    2.000   1.0000       realRep
288.0000    2    2.000   1.0000       realNov
290.0000    1    2.000   1.0000       realRep
292.0000    2    2.000   1.0000       realNov
294.0000    2    2.000   1.0000       realNov
296.0000    3    2.000   1.0000     pseudoRep
298.0000    4    2.000   1.0000     pseudoNov
300.0000    1    2.000   1.0000       realRep
302.0000    1    2.000   1.0000       realRep
304.0000    0    4.000   1.0000          NULL 
308.0000    1    2.000   1.0000       realRep
310.0000    0    2.000   1.0000          NULL 
312.0000    2    2.000   1.0000       realNov
314.0000    2    2.000   1.0000       realNov
316.0000    0    2.000   1.0000          NULL 
318.0000    4    2.000   1.0000     pseudoNov
320.0000    4    2.000   1.0000     pseudoNov
322.0000    0    2.000   1.0000          NULL 
324.0000    1    2.000   1.0000       realRep
326.0000    4    2.000   1.0000     pseudoNov
328.0000    4    2.000   1.0000     pseudoNov
330.0000    2    2.000   1.0000       realNov
332.0000    1    2.000   1.0000       realRep
334.0000    0    2.000   1.0000          NULL 
336.0000    3    2.000   1.0000     pseudoRep
338.0000    4    2.000   1.0000     pseudoNov
340.0000    2    2.000   1.0000       realNov
342.0000    1    2.000   1.0000       realRep
344.0000    3    2.000   1.0000     pseudoRep
346.0000    3    2.000   1.0000     pseudoRep
348.0000    0    2.000   1.0000          NULL 
350.0000    3    2.000   1.0000     pseudoRep
352.0000    1    2.000   1.0000       realRep
354.0000    4    2.000   1.0000     pseudoNov
356.0000    3    2.000   1.0000     pseudoRep
358.0000    4    2.000   1.0000     pseudoNov
360.0000    2    2.000   1.0000       realNov
362.0000    3    2.000   1.0000     pseudoRep
364.0000    0    2.000   1.0000          NULL 
366.0000    1    2.000   1.0000       realRep
368.0000    0    2.000   1.0000          NULL 
370.0000    1    2.000   1.0000       realRep
372.0000    1    2.000   1.0000       realRep
374.0000    4    2.000   1.0000     pseudoNov
376.0000    4    2.000   1.0000     pseudoNov
378.0000    2    2.000   1.0000       realNov
380.0000    4    2.000   1.0000     pseudoNov
382.0000    0    2.000   1.0000          NULL 
384.0000    1    2.000   1.0000       realRep
386.0000    1    2.000   1.0000       realRep
388.0000    4    2.000   1.0000     pseudoNov
390.0000    1    2.000   1.0000       realRep
392.0000    0    2.000   1.0000          NULL 
394.0000    3    2.000   1.0000     pseudoRep
396.0000    3    2.000   1.0000     pseudoRep
398.0000    2    2.000   1.0000       realNov
