  0.0000    4    2.000   1.0000     pseudoNov
  2.0000    3    2.000   1.0000     pseudoRep
  4.0000    2    2.000   1.0000       realNov
  6.0000    4    2.000   1.0000     pseudoNov
  8.0000    1    2.000   1.0000       realRep
 10.0000    2    2.000   1.0000       realNov
 12.0000    3    2.000   1.0000     pseudoRep
 14.0000    1    2.000   1.0000       realRep
 16.0000    3    2.000   1.0000     pseudoRep
 18.0000    0    2.000   1.0000          NULL 
 20.0000    2    2.000   1.0000       realNov
 22.0000    2    2.000   1.0000       realNov
 24.0000    1    2.000   1.0000       realRep
 26.0000    3    2.000   1.0000     pseudoRep
 28.0000    1    2.000   1.0000       realRep
 30.0000    0    2.000   1.0000          NULL 
 32.0000    1    2.000   1.0000       realRep
 34.0000    3    2.000   1.0000     pseudoRep
 36.0000    1    2.000   1.0000       realRep
 38.0000    1    2.000   1.0000       realRep
 40.0000    0    2.000   1.0000          NULL 
 42.0000    3    2.000   1.0000     pseudoRep
 44.0000    3    2.000   1.0000     pseudoRep
 46.0000    4    2.000   1.0000     pseudoNov
 48.0000    1    2.000   1.0000       realRep
 50.0000    4    2.000   1.0000     pseudoNov
 52.0000    1    2.000   1.0000       realRep
 54.0000    1    2.000   1.0000       realRep
 56.0000    1    2.000   1.0000       realRep
 58.0000    1    2.000   1.0000       realRep
 60.0000    0    4.000   1.0000          NULL 
 64.0000    1    2.000   1.0000       realRep
 66.0000    4    2.000   1.0000     pseudoNov
 68.0000    4    2.000   1.0000     pseudoNov
 70.0000    3    2.000   1.0000     pseudoRep
 72.0000    1    2.000   1.0000       realRep
 74.0000    1    2.000   1.0000       realRep
 76.0000    0    2.000   1.0000          NULL 
 78.0000    2    2.000   1.0000       realNov
 80.0000    4    2.000   1.0000     pseudoNov
 82.0000    2    2.000   1.0000       realNov
 84.0000    4    2.000   1.0000     pseudoNov
 86.0000    2    2.000   1.0000       realNov
 88.0000    0    2.000   1.0000          NULL 
 90.0000    1    2.000   1.0000       realRep
 92.0000    1    2.000   1.0000       realRep
 94.0000    1    2.000   1.0000       realRep
 96.0000    2    2.000   1.0000       realNov
 98.0000    0    2.000   1.0000          NULL 
100.0000    4    2.000   1.0000     pseudoNov
102.0000    2    2.000   1.0000       realNov
104.0000    4    2.000   1.0000     pseudoNov
106.0000    2    2.000   1.0000       realNov
108.0000    0    2.000   1.0000          NULL 
110.0000    3    2.000   1.0000     pseudoRep
112.0000    4    2.000   1.0000     pseudoNov
114.0000    4    2.000   1.0000     pseudoNov
116.0000    4    2.000   1.0000     pseudoNov
118.0000    4    2.000   1.0000     pseudoNov
120.0000    3    2.000   1.0000     pseudoRep
122.0000    4    2.000   1.0000     pseudoNov
124.0000    2    2.000   1.0000       realNov
126.0000    1    2.000   1.0000       realRep
128.0000    2    2.000   1.0000       realNov
130.0000    1    2.000   1.0000       realRep
132.0000    0    6.000   1.0000          NULL 
138.0000    4    2.000   1.0000     pseudoNov
140.0000    2    2.000   1.0000       realNov
142.0000    2    2.000   1.0000       realNov
144.0000    2    2.000   1.0000       realNov
146.0000    4    2.000   1.0000     pseudoNov
148.0000    1    2.000   1.0000       realRep
150.0000    0    4.000   1.0000          NULL 
154.0000    4    2.000   1.0000     pseudoNov
156.0000    2    2.000   1.0000       realNov
158.0000    3    2.000   1.0000     pseudoRep
160.0000    0    6.000   1.0000          NULL 
166.0000    2    2.000   1.0000       realNov
168.0000    4    2.000   1.0000     pseudoNov
170.0000    1    2.000   1.0000       realRep
172.0000    2    2.000   1.0000       realNov
174.0000    3    2.000   1.0000     pseudoRep
176.0000    0    2.000   1.0000          NULL 
178.0000    1    2.000   1.0000       realRep
180.0000    3    2.000   1.0000     pseudoRep
182.0000    3    2.000   1.0000     pseudoRep
184.0000    0    2.000   1.0000          NULL 
186.0000    3    2.000   1.0000     pseudoRep
188.0000    1    2.000   1.0000       realRep
190.0000    3    2.000   1.0000     pseudoRep
192.0000    2    2.000   1.0000       realNov
194.0000    0    4.000   1.0000          NULL 
198.0000    3    2.000   1.0000     pseudoRep
200.0000    2    2.000   1.0000       realNov
202.0000    1    2.000   1.0000       realRep
204.0000    3    2.000   1.0000     pseudoRep
206.0000    4    2.000   1.0000     pseudoNov
208.0000    1    2.000   1.0000       realRep
210.0000    2    2.000   1.0000       realNov
212.0000    3    2.000   1.0000     pseudoRep
214.0000    0    2.000   1.0000          NULL 
216.0000    2    2.000   1.0000       realNov
218.0000    0    2.000   1.0000          NULL 
220.0000    3    2.000   1.0000     pseudoRep
222.0000    3    2.000   1.0000     pseudoRep
224.0000    1    2.000   1.0000       realRep
226.0000    2    2.000   1.0000       realNov
228.0000    4    2.000   1.0000     pseudoNov
230.0000    4    2.000   1.0000     pseudoNov
232.0000    4    2.000   1.0000     pseudoNov
234.0000    0    2.000   1.0000          NULL 
236.0000    4    2.000   1.0000     pseudoNov
238.0000    0    2.000   1.0000          NULL 
240.0000    3    2.000   1.0000     pseudoRep
242.0000    4    2.000   1.0000     pseudoNov
244.0000    3    2.000   1.0000     pseudoRep
246.0000    3    2.000   1.0000     pseudoRep
248.0000    3    2.000   1.0000     pseudoRep
250.0000    3    2.000   1.0000     pseudoRep
252.0000    1    2.000   1.0000       realRep
254.0000    2    2.000   1.0000       realNov
256.0000    4    2.000   1.0000     pseudoNov
258.0000    4    2.000   1.0000     pseudoNov
260.0000    0    2.000   1.0000          NULL 
262.0000    1    2.000   1.0000       realRep
264.0000    0    2.000   1.0000          NULL 
266.0000    4    2.000   1.0000     pseudoNov
268.0000    3    2.000   1.0000     pseudoRep
270.0000    4    2.000   1.0000     pseudoNov
272.0000    0    4.000   1.0000          NULL 
276.0000    1    2.000   1.0000       realRep
278.0000    2    2.000   1.0000       realNov
280.0000    0    2.000   1.0000          NULL 
282.0000    4    2.000   1.0000     pseudoNov
284.0000    2    2.000   1.0000       realNov
286.0000    3    2.000   1.0000     pseudoRep
288.0000    1    2.000   1.0000       realRep
290.0000    3    2.000   1.0000     pseudoRep
292.0000    2    2.000   1.0000       realNov
294.0000    0    2.000   1.0000          NULL 
296.0000    2    2.000   1.0000       realNov
298.0000    0    2.000   1.0000          NULL 
300.0000    4    2.000   1.0000     pseudoNov
302.0000    2    2.000   1.0000       realNov
304.0000    1    2.000   1.0000       realRep
306.0000    1    2.000   1.0000       realRep
308.0000    4    2.000   1.0000     pseudoNov
310.0000    2    2.000   1.0000       realNov
312.0000    1    2.000   1.0000       realRep
314.0000    1    2.000   1.0000       realRep
316.0000    2    2.000   1.0000       realNov
318.0000    1    2.000   1.0000       realRep
320.0000    3    2.000   1.0000     pseudoRep
322.0000    0    2.000   1.0000          NULL 
324.0000    2    2.000   1.0000       realNov
326.0000    3    2.000   1.0000     pseudoRep
328.0000    0    2.000   1.0000          NULL 
330.0000    3    2.000   1.0000     pseudoRep
332.0000    0    2.000   1.0000          NULL 
334.0000    3    2.000   1.0000     pseudoRep
336.0000    2    2.000   1.0000       realNov
338.0000    2    2.000   1.0000       realNov
340.0000    3    2.000   1.0000     pseudoRep
342.0000    3    2.000   1.0000     pseudoRep
344.0000    0    2.000   1.0000          NULL 
346.0000    4    2.000   1.0000     pseudoNov
348.0000    0    2.000   1.0000          NULL 
350.0000    2    2.000   1.0000       realNov
352.0000    1    2.000   1.0000       realRep
354.0000    4    2.000   1.0000     pseudoNov
356.0000    4    2.000   1.0000     pseudoNov
358.0000    2    2.000   1.0000       realNov
360.0000    1    2.000   1.0000       realRep
362.0000    4    2.000   1.0000     pseudoNov
364.0000    2    2.000   1.0000       realNov
366.0000    4    2.000   1.0000     pseudoNov
368.0000    1    2.000   1.0000       realRep
370.0000    0    2.000   1.0000          NULL 
372.0000    3    2.000   1.0000     pseudoRep
374.0000    1    2.000   1.0000       realRep
376.0000    3    2.000   1.0000     pseudoRep
378.0000    4    2.000   1.0000     pseudoNov
380.0000    3    2.000   1.0000     pseudoRep
382.0000    0    2.000   1.0000          NULL 
384.0000    3    2.000   1.0000     pseudoRep
386.0000    2    2.000   1.0000       realNov
388.0000    0    2.000   1.0000          NULL 
390.0000    3    2.000   1.0000     pseudoRep
392.0000    2    2.000   1.0000       realNov
394.0000    4    2.000   1.0000     pseudoNov
396.0000    4    2.000   1.0000     pseudoNov
398.0000    2    2.000   1.0000       realNov
