  0.0000    3    2.000   1.0000     pseudoRep
  2.0000    1    2.000   1.0000       realRep
  4.0000    2    2.000   1.0000       realNov
  6.0000    1    2.000   1.0000       realRep
  8.0000    3    2.000   1.0000     pseudoRep
 10.0000    4    2.000   1.0000     pseudoNov
 12.0000    4    2.000   1.0000     pseudoNov
 14.0000    0    2.000   1.0000          NULL 
 16.0000    2    2.000   1.0000       realNov
 18.0000    2    2.000   1.0000       realNov
 20.0000    1    2.000   1.0000       realRep
 22.0000    1    2.000   1.0000       realRep
 24.0000    4    2.000   1.0000     pseudoNov
 26.0000    0    2.000   1.0000          NULL 
 28.0000    4    2.000   1.0000     pseudoNov
 30.0000    2    2.000   1.0000       realNov
 32.0000    3    2.000   1.0000     pseudoRep
 34.0000    0    2.000   1.0000          NULL 
 36.0000    1    2.000   1.0000       realRep
 38.0000    1    2.000   1.0000       realRep
 40.0000    1    2.000   1.0000       realRep
 42.0000    2    2.000   1.0000       realNov
 44.0000    1    2.000   1.0000       realRep
 46.0000    3    2.000   1.0000     pseudoRep
 48.0000    1    2.000   1.0000       realRep
 50.0000    2    2.000   1.0000       realNov
 52.0000    3    2.000   1.0000     pseudoRep
 54.0000    4    2.000   1.0000     pseudoNov
 56.0000    3    2.000   1.0000     pseudoRep
 58.0000    0    2.000   1.0000          NULL 
 60.0000    1    2.000   1.0000       realRep
 62.0000    2    2.000   1.0000       realNov
 64.0000    3    2.000   1.0000     pseudoRep
 66.0000    0    2.000   1.0000          NULL 
 68.0000    3    2.000   1.0000     pseudoRep
 70.0000    3    2.000   1.0000     pseudoRep
 72.0000    4    2.000   1.0000     pseudoNov
 74.0000    3    2.000   1.0000     pseudoRep
 76.0000    1    2.000   1.0000       realRep
 78.0000    0    4.000   1.0000          NULL 
 82.0000    1    2.000   1.0000       realRep
 84.0000    1    2.000   1.0000       realRep
 86.0000    3    2.000   1.0000     pseudoRep
 88.0000    1    2.000   1.0000       realRep
 90.0000    3    2.000   1.0000     pseudoRep
 92.0000    1    2.000   1.0000       realRep
 94.0000    2    2.000   1.0000       realNov
 96.0000    1    2.000   1.0000       realRep
 98.0000    2    2.000   1.0000       realNov
100.0000    4    2.000   1.0000     pseudoNov
102.0000    2    2.000   1.0000       realNov
104.0000    4    2.000   1.0000     pseudoNov
106.0000    2    2.000   1.0000       realNov
108.0000    2    2.000   1.0000       realNov
110.0000    2    2.000   1.0000       realNov
112.0000    3    2.000   1.0000     pseudoRep
114.0000    4    2.000   1.0000     pseudoNov
116.0000    4    2.000   1.0000     pseudoNov
118.0000    1    2.000   1.0000       realRep
120.0000    4    2.000   1.0000     pseudoNov
122.0000    2    2.000   1.0000       realNov
124.0000    0    2.000   1.0000          NULL 
126.0000    4    2.000   1.0000     pseudoNov
128.0000    3    2.000   1.0000     pseudoRep
130.0000    0    2.000   1.0000          NULL 
132.0000    1    2.000   1.0000       realRep
134.0000    4    2.000   1.0000     pseudoNov
136.0000    1    2.000   1.0000       realRep
138.0000    4    2.000   1.0000     pseudoNov
140.0000    3    2.000   1.0000     pseudoRep
142.0000    4    2.000   1.0000     pseudoNov
144.0000    2    2.000   1.0000       realNov
146.0000    2    2.000   1.0000       realNov
148.0000    4    2.000   1.0000     pseudoNov
150.0000    0    4.000   1.0000          NULL 
154.0000    2    2.000   1.0000       realNov
156.0000    0    2.000   1.0000          NULL 
158.0000    2    2.000   1.0000       realNov
160.0000    1    2.000   1.0000       realRep
162.0000    3    2.000   1.0000     pseudoRep
164.0000    3    2.000   1.0000     pseudoRep
166.0000    0    2.000   1.0000          NULL 
168.0000    1    2.000   1.0000       realRep
170.0000    4    2.000   1.0000     pseudoNov
172.0000    4    2.000   1.0000     pseudoNov
174.0000    4    2.000   1.0000     pseudoNov
176.0000    0    2.000   1.0000          NULL 
178.0000    3    2.000   1.0000     pseudoRep
180.0000    0    2.000   1.0000          NULL 
182.0000    1    2.000   1.0000       realRep
184.0000    4    2.000   1.0000     pseudoNov
186.0000    2    2.000   1.0000       realNov
188.0000    1    2.000   1.0000       realRep
190.0000    0    2.000   1.0000          NULL 
192.0000    2    2.000   1.0000       realNov
194.0000    4    2.000   1.0000     pseudoNov
196.0000    4    2.000   1.0000     pseudoNov
198.0000    2    2.000   1.0000       realNov
200.0000    4    2.000   1.0000     pseudoNov
202.0000    1    2.000   1.0000       realRep
204.0000    1    2.000   1.0000       realRep
206.0000    2    2.000   1.0000       realNov
208.0000    0    2.000   1.0000          NULL 
210.0000    1    2.000   1.0000       realRep
212.0000    2    2.000   1.0000       realNov
214.0000    2    2.000   1.0000       realNov
216.0000    0    2.000   1.0000          NULL 
218.0000    1    2.000   1.0000       realRep
220.0000    4    2.000   1.0000     pseudoNov
222.0000    3    2.000   1.0000     pseudoRep
224.0000    4    2.000   1.0000     pseudoNov
226.0000    0    2.000   1.0000          NULL 
228.0000    4    2.000   1.0000     pseudoNov
230.0000    3    2.000   1.0000     pseudoRep
232.0000    0    2.000   1.0000          NULL 
234.0000    3    2.000   1.0000     pseudoRep
236.0000    4    2.000   1.0000     pseudoNov
238.0000    0    2.000   1.0000          NULL 
240.0000    3    2.000   1.0000     pseudoRep
242.0000    4    2.000   1.0000     pseudoNov
244.0000    3    2.000   1.0000     pseudoRep
246.0000    0    4.000   1.0000          NULL 
250.0000    2    2.000   1.0000       realNov
252.0000    3    2.000   1.0000     pseudoRep
254.0000    1    2.000   1.0000       realRep
256.0000    2    2.000   1.0000       realNov
258.0000    0    2.000   1.0000          NULL 
260.0000    3    2.000   1.0000     pseudoRep
262.0000    3    2.000   1.0000     pseudoRep
264.0000    2    2.000   1.0000       realNov
266.0000    2    2.000   1.0000       realNov
268.0000    0    4.000   1.0000          NULL 
272.0000    1    2.000   1.0000       realRep
274.0000    3    2.000   1.0000     pseudoRep
276.0000    3    2.000   1.0000     pseudoRep
278.0000    1    2.000   1.0000       realRep
280.0000    2    2.000   1.0000       realNov
282.0000    4    2.000   1.0000     pseudoNov
284.0000    1    2.000   1.0000       realRep
286.0000    4    2.000   1.0000     pseudoNov
288.0000    3    2.000   1.0000     pseudoRep
290.0000    2    2.000   1.0000       realNov
292.0000    4    2.000   1.0000     pseudoNov
294.0000    3    2.000   1.0000     pseudoRep
296.0000    0    2.000   1.0000          NULL 
298.0000    1    2.000   1.0000       realRep
300.0000    4    2.000   1.0000     pseudoNov
302.0000    1    2.000   1.0000       realRep
304.0000    1    2.000   1.0000       realRep
306.0000    2    2.000   1.0000       realNov
308.0000    0    2.000   1.0000          NULL 
310.0000    4    2.000   1.0000     pseudoNov
312.0000    0    4.000   1.0000          NULL 
316.0000    3    2.000   1.0000     pseudoRep
318.0000    4    2.000   1.0000     pseudoNov
320.0000    2    2.000   1.0000       realNov
322.0000    0    2.000   1.0000          NULL 
324.0000    3    2.000   1.0000     pseudoRep
326.0000    2    2.000   1.0000       realNov
328.0000    4    2.000   1.0000     pseudoNov
330.0000    3    2.000   1.0000     pseudoRep
332.0000    1    2.000   1.0000       realRep
334.0000    0    2.000   1.0000          NULL 
336.0000    1    2.000   1.0000       realRep
338.0000    2    2.000   1.0000       realNov
340.0000    2    2.000   1.0000       realNov
342.0000    2    2.000   1.0000       realNov
344.0000    2    2.000   1.0000       realNov
346.0000    1    2.000   1.0000       realRep
348.0000    3    2.000   1.0000     pseudoRep
350.0000    4    2.000   1.0000     pseudoNov
352.0000    3    2.000   1.0000     pseudoRep
354.0000    3    2.000   1.0000     pseudoRep
356.0000    0    2.000   1.0000          NULL 
358.0000    3    2.000   1.0000     pseudoRep
360.0000    3    2.000   1.0000     pseudoRep
362.0000    1    2.000   1.0000       realRep
364.0000    0    6.000   1.0000          NULL 
370.0000    2    2.000   1.0000       realNov
372.0000    3    2.000   1.0000     pseudoRep
374.0000    4    2.000   1.0000     pseudoNov
376.0000    3    2.000   1.0000     pseudoRep
378.0000    2    2.000   1.0000       realNov
380.0000    1    2.000   1.0000       realRep
382.0000    0    4.000   1.0000          NULL 
386.0000    4    2.000   1.0000     pseudoNov
388.0000    0    2.000   1.0000          NULL 
390.0000    2    2.000   1.0000       realNov
392.0000    1    2.000   1.0000       realRep
394.0000    4    2.000   1.0000     pseudoNov
396.0000    0    2.000   1.0000          NULL 
398.0000    4    2.000   1.0000     pseudoNov
