  0.0000    1    2.000   1.0000       realRep
  2.0000    1    2.000   1.0000       realRep
  4.0000    2    2.000   1.0000       realNov
  6.0000    4    2.000   1.0000     pseudoNov
  8.0000    4    2.000   1.0000     pseudoNov
 10.0000    0    2.000   1.0000          NULL 
 12.0000    1    2.000   1.0000       realRep
 14.0000    4    2.000   1.0000     pseudoNov
 16.0000    4    2.000   1.0000     pseudoNov
 18.0000    1    2.000   1.0000       realRep
 20.0000    0    2.000   1.0000          NULL 
 22.0000    1    2.000   1.0000       realRep
 24.0000    1    2.000   1.0000       realRep
 26.0000    3    2.000   1.0000     pseudoRep
 28.0000    1    2.000   1.0000       realRep
 30.0000    2    2.000   1.0000       realNov
 32.0000    1    2.000   1.0000       realRep
 34.0000    4    2.000   1.0000     pseudoNov
 36.0000    1    2.000   1.0000       realRep
 38.0000    2    2.000   1.0000       realNov
 40.0000    3    2.000   1.0000     pseudoRep
 42.0000    0    4.000   1.0000          NULL 
 46.0000    2    2.000   1.0000       realNov
 48.0000    2    2.000   1.0000       realNov
 50.0000    3    2.000   1.0000     pseudoRep
 52.0000    1    2.000   1.0000       realRep
 54.0000    4    2.000   1.0000     pseudoNov
 56.0000    0    2.000   1.0000          NULL 
 58.0000    4    2.000   1.0000     pseudoNov
 60.0000    1    2.000   1.0000       realRep
 62.0000    0    2.000   1.0000          NULL 
 64.0000    2    2.000   1.0000       realNov
 66.0000    2    2.000   1.0000       realNov
 68.0000    1    2.000   1.0000       realRep
 70.0000    3    2.000   1.0000     pseudoRep
 72.0000    4    2.000   1.0000     pseudoNov
 74.0000    0    2.000   1.0000          NULL 
 76.0000    1    2.000   1.0000       realRep
 78.0000    2    2.000   1.0000       realNov
 80.0000    3    2.000   1.0000     pseudoRep
 82.0000    3    2.000   1.0000     pseudoRep
 84.0000    0    2.000   1.0000          NULL 
 86.0000    4    2.000   1.0000     pseudoNov
 88.0000    3    2.000   1.0000     pseudoRep
 90.0000    3    2.000   1.0000     pseudoRep
 92.0000    3    2.000   1.0000     pseudoRep
 94.0000    2    2.000   1.0000       realNov
 96.0000    2    2.000   1.0000       realNov
 98.0000    2    2.000   1.0000       realNov
100.0000    4    2.000   1.0000     pseudoNov
102.0000    3    2.000   1.0000     pseudoRep
104.0000    0    2.000   1.0000          NULL 
106.0000    4    2.000   1.0000     pseudoNov
108.0000    4    2.000   1.0000     pseudoNov
110.0000    3    2.000   1.0000     pseudoRep
112.0000    3    2.000   1.0000     pseudoRep
114.0000    3    2.000   1.0000     pseudoRep
116.0000    4    2.000   1.0000     pseudoNov
118.0000    0    2.000   1.0000          NULL 
120.0000    2    2.000   1.0000       realNov
122.0000    0    2.000   1.0000          NULL 
124.0000    2    2.000   1.0000       realNov
126.0000    0    4.000   1.0000          NULL 
130.0000    4    2.000   1.0000     pseudoNov
132.0000    4    2.000   1.0000     pseudoNov
134.0000    4    2.000   1.0000     pseudoNov
136.0000    4    2.000   1.0000     pseudoNov
138.0000    3    2.000   1.0000     pseudoRep
140.0000    1    2.000   1.0000       realRep
142.0000    1    2.000   1.0000       realRep
144.0000    2    2.000   1.0000       realNov
146.0000    0    2.000   1.0000          NULL 
148.0000    1    2.000   1.0000       realRep
150.0000    2    2.000   1.0000       realNov
152.0000    1    2.000   1.0000       realRep
154.0000    2    2.000   1.0000       realNov
156.0000    3    2.000   1.0000     pseudoRep
158.0000    1    2.000   1.0000       realRep
160.0000    0    2.000   1.0000          NULL 
162.0000    1    2.000   1.0000       realRep
164.0000    4    2.000   1.0000     pseudoNov
166.0000    2    2.000   1.0000       realNov
168.0000    2    2.000   1.0000       realNov
170.0000    3    2.000   1.0000     pseudoRep
172.0000    0    2.000   1.0000          NULL 
174.0000    2    2.000   1.0000       realNov
176.0000    3    2.000   1.0000     pseudoRep
178.0000    4    2.000   1.0000     pseudoNov
180.0000    2    2.000   1.0000       realNov
182.0000    0    4.000   1.0000          NULL 
186.0000    2    2.000   1.0000       realNov
188.0000    2    2.000   1.0000       realNov
190.0000    2    2.000   1.0000       realNov
192.0000    0    2.000   1.0000          NULL 
194.0000    4    2.000   1.0000     pseudoNov
196.0000    1    2.000   1.0000       realRep
198.0000    0    2.000   1.0000          NULL 
200.0000    1    2.000   1.0000       realRep
202.0000    1    2.000   1.0000       realRep
204.0000    0    2.000   1.0000          NULL 
206.0000    3    2.000   1.0000     pseudoRep
208.0000    2    2.000   1.0000       realNov
210.0000    4    2.000   1.0000     pseudoNov
212.0000    4    2.000   1.0000     pseudoNov
214.0000    3    2.000   1.0000     pseudoRep
216.0000    1    2.000   1.0000       realRep
218.0000    4    2.000   1.0000     pseudoNov
220.0000    3    2.000   1.0000     pseudoRep
222.0000    3    2.000   1.0000     pseudoRep
224.0000    0    2.000   1.0000          NULL 
226.0000    3    2.000   1.0000     pseudoRep
228.0000    0    2.000   1.0000          NULL 
230.0000    1    2.000   1.0000       realRep
232.0000    1    2.000   1.0000       realRep
234.0000    2    2.000   1.0000       realNov
236.0000    4    2.000   1.0000     pseudoNov
238.0000    3    2.000   1.0000     pseudoRep
240.0000    1    2.000   1.0000       realRep
242.0000    4    2.000   1.0000     pseudoNov
244.0000    2    2.000   1.0000       realNov
246.0000    3    2.000   1.0000     pseudoRep
248.0000    0    2.000   1.0000          NULL 
250.0000    4    2.000   1.0000     pseudoNov
252.0000    3    2.000   1.0000     pseudoRep
254.0000    2    2.000   1.0000       realNov
256.0000    3    2.000   1.0000     pseudoRep
258.0000    0    2.000   1.0000          NULL 
260.0000    3    2.000   1.0000     pseudoRep
262.0000    1    2.000   1.0000       realRep
264.0000    1    2.000   1.0000       realRep
266.0000    0    4.000   1.0000          NULL 
270.0000    3    2.000   1.0000     pseudoRep
272.0000    2    2.000   1.0000       realNov
274.0000    1    2.000   1.0000       realRep
276.0000    1    2.000   1.0000       realRep
278.0000    4    2.000   1.0000     pseudoNov
280.0000    2    2.000   1.0000       realNov
282.0000    2    2.000   1.0000       realNov
284.0000    4    2.000   1.0000     pseudoNov
286.0000    4    2.000   1.0000     pseudoNov
288.0000    2    2.000   1.0000       realNov
290.0000    0    2.000   1.0000          NULL 
292.0000    4    2.000   1.0000     pseudoNov
294.0000    0    2.000   1.0000          NULL 
296.0000    3    2.000   1.0000     pseudoRep
298.0000    1    2.000   1.0000       realRep
300.0000    1    2.000   1.0000       realRep
302.0000    3    2.000   1.0000     pseudoRep
304.0000    4    2.000   1.0000     pseudoNov
306.0000    0    2.000   1.0000          NULL 
308.0000    1    2.000   1.0000       realRep
310.0000    1    2.000   1.0000       realRep
312.0000    0    2.000   1.0000          NULL 
314.0000    4    2.000   1.0000     pseudoNov
316.0000    2    2.000   1.0000       realNov
318.0000    4    2.000   1.0000     pseudoNov
320.0000    4    2.000   1.0000     pseudoNov
322.0000    0    2.000   1.0000          NULL 
324.0000    2    2.000   1.0000       realNov
326.0000    0    2.000   1.0000          NULL 
328.0000    3    2.000   1.0000     pseudoRep
330.0000    1    2.000   1.0000       realRep
332.0000    0    4.000   1.0000          NULL 
336.0000    1    2.000   1.0000       realRep
338.0000    3    2.000   1.0000     pseudoRep
340.0000    3    2.000   1.0000     pseudoRep
342.0000    4    2.000   1.0000     pseudoNov
344.0000    4    2.000   1.0000     pseudoNov
346.0000    3    2.000   1.0000     pseudoRep
348.0000    3    2.000   1.0000     pseudoRep
350.0000    3    2.000   1.0000     pseudoRep
352.0000    2    2.000   1.0000       realNov
354.0000    0    2.000   1.0000          NULL 
356.0000    2    2.000   1.0000       realNov
358.0000    3    2.000   1.0000     pseudoRep
360.0000    4    2.000   1.0000     pseudoNov
362.0000    1    2.000   1.0000       realRep
364.0000    0    2.000   1.0000          NULL 
366.0000    3    2.000   1.0000     pseudoRep
368.0000    4    2.000   1.0000     pseudoNov
370.0000    0    2.000   1.0000          NULL 
372.0000    1    2.000   1.0000       realRep
374.0000    0    2.000   1.0000          NULL 
376.0000    4    2.000   1.0000     pseudoNov
378.0000    1    2.000   1.0000       realRep
380.0000    4    2.000   1.0000     pseudoNov
382.0000    2    2.000   1.0000       realNov
384.0000    3    2.000   1.0000     pseudoRep
386.0000    3    2.000   1.0000     pseudoRep
388.0000    0    2.000   1.0000          NULL 
390.0000    2    2.000   1.0000       realNov
392.0000    2    2.000   1.0000       realNov
394.0000    1    2.000   1.0000       realRep
396.0000    2    2.000   1.0000       realNov
398.0000    2    2.000   1.0000       realNov
