  0.0000    4    2.000   1.0000     pseudoNov
  2.0000    1    2.000   1.0000       realRep
  4.0000    2    2.000   1.0000       realNov
  6.0000    0    2.000   1.0000          NULL 
  8.0000    2    2.000   1.0000       realNov
 10.0000    3    2.000   1.0000     pseudoRep
 12.0000    1    2.000   1.0000       realRep
 14.0000    0    2.000   1.0000          NULL 
 16.0000    1    2.000   1.0000       realRep
 18.0000    3    2.000   1.0000     pseudoRep
 20.0000    3    2.000   1.0000     pseudoRep
 22.0000    1    2.000   1.0000       realRep
 24.0000    0    2.000   1.0000          NULL 
 26.0000    1    2.000   1.0000       realRep
 28.0000    3    2.000   1.0000     pseudoRep
 30.0000    4    2.000   1.0000     pseudoNov
 32.0000    0    2.000   1.0000          NULL 
 34.0000    4    2.000   1.0000     pseudoNov
 36.0000    3    2.000   1.0000     pseudoRep
 38.0000    0    2.000   1.0000          NULL 
 40.0000    2    2.000   1.0000       realNov
 42.0000    2    2.000   1.0000       realNov
 44.0000    3    2.000   1.0000     pseudoRep
 46.0000    1    2.000   1.0000       realRep
 48.0000    1    2.000   1.0000       realRep
 50.0000    1    2.000   1.0000       realRep
 52.0000    2    2.000   1.0000       realNov
 54.0000    1    2.000   1.0000       realRep
 56.0000    1    2.000   1.0000       realRep
 58.0000    2    2.000   1.0000       realNov
 60.0000    4    2.000   1.0000     pseudoNov
 62.0000    2    2.000   1.0000       realNov
 64.0000    1    2.000   1.0000       realRep
 66.0000    2    2.000   1.0000       realNov
 68.0000    2    2.000   1.0000       realNov
 70.0000    1    2.000   1.0000       realRep
 72.0000    1    2.000   1.0000       realRep
 74.0000    0    2.000   1.0000          NULL 
 76.0000    4    2.000   1.0000     pseudoNov
 78.0000    4    2.000   1.0000     pseudoNov
 80.0000    2    2.000   1.0000       realNov
 82.0000    1    2.000   1.0000       realRep
 84.0000    3    2.000   1.0000     pseudoRep
 86.0000    0    2.000   1.0000          NULL 
 88.0000    3    2.000   1.0000     pseudoRep
 90.0000    4    2.000   1.0000     pseudoNov
 92.0000    2    2.000   1.0000       realNov
 94.0000    4    2.000   1.0000     pseudoNov
 96.0000    1    2.000   1.0000       realRep
 98.0000    0    4.000   1.0000          NULL 
102.0000    3    2.000   1.0000     pseudoRep
104.0000    2    2.000   1.0000       realNov
106.0000    3    2.000   1.0000     pseudoRep
108.0000    3    2.000   1.0000     pseudoRep
110.0000    4    2.000   1.0000     pseudoNov
112.0000    0    2.000   1.0000          NULL 
114.0000    3    2.000   1.0000     pseudoRep
116.0000    0    2.000   1.0000          NULL 
118.0000    4    2.000   1.0000     pseudoNov
120.0000    2    2.000   1.0000       realNov
122.0000    0    2.000   1.0000          NULL 
124.0000    4    2.000   1.0000     pseudoNov
126.0000    4    2.000   1.0000     pseudoNov
128.0000    3    2.000   1.0000     pseudoRep
130.0000    0    2.000   1.0000          NULL 
132.0000    1    2.000   1.0000       realRep
134.0000    3    2.000   1.0000     pseudoRep
136.0000    1    2.000   1.0000       realRep
138.0000    0    2.000   1.0000          NULL 
140.0000    1    2.000   1.0000       realRep
142.0000    2    2.000   1.0000       realNov
144.0000    3    2.000   1.0000     pseudoRep
146.0000    0    2.000   1.0000          NULL 
148.0000    2    2.000   1.0000       realNov
150.0000    1    2.000   1.0000       realRep
152.0000    0    2.000   1.0000          NULL 
154.0000    1    2.000   1.0000       realRep
156.0000    0    2.000   1.0000          NULL 
158.0000    4    2.000   1.0000     pseudoNov
160.0000    3    2.000   1.0000     pseudoRep
162.0000    0    2.000   1.0000          NULL 
164.0000    3    2.000   1.0000     pseudoRep
166.0000    3    2.000   1.0000     pseudoRep
168.0000    0    4.000   1.0000          NULL 
172.0000    4    2.000   1.0000     pseudoNov
174.0000    3    2.000   1.0000     pseudoRep
176.0000    3    2.000   1.0000     pseudoRep
178.0000    4    2.000   1.0000     pseudoNov
180.0000    2    2.000   1.0000       realNov
182.0000    0    2.000   1.0000          NULL 
184.0000    2    2.000   1.0000       realNov
186.0000    2    2.000   1.0000       realNov
188.0000    2    2.000   1.0000       realNov
190.0000    0    2.000   1.0000          NULL 
192.0000    3    2.000   1.0000     pseudoRep
194.0000    1    2.000   1.0000       realRep
196.0000    4    2.000   1.0000     pseudoNov
198.0000    1    2.000   1.0000       realRep
200.0000    1    2.000   1.0000       realRep
202.0000    2    2.000   1.0000       realNov
204.0000    4    2.000   1.0000     pseudoNov
206.0000    1    2.000   1.0000       realRep
208.0000    1    2.000   1.0000       realRep
210.0000    4    2.000   1.0000     pseudoNov
212.0000    4    2.000   1.0000     pseudoNov
214.0000    3    2.000   1.0000     pseudoRep
216.0000    4    2.000   1.0000     pseudoNov
218.0000    0    2.000   1.0000          NULL 
220.0000    2    2.000   1.0000       realNov
222.0000    4    2.000   1.0000     pseudoNov
224.0000    1    2.000   1.0000       realRep
226.0000    4    2.000   1.0000     pseudoNov
228.0000    2    2.000   1.0000       realNov
230.0000    4    2.000   1.0000     pseudoNov
232.0000    0    4.000   1.0000          NULL 
236.0000    1    2.000   1.0000       realRep
238.0000    2    2.000   1.0000       realNov
240.0000    3    2.000   1.0000     pseudoRep
242.0000    0    2.000   1.0000          NULL 
244.0000    2    2.000   1.0000       realNov
246.0000    4    2.000   1.0000     pseudoNov
248.0000    1    2.000   1.0000       realRep
250.0000    3    2.000   1.0000     pseudoRep
252.0000    3    2.000   1.0000     pseudoRep
254.0000    1    2.000   1.0000       realRep
256.0000    4    2.000   1.0000     pseudoNov
258.0000    2    2.000   1.0000       realNov
260.0000    0    2.000   1.0000          NULL 
262.0000    1    2.000   1.0000       realRep
264.0000    1    2.000   1.0000       realRep
266.0000    2    2.000   1.0000       realNov
268.0000    2    2.000   1.0000       realNov
270.0000    4    2.000   1.0000     pseudoNov
272.0000    0    2.000   1.0000          NULL 
274.0000    1    2.000   1.0000       realRep
276.0000    0    2.000   1.0000          NULL 
278.0000    3    2.000   1.0000     pseudoRep
280.0000    2    2.000   1.0000       realNov
282.0000    3    2.000   1.0000     pseudoRep
284.0000    4    2.000   1.0000     pseudoNov
286.0000    2    2.000   1.0000       realNov
288.0000    4    2.000   1.0000     pseudoNov
290.0000    2    2.000   1.0000       realNov
292.0000    3    2.000   1.0000     pseudoRep
294.0000    1    2.000   1.0000       realRep
296.0000    1    2.000   1.0000       realRep
298.0000    0    2.000   1.0000          NULL 
300.0000    3    2.000   1.0000     pseudoRep
302.0000    4    2.000   1.0000     pseudoNov
304.0000    1    2.000   1.0000       realRep
306.0000    0    2.000   1.0000          NULL 
308.0000    3    2.000   1.0000     pseudoRep
310.0000    3    2.000   1.0000     pseudoRep
312.0000    0    2.000   1.0000          NULL 
314.0000    3    2.000   1.0000     pseudoRep
316.0000    4    2.000   1.0000     pseudoNov
318.0000    4    2.000   1.0000     pseudoNov
320.0000    2    2.000   1.0000       realNov
322.0000    4    2.000   1.0000     pseudoNov
324.0000    4    2.000   1.0000     pseudoNov
326.0000    0    4.000   1.0000          NULL 
330.0000    2    2.000   1.0000       realNov
332.0000    3    2.000   1.0000     pseudoRep
334.0000    4    2.000   1.0000     pseudoNov
336.0000    2    2.000   1.0000       realNov
338.0000    2    2.000   1.0000       realNov
340.0000    2    2.000   1.0000       realNov
342.0000    2    2.000   1.0000       realNov
344.0000    0    2.000   1.0000          NULL 
346.0000    2    2.000   1.0000       realNov
348.0000    0    2.000   1.0000          NULL 
350.0000    4    2.000   1.0000     pseudoNov
352.0000    1    2.000   1.0000       realRep
354.0000    3    2.000   1.0000     pseudoRep
356.0000    0    2.000   1.0000          NULL 
358.0000    1    2.000   1.0000       realRep
360.0000    1    2.000   1.0000       realRep
362.0000    1    2.000   1.0000       realRep
364.0000    4    2.000   1.0000     pseudoNov
366.0000    4    2.000   1.0000     pseudoNov
368.0000    4    2.000   1.0000     pseudoNov
370.0000    3    2.000   1.0000     pseudoRep
372.0000    3    2.000   1.0000     pseudoRep
374.0000    1    2.000   1.0000       realRep
376.0000    0    2.000   1.0000          NULL 
378.0000    3    2.000   1.0000     pseudoRep
380.0000    2    2.000   1.0000       realNov
382.0000    3    2.000   1.0000     pseudoRep
384.0000    0    2.000   1.0000          NULL 
386.0000    2    2.000   1.0000       realNov
388.0000    0    2.000   1.0000          NULL 
390.0000    3    2.000   1.0000     pseudoRep
392.0000    4    2.000   1.0000     pseudoNov
394.0000    4    2.000   1.0000     pseudoNov
396.0000    3    2.000   1.0000     pseudoRep
398.0000    2    2.000   1.0000       realNov
