  0.0000    3    2.000   1.0000     pseudoRep
  2.0000    1    2.000   1.0000       realRep
  4.0000    0    2.000   1.0000          NULL 
  6.0000    3    2.000   1.0000     pseudoRep
  8.0000    2    2.000   1.0000       realNov
 10.0000    4    2.000   1.0000     pseudoNov
 12.0000    1    2.000   1.0000       realRep
 14.0000    2    2.000   1.0000       realNov
 16.0000    4    2.000   1.0000     pseudoNov
 18.0000    0    2.000   1.0000          NULL 
 20.0000    2    2.000   1.0000       realNov
 22.0000    2    2.000   1.0000       realNov
 24.0000    2    2.000   1.0000       realNov
 26.0000    3    2.000   1.0000     pseudoRep
 28.0000    3    2.000   1.0000     pseudoRep
 30.0000    1    2.000   1.0000       realRep
 32.0000    3    2.000   1.0000     pseudoRep
 34.0000    3    2.000   1.0000     pseudoRep
 36.0000    4    2.000   1.0000     pseudoNov
 38.0000    3    2.000   1.0000     pseudoRep
 40.0000    1    2.000   1.0000       realRep
 42.0000    0    2.000   1.0000          NULL 
 44.0000    3    2.000   1.0000     pseudoRep
 46.0000    1    2.000   1.0000       realRep
 48.0000    2    2.000   1.0000       realNov
 50.0000    0    2.000   1.0000          NULL 
 52.0000    2    2.000   1.0000       realNov
 54.0000    4    2.000   1.0000     pseudoNov
 56.0000    4    2.000   1.0000     pseudoNov
 58.0000    1    2.000   1.0000       realRep
 60.0000    0    2.000   1.0000          NULL 
 62.0000    3    2.000   1.0000     pseudoRep
 64.0000    3    2.000   1.0000     pseudoRep
 66.0000    1    2.000   1.0000       realRep
 68.0000    3    2.000   1.0000     pseudoRep
 70.0000    1    2.000   1.0000       realRep
 72.0000    1    2.000   1.0000       realRep
 74.0000    0    2.000   1.0000          NULL 
 76.0000    2    2.000   1.0000       realNov
 78.0000    1    2.000   1.0000       realRep
 80.0000    3    2.000   1.0000     pseudoRep
 82.0000    2    2.000   1.0000       realNov
 84.0000    2    2.000   1.0000       realNov
 86.0000    1    2.000   1.0000       realRep
 88.0000    4    2.000   1.0000     pseudoNov
 90.0000    0    2.000   1.0000          NULL 
 92.0000    1    2.000   1.0000       realRep
 94.0000    2    2.000   1.0000       realNov
 96.0000    3    2.000   1.0000     pseudoRep
 98.0000    2    2.000   1.0000       realNov
100.0000    4    2.000   1.0000     pseudoNov
102.0000    4    2.000   1.0000     pseudoNov
104.0000    0    2.000   1.0000          NULL 
106.0000    3    2.000   1.0000     pseudoRep
108.0000    0    2.000   1.0000          NULL 
110.0000    1    2.000   1.0000       realRep
112.0000    4    2.000   1.0000     pseudoNov
114.0000    2    2.000   1.0000       realNov
116.0000    4    2.000   1.0000     pseudoNov
118.0000    2    2.000   1.0000       realNov
120.0000    2    2.000   1.0000       realNov
122.0000    0    4.000   1.0000          NULL 
126.0000    4    2.000   1.0000     pseudoNov
128.0000    4    2.000   1.0000     pseudoNov
130.0000    0    2.000   1.0000          NULL 
132.0000    4    2.000   1.0000     pseudoNov
134.0000    3    2.000   1.0000     pseudoRep
136.0000    1    2.000   1.0000       realRep
138.0000    1    2.000   1.0000       realRep
140.0000    3    2.000   1.0000     pseudoRep
142.0000    0    2.000   1.0000          NULL 
144.0000    2    2.000   1.0000       realNov
146.0000    0    2.000   1.0000          NULL 
148.0000    1    2.000   1.0000       realRep
150.0000    1    2.000   1.0000       realRep
152.0000    3    2.000   1.0000     pseudoRep
154.0000    4    2.000   1.0000     pseudoNov
156.0000    2    2.000   1.0000       realNov
158.0000    2    2.000   1.0000       realNov
160.0000    0    2.000   1.0000          NULL 
162.0000    2    2.000   1.0000       realNov
164.0000    1    2.000   1.0000       realRep
166.0000    2    2.000   1.0000       realNov
168.0000    0    4.000   1.0000          NULL 
172.0000    3    2.000   1.0000     pseudoRep
174.0000    2    2.000   1.0000       realNov
176.0000    3    2.000   1.0000     pseudoRep
178.0000    0    2.000   1.0000          NULL 
180.0000    1    2.000   1.0000       realRep
182.0000    2    2.000   1.0000       realNov
184.0000    4    2.000   1.0000     pseudoNov
186.0000    4    2.000   1.0000     pseudoNov
188.0000    1    2.000   1.0000       realRep
190.0000    2    2.000   1.0000       realNov
192.0000    4    2.000   1.0000     pseudoNov
194.0000    1    2.000   1.0000       realRep
196.0000    1    2.000   1.0000       realRep
198.0000    0    2.000   1.0000          NULL 
200.0000    3    2.000   1.0000     pseudoRep
202.0000    4    2.000   1.0000     pseudoNov
204.0000    0    2.000   1.0000          NULL 
206.0000    3    2.000   1.0000     pseudoRep
208.0000    3    2.000   1.0000     pseudoRep
210.0000    2    2.000   1.0000       realNov
212.0000    2    2.000   1.0000       realNov
214.0000    3    2.000   1.0000     pseudoRep
216.0000    4    2.000   1.0000     pseudoNov
218.0000    1    2.000   1.0000       realRep
220.0000    3    2.000   1.0000     pseudoRep
222.0000    3    2.000   1.0000     pseudoRep
224.0000    0    2.000   1.0000          NULL 
226.0000    3    2.000   1.0000     pseudoRep
228.0000    1    2.000   1.0000       realRep
230.0000    0    2.000   1.0000          NULL 
232.0000    4    2.000   1.0000     pseudoNov
234.0000    0    2.000   1.0000          NULL 
236.0000    2    2.000   1.0000       realNov
238.0000    3    2.000   1.0000     pseudoRep
240.0000    0    2.000   1.0000          NULL 
242.0000    2    2.000   1.0000       realNov
244.0000    4    2.000   1.0000     pseudoNov
246.0000    3    2.000   1.0000     pseudoRep
248.0000    2    2.000   1.0000       realNov
250.0000    1    2.000   1.0000       realRep
252.0000    0    2.000   1.0000          NULL 
254.0000    1    2.000   1.0000       realRep
256.0000    4    2.000   1.0000     pseudoNov
258.0000    1    2.000   1.0000       realRep
260.0000    4    2.000   1.0000     pseudoNov
262.0000    0    2.000   1.0000          NULL 
264.0000    4    2.000   1.0000     pseudoNov
266.0000    3    2.000   1.0000     pseudoRep
268.0000    4    2.000   1.0000     pseudoNov
270.0000    1    2.000   1.0000       realRep
272.0000    1    2.000   1.0000       realRep
274.0000    2    2.000   1.0000       realNov
276.0000    1    2.000   1.0000       realRep
278.0000    2    2.000   1.0000       realNov
280.0000    4    2.000   1.0000     pseudoNov
282.0000    2    2.000   1.0000       realNov
284.0000    0    2.000   1.0000          NULL 
286.0000    3    2.000   1.0000     pseudoRep
288.0000    3    2.000   1.0000     pseudoRep
290.0000    4    2.000   1.0000     pseudoNov
292.0000    0    2.000   1.0000          NULL 
294.0000    3    2.000   1.0000     pseudoRep
296.0000    2    2.000   1.0000       realNov
298.0000    0    2.000   1.0000          NULL 
300.0000    1    2.000   1.0000       realRep
302.0000    4    2.000   1.0000     pseudoNov
304.0000    2    2.000   1.0000       realNov
306.0000    1    2.000   1.0000       realRep
308.0000    0    2.000   1.0000          NULL 
310.0000    1    2.000   1.0000       realRep
312.0000    0    2.000   1.0000          NULL 
314.0000    2    2.000   1.0000       realNov
316.0000    0    4.000   1.0000          NULL 
320.0000    4    2.000   1.0000     pseudoNov
322.0000    2    2.000   1.0000       realNov
324.0000    2    2.000   1.0000       realNov
326.0000    0    2.000   1.0000          NULL 
328.0000    4    2.000   1.0000     pseudoNov
330.0000    1    2.000   1.0000       realRep
332.0000    3    2.000   1.0000     pseudoRep
334.0000    2    2.000   1.0000       realNov
336.0000    0    2.000   1.0000          NULL 
338.0000    4    2.000   1.0000     pseudoNov
340.0000    4    2.000   1.0000     pseudoNov
342.0000    4    2.000   1.0000     pseudoNov
344.0000    2    2.000   1.0000       realNov
346.0000    4    2.000   1.0000     pseudoNov
348.0000    3    2.000   1.0000     pseudoRep
350.0000    0    2.000   1.0000          NULL 
352.0000    4    2.000   1.0000     pseudoNov
354.0000    4    2.000   1.0000     pseudoNov
356.0000    1    2.000   1.0000       realRep
358.0000    3    2.000   1.0000     pseudoRep
360.0000    3    2.000   1.0000     pseudoRep
362.0000    0    2.000   1.0000          NULL 
364.0000    4    2.000   1.0000     pseudoNov
366.0000    2    2.000   1.0000       realNov
368.0000    3    2.000   1.0000     pseudoRep
370.0000    4    2.000   1.0000     pseudoNov
372.0000    1    2.000   1.0000       realRep
374.0000    0    2.000   1.0000          NULL 
376.0000    1    2.000   1.0000       realRep
378.0000    0    2.000   1.0000          NULL 
380.0000    1    2.000   1.0000       realRep
382.0000    0    2.000   1.0000          NULL 
384.0000    2    2.000   1.0000       realNov
386.0000    1    2.000   1.0000       realRep
388.0000    4    2.000   1.0000     pseudoNov
390.0000    3    2.000   1.0000     pseudoRep
392.0000    3    2.000   1.0000     pseudoRep
394.0000    4    2.000   1.0000     pseudoNov
396.0000    3    2.000   1.0000     pseudoRep
398.0000    1    2.000   1.0000       realRep
