  0.0000    2    2.000   1.0000       realNov
  2.0000    3    2.000   1.0000     pseudoRep
  4.0000    4    2.000   1.0000     pseudoNov
  6.0000    3    2.000   1.0000     pseudoRep
  8.0000    0    2.000   1.0000          NULL 
 10.0000    1    2.000   1.0000       realRep
 12.0000    2    2.000   1.0000       realNov
 14.0000    1    2.000   1.0000       realRep
 16.0000    1    2.000   1.0000       realRep
 18.0000    0    2.000   1.0000          NULL 
 20.0000    2    2.000   1.0000       realNov
 22.0000    1    2.000   1.0000       realRep
 24.0000    0    2.000   1.0000          NULL 
 26.0000    2    2.000   1.0000       realNov
 28.0000    2    2.000   1.0000       realNov
 30.0000    1    2.000   1.0000       realRep
 32.0000    4    2.000   1.0000     pseudoNov
 34.0000    0    2.000   1.0000          NULL 
 36.0000    2    2.000   1.0000       realNov
 38.0000    4    2.000   1.0000     pseudoNov
 40.0000    3    2.000   1.0000     pseudoRep
 42.0000    1    2.000   1.0000       realRep
 44.0000    1    2.000   1.0000       realRep
 46.0000    2    2.000   1.0000       realNov
 48.0000    1    2.000   1.0000       realRep
 50.0000    3    2.000   1.0000     pseudoRep
 52.0000    3    2.000   1.0000     pseudoRep
 54.0000    4    2.000   1.0000     pseudoNov
 56.0000    2    2.000   1.0000       realNov
 58.0000    2    2.000   1.0000       realNov
 60.0000    1    2.000   1.0000       realRep
 62.0000    2    2.000   1.0000       realNov
 64.0000    1    2.000   1.0000       realRep
 66.0000    4    2.000   1.0000     pseudoNov
 68.0000    0    2.000   1.0000          NULL 
 70.0000    1    2.000   1.0000       realRep
 72.0000    2    2.000   1.0000       realNov
 74.0000    0    2.000   1.0000          NULL 
 76.0000    2    2.000   1.0000       realNov
 78.0000    0    2.000   1.0000          NULL 
 80.0000    3    2.000   1.0000     pseudoRep
 82.0000    4    2.000   1.0000     pseudoNov
 84.0000    2    2.000   1.0000       realNov
 86.0000    2    2.000   1.0000       realNov
 88.0000    3    2.000   1.0000     pseudoRep
 90.0000    1    2.000   1.0000       realRep
 92.0000    3    2.000   1.0000     pseudoRep
 94.0000    1    2.000   1.0000       realRep
 96.0000    0    2.000   1.0000          NULL 
 98.0000    4    2.000   1.0000     pseudoNov
100.0000    0    2.000   1.0000          NULL 
102.0000    3    2.000   1.0000     pseudoRep
104.0000    0    2.000   1.0000          NULL 
106.0000    4    2.000   1.0000     pseudoNov
108.0000    2    2.000   1.0000       realNov
110.0000    3    2.000   1.0000     pseudoRep
112.0000    1    2.000   1.0000       realRep
114.0000    1    2.000   1.0000       realRep
116.0000    1    2.000   1.0000       realRep
118.0000    1    2.000   1.0000       realRep
120.0000    2    2.000   1.0000       realNov
122.0000    0    2.000   1.0000          NULL 
124.0000    1    2.000   1.0000       realRep
126.0000    1    2.000   1.0000       realRep
128.0000    0    2.000   1.0000          NULL 
130.0000    2    2.000   1.0000       realNov
132.0000    4    2.000   1.0000     pseudoNov
134.0000    1    2.000   1.0000       realRep
136.0000    1    2.000   1.0000       realRep
138.0000    4    2.000   1.0000     pseudoNov
140.0000    4    2.000   1.0000     pseudoNov
142.0000    3    2.000   1.0000     pseudoRep
144.0000    1    2.000   1.0000       realRep
146.0000    0    2.000   1.0000          NULL 
148.0000    4    2.000   1.0000     pseudoNov
150.0000    1    2.000   1.0000       realRep
152.0000    0    2.000   1.0000          NULL 
154.0000    2    2.000   1.0000       realNov
156.0000    4    2.000   1.0000     pseudoNov
158.0000    2    2.000   1.0000       realNov
160.0000    0    2.000   1.0000          NULL 
162.0000    3    2.000   1.0000     pseudoRep
164.0000    1    2.000   1.0000       realRep
166.0000    3    2.000   1.0000     pseudoRep
168.0000    4    2.000   1.0000     pseudoNov
170.0000    2    2.000   1.0000       realNov
172.0000    2    2.000   1.0000       realNov
174.0000    0    2.000   1.0000          NULL 
176.0000    4    2.000   1.0000     pseudoNov
178.0000    1    2.000   1.0000       realRep
180.0000    2    2.000   1.0000       realNov
182.0000    0    2.000   1.0000          NULL 
184.0000    2    2.000   1.0000       realNov
186.0000    0    2.000   1.0000          NULL 
188.0000    3    2.000   1.0000     pseudoRep
190.0000    0    2.000   1.0000          NULL 
192.0000    3    2.000   1.0000     pseudoRep
194.0000    1    2.000   1.0000       realRep
196.0000    4    2.000   1.0000     pseudoNov
198.0000    2    2.000   1.0000       realNov
200.0000    1    2.000   1.0000       realRep
202.0000    4    2.000   1.0000     pseudoNov
204.0000    2    2.000   1.0000       realNov
206.0000    3    2.000   1.0000     pseudoRep
208.0000    2    2.000   1.0000       realNov
210.0000    3    2.000   1.0000     pseudoRep
212.0000    0    2.000   1.0000          NULL 
214.0000    3    2.000   1.0000     pseudoRep
216.0000    2    2.000   1.0000       realNov
218.0000    2    2.000   1.0000       realNov
220.0000    3    2.000   1.0000     pseudoRep
222.0000    2    2.000   1.0000       realNov
224.0000    2    2.000   1.0000       realNov
226.0000    0    2.000   1.0000          NULL 
228.0000    4    2.000   1.0000     pseudoNov
230.0000    3    2.000   1.0000     pseudoRep
232.0000    4    2.000   1.0000     pseudoNov
234.0000    4    2.000   1.0000     pseudoNov
236.0000    4    2.000   1.0000     pseudoNov
238.0000    3    2.000   1.0000     pseudoRep
240.0000    0    2.000   1.0000          NULL 
242.0000    4    2.000   1.0000     pseudoNov
244.0000    3    2.000   1.0000     pseudoRep
246.0000    4    2.000   1.0000     pseudoNov
248.0000    3    2.000   1.0000     pseudoRep
250.0000    0    2.000   1.0000          NULL 
252.0000    3    2.000   1.0000     pseudoRep
254.0000    0    2.000   1.0000          NULL 
256.0000    2    2.000   1.0000       realNov
258.0000    2    2.000   1.0000       realNov
260.0000    1    2.000   1.0000       realRep
262.0000    4    2.000   1.0000     pseudoNov
264.0000    4    2.000   1.0000     pseudoNov
266.0000    0    2.000   1.0000          NULL 
268.0000    3    2.000   1.0000     pseudoRep
270.0000    3    2.000   1.0000     pseudoRep
272.0000    4    2.000   1.0000     pseudoNov
274.0000    3    2.000   1.0000     pseudoRep
276.0000    0    2.000   1.0000          NULL 
278.0000    3    2.000   1.0000     pseudoRep
280.0000    1    2.000   1.0000       realRep
282.0000    3    2.000   1.0000     pseudoRep
284.0000    1    2.000   1.0000       realRep
286.0000    3    2.000   1.0000     pseudoRep
288.0000    0    2.000   1.0000          NULL 
290.0000    4    2.000   1.0000     pseudoNov
292.0000    4    2.000   1.0000     pseudoNov
294.0000    1    2.000   1.0000       realRep
296.0000    0    2.000   1.0000          NULL 
298.0000    3    2.000   1.0000     pseudoRep
300.0000    4    2.000   1.0000     pseudoNov
302.0000    2    2.000   1.0000       realNov
304.0000    0    2.000   1.0000          NULL 
306.0000    2    2.000   1.0000       realNov
308.0000    1    2.000   1.0000       realRep
310.0000    1    2.000   1.0000       realRep
312.0000    2    2.000   1.0000       realNov
314.0000    4    2.000   1.0000     pseudoNov
316.0000    0    2.000   1.0000          NULL 
318.0000    3    2.000   1.0000     pseudoRep
320.0000    1    2.000   1.0000       realRep
322.0000    3    2.000   1.0000     pseudoRep
324.0000    0    2.000   1.0000          NULL 
326.0000    1    2.000   1.0000       realRep
328.0000    1    2.000   1.0000       realRep
330.0000    3    2.000   1.0000     pseudoRep
332.0000    0    2.000   1.0000          NULL 
334.0000    1    2.000   1.0000       realRep
336.0000    3    2.000   1.0000     pseudoRep
338.0000    0    2.000   1.0000          NULL 
340.0000    4    2.000   1.0000     pseudoNov
342.0000    3    2.000   1.0000     pseudoRep
344.0000    2    2.000   1.0000       realNov
346.0000    3    2.000   1.0000     pseudoRep
348.0000    3    2.000   1.0000     pseudoRep
350.0000    4    2.000   1.0000     pseudoNov
352.0000    0    2.000   1.0000          NULL 
354.0000    2    2.000   1.0000       realNov
356.0000    4    2.000   1.0000     pseudoNov
358.0000    0    4.000   1.0000          NULL 
362.0000    3    2.000   1.0000     pseudoRep
364.0000    4    2.000   1.0000     pseudoNov
366.0000    4    2.000   1.0000     pseudoNov
368.0000    4    2.000   1.0000     pseudoNov
370.0000    4    2.000   1.0000     pseudoNov
372.0000    3    2.000   1.0000     pseudoRep
374.0000    2    2.000   1.0000       realNov
376.0000    0    2.000   1.0000          NULL 
378.0000    4    2.000   1.0000     pseudoNov
380.0000    2    2.000   1.0000       realNov
382.0000    1    2.000   1.0000       realRep
384.0000    0    6.000   1.0000          NULL 
390.0000    2    2.000   1.0000       realNov
392.0000    1    2.000   1.0000       realRep
394.0000    1    2.000   1.0000       realRep
396.0000    4    2.000   1.0000     pseudoNov
398.0000    4    2.000   1.0000     pseudoNov
