  0.0000    1    2.000   1.0000       realRep
  2.0000    4    2.000   1.0000     pseudoNov
  4.0000    2    2.000   1.0000       realNov
  6.0000    0    2.000   1.0000          NULL 
  8.0000    2    2.000   1.0000       realNov
 10.0000    0    2.000   1.0000          NULL 
 12.0000    1    2.000   1.0000       realRep
 14.0000    0    4.000   1.0000          NULL 
 18.0000    2    2.000   1.0000       realNov
 20.0000    1    2.000   1.0000       realRep
 22.0000    2    2.000   1.0000       realNov
 24.0000    3    2.000   1.0000     pseudoRep
 26.0000    4    2.000   1.0000     pseudoNov
 28.0000    3    2.000   1.0000     pseudoRep
 30.0000    1    2.000   1.0000       realRep
 32.0000    3    2.000   1.0000     pseudoRep
 34.0000    0    2.000   1.0000          NULL 
 36.0000    3    2.000   1.0000     pseudoRep
 38.0000    4    2.000   1.0000     pseudoNov
 40.0000    1    2.000   1.0000       realRep
 42.0000    3    2.000   1.0000     pseudoRep
 44.0000    3    2.000   1.0000     pseudoRep
 46.0000    1    2.000   1.0000       realRep
 48.0000    4    2.000   1.0000     pseudoNov
 50.0000    3    2.000   1.0000     pseudoRep
 52.0000    2    2.000   1.0000       realNov
 54.0000    4    2.000   1.0000     pseudoNov
 56.0000    3    2.000   1.0000     pseudoRep
 58.0000    0    2.000   1.0000          NULL 
 60.0000    3    2.000   1.0000     pseudoRep
 62.0000    4    2.000   1.0000     pseudoNov
 64.0000    1    2.000   1.0000       realRep
 66.0000    2    2.000   1.0000       realNov
 68.0000    3    2.000   1.0000     pseudoRep
 70.0000    1    2.000   1.0000       realRep
 72.0000    2    2.000   1.0000       realNov
 74.0000    1    2.000   1.0000       realRep
 76.0000    0    4.000   1.0000          NULL 
 80.0000    1    2.000   1.0000       realRep
 82.0000    2    2.000   1.0000       realNov
 84.0000    3    2.000   1.0000     pseudoRep
 86.0000    3    2.000   1.0000     pseudoRep
 88.0000    3    2.000   1.0000     pseudoRep
 90.0000    3    2.000   1.0000     pseudoRep
 92.0000    1    2.000   1.0000       realRep
 94.0000    0    2.000   1.0000          NULL 
 96.0000    4    2.000   1.0000     pseudoNov
 98.0000    1    2.000   1.0000       realRep
100.0000    1    2.000   1.0000       realRep
102.0000    1    2.000   1.0000       realRep
104.0000    4    2.000   1.0000     pseudoNov
106.0000    3    2.000   1.0000     pseudoRep
108.0000    0    6.000   1.0000          NULL 
114.0000    4    2.000   1.0000     pseudoNov
116.0000    2    2.000   1.0000       realNov
118.0000    3    2.000   1.0000     pseudoRep
120.0000    4    2.000   1.0000     pseudoNov
122.0000    2    2.000   1.0000       realNov
124.0000    0    2.000   1.0000          NULL 
126.0000    4    2.000   1.0000     pseudoNov
128.0000    2    2.000   1.0000       realNov
130.0000    4    2.000   1.0000     pseudoNov
132.0000    2    2.000   1.0000       realNov
134.0000    1    2.000   1.0000       realRep
136.0000    0    2.000   1.0000          NULL 
138.0000    4    2.000   1.0000     pseudoNov
140.0000    3    2.000   1.0000     pseudoRep
142.0000    3    2.000   1.0000     pseudoRep
144.0000    1    2.000   1.0000       realRep
146.0000    2    2.000   1.0000       realNov
148.0000    0    2.000   1.0000          NULL 
150.0000    2    2.000   1.0000       realNov
152.0000    3    2.000   1.0000     pseudoRep
154.0000    3    2.000   1.0000     pseudoRep
156.0000    4    2.000   1.0000     pseudoNov
158.0000    4    2.000   1.0000     pseudoNov
160.0000    3    2.000   1.0000     pseudoRep
162.0000    4    2.000   1.0000     pseudoNov
164.0000    1    2.000   1.0000       realRep
166.0000    0    2.000   1.0000          NULL 
168.0000    3    2.000   1.0000     pseudoRep
170.0000    2    2.000   1.0000       realNov
172.0000    0    2.000   1.0000          NULL 
174.0000    3    2.000   1.0000     pseudoRep
176.0000    1    2.000   1.0000       realRep
178.0000    1    2.000   1.0000       realRep
180.0000    2    2.000   1.0000       realNov
182.0000    2    2.000   1.0000       realNov
184.0000    0    2.000   1.0000          NULL 
186.0000    1    2.000   1.0000       realRep
188.0000    1    2.000   1.0000       realRep
190.0000    3    2.000   1.0000     pseudoRep
192.0000    4    2.000   1.0000     pseudoNov
194.0000    4    2.000   1.0000     pseudoNov
196.0000    0    4.000   1.0000          NULL 
200.0000    3    2.000   1.0000     pseudoRep
202.0000    0    2.000   1.0000          NULL 
204.0000    2    2.000   1.0000       realNov
206.0000    0    2.000   1.0000          NULL 
208.0000    1    2.000   1.0000       realRep
210.0000    2    2.000   1.0000       realNov
212.0000    0    2.000   1.0000          NULL 
214.0000    1    2.000   1.0000       realRep
216.0000    2    2.000   1.0000       realNov
218.0000    3    2.000   1.0000     pseudoRep
220.0000    4    2.000   1.0000     pseudoNov
222.0000    0    2.000   1.0000          NULL 
224.0000    1    2.000   1.0000       realRep
226.0000    4    2.000   1.0000     pseudoNov
228.0000    2    2.000   1.0000       realNov
230.0000    4    2.000   1.0000     pseudoNov
232.0000    2    2.000   1.0000       realNov
234.0000    4    2.000   1.0000     pseudoNov
236.0000    1    2.000   1.0000       realRep
238.0000    1    2.000   1.0000       realRep
240.0000    1    2.000   1.0000       realRep
242.0000    2    2.000   1.0000       realNov
244.0000    0    2.000   1.0000          NULL 
246.0000    3    2.000   1.0000     pseudoRep
248.0000    3    2.000   1.0000     pseudoRep
250.0000    0    2.000   1.0000          NULL 
252.0000    3    2.000   1.0000     pseudoRep
254.0000    1    2.000   1.0000       realRep
256.0000    2    2.000   1.0000       realNov
258.0000    1    2.000   1.0000       realRep
260.0000    2    2.000   1.0000       realNov
262.0000    2    2.000   1.0000       realNov
264.0000    0    2.000   1.0000          NULL 
266.0000    3    2.000   1.0000     pseudoRep
268.0000    1    2.000   1.0000       realRep
270.0000    0    2.000   1.0000          NULL 
272.0000    2    2.000   1.0000       realNov
274.0000    4    2.000   1.0000     pseudoNov
276.0000    4    2.000   1.0000     pseudoNov
278.0000    2    2.000   1.0000       realNov
280.0000    3    2.000   1.0000     pseudoRep
282.0000    4    2.000   1.0000     pseudoNov
284.0000    0    2.000   1.0000          NULL 
286.0000    4    2.000   1.0000     pseudoNov
288.0000    4    2.000   1.0000     pseudoNov
290.0000    3    2.000   1.0000     pseudoRep
292.0000    4    2.000   1.0000     pseudoNov
294.0000    1    2.000   1.0000       realRep
296.0000    1    2.000   1.0000       realRep
298.0000    0    2.000   1.0000          NULL 
300.0000    1    2.000   1.0000       realRep
302.0000    2    2.000   1.0000       realNov
304.0000    0    2.000   1.0000          NULL 
306.0000    2    2.000   1.0000       realNov
308.0000    1    2.000   1.0000       realRep
310.0000    1    2.000   1.0000       realRep
312.0000    0    2.000   1.0000          NULL 
314.0000    4    2.000   1.0000     pseudoNov
316.0000    2    2.000   1.0000       realNov
318.0000    4    2.000   1.0000     pseudoNov
320.0000    2    2.000   1.0000       realNov
322.0000    2    2.000   1.0000       realNov
324.0000    2    2.000   1.0000       realNov
326.0000    1    2.000   1.0000       realRep
328.0000    4    2.000   1.0000     pseudoNov
330.0000    0    4.000   1.0000          NULL 
334.0000    4    2.000   1.0000     pseudoNov
336.0000    1    2.000   1.0000       realRep
338.0000    2    2.000   1.0000       realNov
340.0000    1    2.000   1.0000       realRep
342.0000    0    2.000   1.0000          NULL 
344.0000    4    2.000   1.0000     pseudoNov
346.0000    0    2.000   1.0000          NULL 
348.0000    4    2.000   1.0000     pseudoNov
350.0000    4    2.000   1.0000     pseudoNov
352.0000    3    2.000   1.0000     pseudoRep
354.0000    3    2.000   1.0000     pseudoRep
356.0000    0    2.000   1.0000          NULL 
358.0000    3    2.000   1.0000     pseudoRep
360.0000    3    2.000   1.0000     pseudoRep
362.0000    0    2.000   1.0000          NULL 
364.0000    3    2.000   1.0000     pseudoRep
366.0000    3    2.000   1.0000     pseudoRep
368.0000    2    2.000   1.0000       realNov
370.0000    4    2.000   1.0000     pseudoNov
372.0000    2    2.000   1.0000       realNov
374.0000    4    2.000   1.0000     pseudoNov
376.0000    2    2.000   1.0000       realNov
378.0000    0    2.000   1.0000          NULL 
380.0000    2    2.000   1.0000       realNov
382.0000    4    2.000   1.0000     pseudoNov
384.0000    4    2.000   1.0000     pseudoNov
386.0000    0    2.000   1.0000          NULL 
388.0000    3    2.000   1.0000     pseudoRep
390.0000    1    2.000   1.0000       realRep
392.0000    3    2.000   1.0000     pseudoRep
394.0000    4    2.000   1.0000     pseudoNov
396.0000    2    2.000   1.0000       realNov
398.0000    1    2.000   1.0000       realRep
