  0.0000    3    2.000   1.0000     pseudoRep
  2.0000    1    2.000   1.0000       realRep
  4.0000    1    2.000   1.0000       realRep
  6.0000    4    2.000   1.0000     pseudoNov
  8.0000    2    2.000   1.0000       realNov
 10.0000    4    2.000   1.0000     pseudoNov
 12.0000    3    2.000   1.0000     pseudoRep
 14.0000    3    2.000   1.0000     pseudoRep
 16.0000    4    2.000   1.0000     pseudoNov
 18.0000    0    2.000   1.0000          NULL 
 20.0000    3    2.000   1.0000     pseudoRep
 22.0000    2    2.000   1.0000       realNov
 24.0000    1    2.000   1.0000       realRep
 26.0000    0    2.000   1.0000          NULL 
 28.0000    2    2.000   1.0000       realNov
 30.0000    3    2.000   1.0000     pseudoRep
 32.0000    1    2.000   1.0000       realRep
 34.0000    2    2.000   1.0000       realNov
 36.0000    4    2.000   1.0000     pseudoNov
 38.0000    2    2.000   1.0000       realNov
 40.0000    1    2.000   1.0000       realRep
 42.0000    2    2.000   1.0000       realNov
 44.0000    1    2.000   1.0000       realRep
 46.0000    1    2.000   1.0000       realRep
 48.0000    1    2.000   1.0000       realRep
 50.0000    2    2.000   1.0000       realNov
 52.0000    0    2.000   1.0000          NULL 
 54.0000    1    2.000   1.0000       realRep
 56.0000    0    2.000   1.0000          NULL 
 58.0000    3    2.000   1.0000     pseudoRep
 60.0000    0    2.000   1.0000          NULL 
 62.0000    2    2.000   1.0000       realNov
 64.0000    2    2.000   1.0000       realNov
 66.0000    2    2.000   1.0000       realNov
 68.0000    4    2.000   1.0000     pseudoNov
 70.0000    1    2.000   1.0000       realRep
 72.0000    3    2.000   1.0000     pseudoRep
 74.0000    1    2.000   1.0000       realRep
 76.0000    2    2.000   1.0000       realNov
 78.0000    3    2.000   1.0000     pseudoRep
 80.0000    3    2.000   1.0000     pseudoRep
 82.0000    4    2.000   1.0000     pseudoNov
 84.0000    1    2.000   1.0000       realRep
 86.0000    4    2.000   1.0000     pseudoNov
 88.0000    0    4.000   1.0000          NULL 
 92.0000    1    2.000   1.0000       realRep
 94.0000    4    2.000   1.0000     pseudoNov
 96.0000    3    2.000   1.0000     pseudoRep
 98.0000    0    2.000   1.0000          NULL 
100.0000    2    2.000   1.0000       realNov
102.0000    1    2.000   1.0000       realRep
104.0000    2    2.000   1.0000       realNov
106.0000    3    2.000   1.0000     pseudoRep
108.0000    1    2.000   1.0000       realRep
110.0000    1    2.000   1.0000       realRep
112.0000    0    2.000   1.0000          NULL 
114.0000    3    2.000   1.0000     pseudoRep
116.0000    3    2.000   1.0000     pseudoRep
118.0000    4    2.000   1.0000     pseudoNov
120.0000    2    2.000   1.0000       realNov
122.0000    4    2.000   1.0000     pseudoNov
124.0000    2    2.000   1.0000       realNov
126.0000    3    2.000   1.0000     pseudoRep
128.0000    4    2.000   1.0000     pseudoNov
130.0000    2    2.000   1.0000       realNov
132.0000    4    2.000   1.0000     pseudoNov
134.0000    0    2.000   1.0000          NULL 
136.0000    4    2.000   1.0000     pseudoNov
138.0000    4    2.000   1.0000     pseudoNov
140.0000    2    2.000   1.0000       realNov
142.0000    0    2.000   1.0000          NULL 
144.0000    3    2.000   1.0000     pseudoRep
146.0000    1    2.000   1.0000       realRep
148.0000    2    2.000   1.0000       realNov
150.0000    0    2.000   1.0000          NULL 
152.0000    3    2.000   1.0000     pseudoRep
154.0000    1    2.000   1.0000       realRep
156.0000    1    2.000   1.0000       realRep
158.0000    4    2.000   1.0000     pseudoNov
160.0000    4    2.000   1.0000     pseudoNov
162.0000    3    2.000   1.0000     pseudoRep
164.0000    2    2.000   1.0000       realNov
166.0000    3    2.000   1.0000     pseudoRep
168.0000    4    2.000   1.0000     pseudoNov
170.0000    0    2.000   1.0000          NULL 
172.0000    3    2.000   1.0000     pseudoRep
174.0000    3    2.000   1.0000     pseudoRep
176.0000    1    2.000   1.0000       realRep
178.0000    2    2.000   1.0000       realNov
180.0000    0    2.000   1.0000          NULL 
182.0000    1    2.000   1.0000       realRep
184.0000    3    2.000   1.0000     pseudoRep
186.0000    1    2.000   1.0000       realRep
188.0000    4    2.000   1.0000     pseudoNov
190.0000    4    2.000   1.0000     pseudoNov
192.0000    0    2.000   1.0000          NULL 
194.0000    4    2.000   1.0000     pseudoNov
196.0000    0    2.000   1.0000          NULL 
198.0000    3    2.000   1.0000     pseudoRep
200.0000    0    4.000   1.0000          NULL 
204.0000    3    2.000   1.0000     pseudoRep
206.0000    4    2.000   1.0000     pseudoNov
208.0000    4    2.000   1.0000     pseudoNov
210.0000    4    2.000   1.0000     pseudoNov
212.0000    3    2.000   1.0000     pseudoRep
214.0000    0    2.000   1.0000          NULL 
216.0000    4    2.000   1.0000     pseudoNov
218.0000    2    2.000   1.0000       realNov
220.0000    0    6.000   1.0000          NULL 
226.0000    4    2.000   1.0000     pseudoNov
228.0000    3    2.000   1.0000     pseudoRep
230.0000    3    2.000   1.0000     pseudoRep
232.0000    4    2.000   1.0000     pseudoNov
234.0000    1    2.000   1.0000       realRep
236.0000    0    2.000   1.0000          NULL 
238.0000    2    2.000   1.0000       realNov
240.0000    1    2.000   1.0000       realRep
242.0000    1    2.000   1.0000       realRep
244.0000    2    2.000   1.0000       realNov
246.0000    1    2.000   1.0000       realRep
248.0000    3    2.000   1.0000     pseudoRep
250.0000    4    2.000   1.0000     pseudoNov
252.0000    3    2.000   1.0000     pseudoRep
254.0000    0    2.000   1.0000          NULL 
256.0000    4    2.000   1.0000     pseudoNov
258.0000    3    2.000   1.0000     pseudoRep
260.0000    1    2.000   1.0000       realRep
262.0000    0    2.000   1.0000          NULL 
264.0000    3    2.000   1.0000     pseudoRep
266.0000    0    2.000   1.0000          NULL 
268.0000    2    2.000   1.0000       realNov
270.0000    3    2.000   1.0000     pseudoRep
272.0000    4    2.000   1.0000     pseudoNov
274.0000    1    2.000   1.0000       realRep
276.0000    1    2.000   1.0000       realRep
278.0000    3    2.000   1.0000     pseudoRep
280.0000    4    2.000   1.0000     pseudoNov
282.0000    0    2.000   1.0000          NULL 
284.0000    1    2.000   1.0000       realRep
286.0000    4    2.000   1.0000     pseudoNov
288.0000    0    2.000   1.0000          NULL 
290.0000    1    2.000   1.0000       realRep
292.0000    2    2.000   1.0000       realNov
294.0000    2    2.000   1.0000       realNov
296.0000    3    2.000   1.0000     pseudoRep
298.0000    4    2.000   1.0000     pseudoNov
300.0000    3    2.000   1.0000     pseudoRep
302.0000    0    2.000   1.0000          NULL 
304.0000    1    2.000   1.0000       realRep
306.0000    2    2.000   1.0000       realNov
308.0000    2    2.000   1.0000       realNov
310.0000    3    2.000   1.0000     pseudoRep
312.0000    0    4.000   1.0000          NULL 
316.0000    2    2.000   1.0000       realNov
318.0000    4    2.000   1.0000     pseudoNov
320.0000    2    2.000   1.0000       realNov
322.0000    2    2.000   1.0000       realNov
324.0000    0    2.000   1.0000          NULL 
326.0000    1    2.000   1.0000       realRep
328.0000    4    2.000   1.0000     pseudoNov
330.0000    0    2.000   1.0000          NULL 
332.0000    4    2.000   1.0000     pseudoNov
334.0000    1    2.000   1.0000       realRep
336.0000    3    2.000   1.0000     pseudoRep
338.0000    1    2.000   1.0000       realRep
340.0000    2    2.000   1.0000       realNov
342.0000    0    4.000   1.0000          NULL 
346.0000    2    2.000   1.0000       realNov
348.0000    1    2.000   1.0000       realRep
350.0000    1    2.000   1.0000       realRep
352.0000    0    2.000   1.0000          NULL 
354.0000    2    2.000   1.0000       realNov
356.0000    0    2.000   1.0000          NULL 
358.0000    2    2.000   1.0000       realNov
360.0000    2    2.000   1.0000       realNov
362.0000    3    2.000   1.0000     pseudoRep
364.0000    1    2.000   1.0000       realRep
366.0000    0    2.000   1.0000          NULL 
368.0000    2    2.000   1.0000       realNov
370.0000    4    2.000   1.0000     pseudoNov
372.0000    3    2.000   1.0000     pseudoRep
374.0000    4    2.000   1.0000     pseudoNov
376.0000    1    2.000   1.0000       realRep
378.0000    0    2.000   1.0000          NULL 
380.0000    2    2.000   1.0000       realNov
382.0000    2    2.000   1.0000       realNov
384.0000    0    2.000   1.0000          NULL 
386.0000    4    2.000   1.0000     pseudoNov
388.0000    3    2.000   1.0000     pseudoRep
390.0000    4    2.000   1.0000     pseudoNov
392.0000    3    2.000   1.0000     pseudoRep
394.0000    4    2.000   1.0000     pseudoNov
396.0000    1    2.000   1.0000       realRep
398.0000    2    2.000   1.0000       realNov
