  0.0000    3    2.000   1.0000     pseudoRep
  2.0000    2    2.000   1.0000       realNov
  4.0000    3    2.000   1.0000     pseudoRep
  6.0000    4    2.000   1.0000     pseudoNov
  8.0000    3    2.000   1.0000     pseudoRep
 10.0000    1    2.000   1.0000       realRep
 12.0000    1    2.000   1.0000       realRep
 14.0000    2    2.000   1.0000       realNov
 16.0000    0    6.000   1.0000          NULL 
 22.0000    1    2.000   1.0000       realRep
 24.0000    3    2.000   1.0000     pseudoRep
 26.0000    3    2.000   1.0000     pseudoRep
 28.0000    4    2.000   1.0000     pseudoNov
 30.0000    1    2.000   1.0000       realRep
 32.0000    1    2.000   1.0000       realRep
 34.0000    0    4.000   1.0000          NULL 
 38.0000    2    2.000   1.0000       realNov
 40.0000    2    2.000   1.0000       realNov
 42.0000    2    2.000   1.0000       realNov
 44.0000    0    4.000   1.0000          NULL 
 48.0000    2    2.000   1.0000       realNov
 50.0000    4    2.000   1.0000     pseudoNov
 52.0000    2    2.000   1.0000       realNov
 54.0000    0    2.000   1.0000          NULL 
 56.0000    4    2.000   1.0000     pseudoNov
 58.0000    1    2.000   1.0000       realRep
 60.0000    1    2.000   1.0000       realRep
 62.0000    4    2.000   1.0000     pseudoNov
 64.0000    3    2.000   1.0000     pseudoRep
 66.0000    0    2.000   1.0000          NULL 
 68.0000    2    2.000   1.0000       realNov
 70.0000    0    4.000   1.0000          NULL 
 74.0000    3    2.000   1.0000     pseudoRep
 76.0000    2    2.000   1.0000       realNov
 78.0000    1    2.000   1.0000       realRep
 80.0000    2    2.000   1.0000       realNov
 82.0000    2    2.000   1.0000       realNov
 84.0000    3    2.000   1.0000     pseudoRep
 86.0000    4    2.000   1.0000     pseudoNov
 88.0000    1    2.000   1.0000       realRep
 90.0000    3    2.000   1.0000     pseudoRep
 92.0000    0    2.000   1.0000          NULL 
 94.0000    1    2.000   1.0000       realRep
 96.0000    4    2.000   1.0000     pseudoNov
 98.0000    4    2.000   1.0000     pseudoNov
100.0000    4    2.000   1.0000     pseudoNov
102.0000    1    2.000   1.0000       realRep
104.0000    2    2.000   1.0000       realNov
106.0000    1    2.000   1.0000       realRep
108.0000    2    2.000   1.0000       realNov
110.0000    2    2.000   1.0000       realNov
112.0000    1    2.000   1.0000       realRep
114.0000    3    2.000   1.0000     pseudoRep
116.0000    3    2.000   1.0000     pseudoRep
118.0000    4    2.000   1.0000     pseudoNov
120.0000    2    2.000   1.0000       realNov
122.0000    3    2.000   1.0000     pseudoRep
124.0000    1    2.000   1.0000       realRep
126.0000    4    2.000   1.0000     pseudoNov
128.0000    0    2.000   1.0000          NULL 
130.0000    1    2.000   1.0000       realRep
132.0000    3    2.000   1.0000     pseudoRep
134.0000    0    2.000   1.0000          NULL 
136.0000    2    2.000   1.0000       realNov
138.0000    1    2.000   1.0000       realRep
140.0000    2    2.000   1.0000       realNov
142.0000    2    2.000   1.0000       realNov
144.0000    1    2.000   1.0000       realRep
146.0000    0    2.000   1.0000          NULL 
148.0000    2    2.000   1.0000       realNov
150.0000    4    2.000   1.0000     pseudoNov
152.0000    2    2.000   1.0000       realNov
154.0000    1    2.000   1.0000       realRep
156.0000    2    2.000   1.0000       realNov
158.0000    1    2.000   1.0000       realRep
160.0000    2    2.000   1.0000       realNov
162.0000    1    2.000   1.0000       realRep
164.0000    3    2.000   1.0000     pseudoRep
166.0000    1    2.000   1.0000       realRep
168.0000    4    2.000   1.0000     pseudoNov
170.0000    3    2.000   1.0000     pseudoRep
172.0000    4    2.000   1.0000     pseudoNov
174.0000    4    2.000   1.0000     pseudoNov
176.0000    0    2.000   1.0000          NULL 
178.0000    3    2.000   1.0000     pseudoRep
180.0000    2    2.000   1.0000       realNov
182.0000    2    2.000   1.0000       realNov
184.0000    1    2.000   1.0000       realRep
186.0000    1    2.000   1.0000       realRep
188.0000    2    2.000   1.0000       realNov
190.0000    2    2.000   1.0000       realNov
192.0000    3    2.000   1.0000     pseudoRep
194.0000    1    2.000   1.0000       realRep
196.0000    0    2.000   1.0000          NULL 
198.0000    3    2.000   1.0000     pseudoRep
200.0000    0    2.000   1.0000          NULL 
202.0000    4    2.000   1.0000     pseudoNov
204.0000    1    2.000   1.0000       realRep
206.0000    4    2.000   1.0000     pseudoNov
208.0000    3    2.000   1.0000     pseudoRep
210.0000    3    2.000   1.0000     pseudoRep
212.0000    0    2.000   1.0000          NULL 
214.0000    3    2.000   1.0000     pseudoRep
216.0000    4    2.000   1.0000     pseudoNov
218.0000    0    2.000   1.0000          NULL 
220.0000    2    2.000   1.0000       realNov
222.0000    4    2.000   1.0000     pseudoNov
224.0000    3    2.000   1.0000     pseudoRep
226.0000    1    2.000   1.0000       realRep
228.0000    0    2.000   1.0000          NULL 
230.0000    4    2.000   1.0000     pseudoNov
232.0000    2    2.000   1.0000       realNov
234.0000    1    2.000   1.0000       realRep
236.0000    1    2.000   1.0000       realRep
238.0000    0    2.000   1.0000          NULL 
240.0000    3    2.000   1.0000     pseudoRep
242.0000    4    2.000   1.0000     pseudoNov
244.0000    2    2.000   1.0000       realNov
246.0000    1    2.000   1.0000       realRep
248.0000    0    2.000   1.0000          NULL 
250.0000    2    2.000   1.0000       realNov
252.0000    0    2.000   1.0000          NULL 
254.0000    1    2.000   1.0000       realRep
256.0000    3    2.000   1.0000     pseudoRep
258.0000    0    2.000   1.0000          NULL 
260.0000    4    2.000   1.0000     pseudoNov
262.0000    3    2.000   1.0000     pseudoRep
264.0000    2    2.000   1.0000       realNov
266.0000    0    2.000   1.0000          NULL 
268.0000    1    2.000   1.0000       realRep
270.0000    1    2.000   1.0000       realRep
272.0000    4    2.000   1.0000     pseudoNov
274.0000    3    2.000   1.0000     pseudoRep
276.0000    2    2.000   1.0000       realNov
278.0000    4    2.000   1.0000     pseudoNov
280.0000    4    2.000   1.0000     pseudoNov
282.0000    2    2.000   1.0000       realNov
284.0000    0    2.000   1.0000          NULL 
286.0000    4    2.000   1.0000     pseudoNov
288.0000    2    2.000   1.0000       realNov
290.0000    0    2.000   1.0000          NULL 
292.0000    4    2.000   1.0000     pseudoNov
294.0000    0    2.000   1.0000          NULL 
296.0000    3    2.000   1.0000     pseudoRep
298.0000    4    2.000   1.0000     pseudoNov
300.0000    0    4.000   1.0000          NULL 
304.0000    2    2.000   1.0000       realNov
306.0000    3    2.000   1.0000     pseudoRep
308.0000    3    2.000   1.0000     pseudoRep
310.0000    3    2.000   1.0000     pseudoRep
312.0000    3    2.000   1.0000     pseudoRep
314.0000    3    2.000   1.0000     pseudoRep
316.0000    0    2.000   1.0000          NULL 
318.0000    3    2.000   1.0000     pseudoRep
320.0000    1    2.000   1.0000       realRep
322.0000    4    2.000   1.0000     pseudoNov
324.0000    1    2.000   1.0000       realRep
326.0000    4    2.000   1.0000     pseudoNov
328.0000    2    2.000   1.0000       realNov
330.0000    4    2.000   1.0000     pseudoNov
332.0000    0    2.000   1.0000          NULL 
334.0000    2    2.000   1.0000       realNov
336.0000    0    2.000   1.0000          NULL 
338.0000    3    2.000   1.0000     pseudoRep
340.0000    1    2.000   1.0000       realRep
342.0000    0    4.000   1.0000          NULL 
346.0000    1    2.000   1.0000       realRep
348.0000    2    2.000   1.0000       realNov
350.0000    4    2.000   1.0000     pseudoNov
352.0000    4    2.000   1.0000     pseudoNov
354.0000    1    2.000   1.0000       realRep
356.0000    4    2.000   1.0000     pseudoNov
358.0000    0    2.000   1.0000          NULL 
360.0000    4    2.000   1.0000     pseudoNov
362.0000    4    2.000   1.0000     pseudoNov
364.0000    3    2.000   1.0000     pseudoRep
366.0000    2    2.000   1.0000       realNov
368.0000    1    2.000   1.0000       realRep
370.0000    3    2.000   1.0000     pseudoRep
372.0000    4    2.000   1.0000     pseudoNov
374.0000    2    2.000   1.0000       realNov
376.0000    0    2.000   1.0000          NULL 
378.0000    4    2.000   1.0000     pseudoNov
380.0000    3    2.000   1.0000     pseudoRep
382.0000    3    2.000   1.0000     pseudoRep
384.0000    3    2.000   1.0000     pseudoRep
386.0000    1    2.000   1.0000       realRep
388.0000    0    2.000   1.0000          NULL 
390.0000    4    2.000   1.0000     pseudoNov
392.0000    0    2.000   1.0000          NULL 
394.0000    3    2.000   1.0000     pseudoRep
396.0000    1    2.000   1.0000       realRep
398.0000    4    2.000   1.0000     pseudoNov
