  0.0000    3    2.000   1.0000     pseudoRep
  2.0000    2    2.000   1.0000       realNov
  4.0000    4    2.000   1.0000     pseudoNov
  6.0000    1    2.000   1.0000       realRep
  8.0000    3    2.000   1.0000     pseudoRep
 10.0000    3    2.000   1.0000     pseudoRep
 12.0000    3    2.000   1.0000     pseudoRep
 14.0000    0    2.000   1.0000          NULL 
 16.0000    4    2.000   1.0000     pseudoNov
 18.0000    2    2.000   1.0000       realNov
 20.0000    0    2.000   1.0000          NULL 
 22.0000    2    2.000   1.0000       realNov
 24.0000    3    2.000   1.0000     pseudoRep
 26.0000    3    2.000   1.0000     pseudoRep
 28.0000    2    2.000   1.0000       realNov
 30.0000    3    2.000   1.0000     pseudoRep
 32.0000    1    2.000   1.0000       realRep
 34.0000    2    2.000   1.0000       realNov
 36.0000    0    2.000   1.0000          NULL 
 38.0000    4    2.000   1.0000     pseudoNov
 40.0000    1    2.000   1.0000       realRep
 42.0000    0    2.000   1.0000          NULL 
 44.0000    3    2.000   1.0000     pseudoRep
 46.0000    1    2.000   1.0000       realRep
 48.0000    1    2.000   1.0000       realRep
 50.0000    0    2.000   1.0000          NULL 
 52.0000    2    2.000   1.0000       realNov
 54.0000    4    2.000   1.0000     pseudoNov
 56.0000    2    2.000   1.0000       realNov
 58.0000    1    2.000   1.0000       realRep
 60.0000    0    2.000   1.0000          NULL 
 62.0000    2    2.000   1.0000       realNov
 64.0000    3    2.000   1.0000     pseudoRep
 66.0000    4    2.000   1.0000     pseudoNov
 68.0000    4    2.000   1.0000     pseudoNov
 70.0000    4    2.000   1.0000     pseudoNov
 72.0000    3    2.000   1.0000     pseudoRep
 74.0000    4    2.000   1.0000     pseudoNov
 76.0000    1    2.000   1.0000       realRep
 78.0000    3    2.000   1.0000     pseudoRep
 80.0000    3    2.000   1.0000     pseudoRep
 82.0000    2    2.000   1.0000       realNov
 84.0000    1    2.000   1.0000       realRep
 86.0000    3    2.000   1.0000     pseudoRep
 88.0000    4    2.000   1.0000     pseudoNov
 90.0000    0    2.000   1.0000          NULL 
 92.0000    1    2.000   1.0000       realRep
 94.0000    0    2.000   1.0000          NULL 
 96.0000    3    2.000   1.0000     pseudoRep
 98.0000    4    2.000   1.0000     pseudoNov
100.0000    2    2.000   1.0000       realNov
102.0000    3    2.000   1.0000     pseudoRep
104.0000    1    2.000   1.0000       realRep
106.0000    1    2.000   1.0000       realRep
108.0000    2    2.000   1.0000       realNov
110.0000    0    2.000   1.0000          NULL 
112.0000    1    2.000   1.0000       realRep
114.0000    0    2.000   1.0000          NULL 
116.0000    1    2.000   1.0000       realRep
118.0000    4    2.000   1.0000     pseudoNov
120.0000    0    2.000   1.0000          NULL 
122.0000    3    2.000   1.0000     pseudoRep
124.0000    1    2.000   1.0000       realRep
126.0000    1    2.000   1.0000       realRep
128.0000    3    2.000   1.0000     pseudoRep
130.0000    0    2.000   1.0000          NULL 
132.0000    4    2.000   1.0000     pseudoNov
134.0000    1    2.000   1.0000       realRep
136.0000    2    2.000   1.0000       realNov
138.0000    4    2.000   1.0000     pseudoNov
140.0000    1    2.000   1.0000       realRep
142.0000    2    2.000   1.0000       realNov
144.0000    0    2.000   1.0000          NULL 
146.0000    1    2.000   1.0000       realRep
148.0000    1    2.000   1.0000       realRep
150.0000    2    2.000   1.0000       realNov
152.0000    4    2.000   1.0000     pseudoNov
154.0000    2    2.000   1.0000       realNov
156.0000    0    2.000   1.0000          NULL 
158.0000    2    2.000   1.0000       realNov
160.0000    2    2.000   1.0000       realNov
162.0000    4    2.000   1.0000     pseudoNov
164.0000    2    2.000   1.0000       realNov
166.0000    2    2.000   1.0000       realNov
168.0000    0    2.000   1.0000          NULL 
170.0000    2    2.000   1.0000       realNov
172.0000    3    2.000   1.0000     pseudoRep
174.0000    3    2.000   1.0000     pseudoRep
176.0000    3    2.000   1.0000     pseudoRep
178.0000    3    2.000   1.0000     pseudoRep
180.0000    4    2.000   1.0000     pseudoNov
182.0000    4    2.000   1.0000     pseudoNov
184.0000    3    2.000   1.0000     pseudoRep
186.0000    0    2.000   1.0000          NULL 
188.0000    4    2.000   1.0000     pseudoNov
190.0000    1    2.000   1.0000       realRep
192.0000    2    2.000   1.0000       realNov
194.0000    2    2.000   1.0000       realNov
196.0000    0    4.000   1.0000          NULL 
200.0000    3    2.000   1.0000     pseudoRep
202.0000    0    2.000   1.0000          NULL 
204.0000    4    2.000   1.0000     pseudoNov
206.0000    0    2.000   1.0000          NULL 
208.0000    3    2.000   1.0000     pseudoRep
210.0000    2    2.000   1.0000       realNov
212.0000    1    2.000   1.0000       realRep
214.0000    4    2.000   1.0000     pseudoNov
216.0000    3    2.000   1.0000     pseudoRep
218.0000    1    2.000   1.0000       realRep
220.0000    1    2.000   1.0000       realRep
222.0000    2    2.000   1.0000       realNov
224.0000    4    2.000   1.0000     pseudoNov
226.0000    0    2.000   1.0000          NULL 
228.0000    3    2.000   1.0000     pseudoRep
230.0000    2    2.000   1.0000       realNov
232.0000    3    2.000   1.0000     pseudoRep
234.0000    1    2.000   1.0000       realRep
236.0000    0    2.000   1.0000          NULL 
238.0000    4    2.000   1.0000     pseudoNov
240.0000    2    2.000   1.0000       realNov
242.0000    4    2.000   1.0000     pseudoNov
244.0000    3    2.000   1.0000     pseudoRep
246.0000    4    2.000   1.0000     pseudoNov
248.0000    0    2.000   1.0000          NULL 
250.0000    2    2.000   1.0000       realNov
252.0000    3    2.000   1.0000     pseudoRep
254.0000    1    2.000   1.0000       realRep
256.0000    0    2.000   1.0000          NULL 
258.0000    2    2.000   1.0000       realNov
260.0000    1    2.000   1.0000       realRep
262.0000    4    2.000   1.0000     pseudoNov
264.0000    1    2.000   1.0000       realRep
266.0000    3    2.000   1.0000     pseudoRep
268.0000    4    2.000   1.0000     pseudoNov
270.0000    0    2.000   1.0000          NULL 
272.0000    4    2.000   1.0000     pseudoNov
274.0000    3    2.000   1.0000     pseudoRep
276.0000    2    2.000   1.0000       realNov
278.0000    4    2.000   1.0000     pseudoNov
280.0000    4    2.000   1.0000     pseudoNov
282.0000    1    2.000   1.0000       realRep
284.0000    1    2.000   1.0000       realRep
286.0000    2    2.000   1.0000       realNov
288.0000    4    2.000   1.0000     pseudoNov
290.0000    0    2.000   1.0000          NULL 
292.0000    1    2.000   1.0000       realRep
294.0000    0    2.000   1.0000          NULL 
296.0000    1    2.000   1.0000       realRep
298.0000    2    2.000   1.0000       realNov
300.0000    0    2.000   1.0000          NULL 
302.0000    1    2.000   1.0000       realRep
304.0000    0    2.000   1.0000          NULL 
306.0000    2    2.000   1.0000       realNov
308.0000    4    2.000   1.0000     pseudoNov
310.0000    4    2.000   1.0000     pseudoNov
312.0000    3    2.000   1.0000     pseudoRep
314.0000    4    2.000   1.0000     pseudoNov
316.0000    3    2.000   1.0000     pseudoRep
318.0000    0    2.000   1.0000          NULL 
320.0000    4    2.000   1.0000     pseudoNov
322.0000    4    2.000   1.0000     pseudoNov
324.0000    1    2.000   1.0000       realRep
326.0000    4    2.000   1.0000     pseudoNov
328.0000    3    2.000   1.0000     pseudoRep
330.0000    2    2.000   1.0000       realNov
332.0000    3    2.000   1.0000     pseudoRep
334.0000    0    8.000   1.0000          NULL 
342.0000    4    2.000   1.0000     pseudoNov
344.0000    2    2.000   1.0000       realNov
346.0000    1    2.000   1.0000       realRep
348.0000    0    2.000   1.0000          NULL 
350.0000    1    2.000   1.0000       realRep
352.0000    4    2.000   1.0000     pseudoNov
354.0000    2    2.000   1.0000       realNov
356.0000    0    2.000   1.0000          NULL 
358.0000    3    2.000   1.0000     pseudoRep
360.0000    3    2.000   1.0000     pseudoRep
362.0000    0    2.000   1.0000          NULL 
364.0000    1    2.000   1.0000       realRep
366.0000    4    2.000   1.0000     pseudoNov
368.0000    3    2.000   1.0000     pseudoRep
370.0000    0    2.000   1.0000          NULL 
372.0000    1    2.000   1.0000       realRep
374.0000    2    2.000   1.0000       realNov
376.0000    0    2.000   1.0000          NULL 
378.0000    2    2.000   1.0000       realNov
380.0000    0    2.000   1.0000          NULL 
382.0000    1    2.000   1.0000       realRep
384.0000    2    2.000   1.0000       realNov
386.0000    2    2.000   1.0000       realNov
388.0000    3    2.000   1.0000     pseudoRep
390.0000    4    2.000   1.0000     pseudoNov
392.0000    1    2.000   1.0000       realRep
394.0000    1    2.000   1.0000       realRep
396.0000    2    2.000   1.0000       realNov
398.0000    3    2.000   1.0000     pseudoRep
