  0.0000    1    2.000   1.0000       realRep
  2.0000    3    2.000   1.0000     pseudoRep
  4.0000    0    2.000   1.0000          NULL 
  6.0000    4    2.000   1.0000     pseudoNov
  8.0000    2    2.000   1.0000       realNov
 10.0000    0    2.000   1.0000          NULL 
 12.0000    1    2.000   1.0000       realRep
 14.0000    2    2.000   1.0000       realNov
 16.0000    2    2.000   1.0000       realNov
 18.0000    3    2.000   1.0000     pseudoRep
 20.0000    4    2.000   1.0000     pseudoNov
 22.0000    4    2.000   1.0000     pseudoNov
 24.0000    2    2.000   1.0000       realNov
 26.0000    0    2.000   1.0000          NULL 
 28.0000    3    2.000   1.0000     pseudoRep
 30.0000    2    2.000   1.0000       realNov
 32.0000    3    2.000   1.0000     pseudoRep
 34.0000    3    2.000   1.0000     pseudoRep
 36.0000    1    2.000   1.0000       realRep
 38.0000    4    2.000   1.0000     pseudoNov
 40.0000    3    2.000   1.0000     pseudoRep
 42.0000    2    2.000   1.0000       realNov
 44.0000    2    2.000   1.0000       realNov
 46.0000    4    2.000   1.0000     pseudoNov
 48.0000    0    2.000   1.0000          NULL 
 50.0000    4    2.000   1.0000     pseudoNov
 52.0000    3    2.000   1.0000     pseudoRep
 54.0000    3    2.000   1.0000     pseudoRep
 56.0000    0    2.000   1.0000          NULL 
 58.0000    2    2.000   1.0000       realNov
 60.0000    1    2.000   1.0000       realRep
 62.0000    1    2.000   1.0000       realRep
 64.0000    2    2.000   1.0000       realNov
 66.0000    3    2.000   1.0000     pseudoRep
 68.0000    1    2.000   1.0000       realRep
 70.0000    2    2.000   1.0000       realNov
 72.0000    1    2.000   1.0000       realRep
 74.0000    1    2.000   1.0000       realRep
 76.0000    4    2.000   1.0000     pseudoNov
 78.0000    2    2.000   1.0000       realNov
 80.0000    3    2.000   1.0000     pseudoRep
 82.0000    0    4.000   1.0000          NULL 
 86.0000    1    2.000   1.0000       realRep
 88.0000    3    2.000   1.0000     pseudoRep
 90.0000    2    2.000   1.0000       realNov
 92.0000    0    4.000   1.0000          NULL 
 96.0000    1    2.000   1.0000       realRep
 98.0000    2    2.000   1.0000       realNov
100.0000    4    2.000   1.0000     pseudoNov
102.0000    3    2.000   1.0000     pseudoRep
104.0000    4    2.000   1.0000     pseudoNov
106.0000    3    2.000   1.0000     pseudoRep
108.0000    1    2.000   1.0000       realRep
110.0000    0    4.000   1.0000          NULL 
114.0000    2    2.000   1.0000       realNov
116.0000    1    2.000   1.0000       realRep
118.0000    0    2.000   1.0000          NULL 
120.0000    1    2.000   1.0000       realRep
122.0000    4    2.000   1.0000     pseudoNov
124.0000    2    2.000   1.0000       realNov
126.0000    1    2.000   1.0000       realRep
128.0000    0    2.000   1.0000          NULL 
130.0000    2    2.000   1.0000       realNov
132.0000    0    2.000   1.0000          NULL 
134.0000    4    2.000   1.0000     pseudoNov
136.0000    3    2.000   1.0000     pseudoRep
138.0000    1    2.000   1.0000       realRep
140.0000    1    2.000   1.0000       realRep
142.0000    4    2.000   1.0000     pseudoNov
144.0000    4    2.000   1.0000     pseudoNov
146.0000    2    2.000   1.0000       realNov
148.0000    2    2.000   1.0000       realNov
150.0000    1    2.000   1.0000       realRep
152.0000    1    2.000   1.0000       realRep
154.0000    0    4.000   1.0000          NULL 
158.0000    2    2.000   1.0000       realNov
160.0000    2    2.000   1.0000       realNov
162.0000    2    2.000   1.0000       realNov
164.0000    4    2.000   1.0000     pseudoNov
166.0000    2    2.000   1.0000       realNov
168.0000    3    2.000   1.0000     pseudoRep
170.0000    4    2.000   1.0000     pseudoNov
172.0000    0    2.000   1.0000          NULL 
174.0000    2    2.000   1.0000       realNov
176.0000    1    2.000   1.0000       realRep
178.0000    1    2.000   1.0000       realRep
180.0000    0    2.000   1.0000          NULL 
182.0000    4    2.000   1.0000     pseudoNov
184.0000    3    2.000   1.0000     pseudoRep
186.0000    3    2.000   1.0000     pseudoRep
188.0000    3    2.000   1.0000     pseudoRep
190.0000    1    2.000   1.0000       realRep
192.0000    2    2.000   1.0000       realNov
194.0000    2    2.000   1.0000       realNov
196.0000    0    4.000   1.0000          NULL 
200.0000    1    2.000   1.0000       realRep
202.0000    1    2.000   1.0000       realRep
204.0000    3    2.000   1.0000     pseudoRep
206.0000    1    2.000   1.0000       realRep
208.0000    0    2.000   1.0000          NULL 
210.0000    1    2.000   1.0000       realRep
212.0000    4    2.000   1.0000     pseudoNov
214.0000    2    2.000   1.0000       realNov
216.0000    4    2.000   1.0000     pseudoNov
218.0000    2    2.000   1.0000       realNov
220.0000    0    2.000   1.0000          NULL 
222.0000    3    2.000   1.0000     pseudoRep
224.0000    3    2.000   1.0000     pseudoRep
226.0000    4    2.000   1.0000     pseudoNov
228.0000    1    2.000   1.0000       realRep
230.0000    0    2.000   1.0000          NULL 
232.0000    1    2.000   1.0000       realRep
234.0000    4    2.000   1.0000     pseudoNov
236.0000    0    2.000   1.0000          NULL 
238.0000    1    2.000   1.0000       realRep
240.0000    1    2.000   1.0000       realRep
242.0000    4    2.000   1.0000     pseudoNov
244.0000    0    2.000   1.0000          NULL 
246.0000    2    2.000   1.0000       realNov
248.0000    0    4.000   1.0000          NULL 
252.0000    2    2.000   1.0000       realNov
254.0000    4    2.000   1.0000     pseudoNov
256.0000    2    2.000   1.0000       realNov
258.0000    1    2.000   1.0000       realRep
260.0000    3    2.000   1.0000     pseudoRep
262.0000    3    2.000   1.0000     pseudoRep
264.0000    1    2.000   1.0000       realRep
266.0000    4    2.000   1.0000     pseudoNov
268.0000    0    2.000   1.0000          NULL 
270.0000    2    2.000   1.0000       realNov
272.0000    1    2.000   1.0000       realRep
274.0000    3    2.000   1.0000     pseudoRep
276.0000    0    6.000   1.0000          NULL 
282.0000    3    2.000   1.0000     pseudoRep
284.0000    1    2.000   1.0000       realRep
286.0000    1    2.000   1.0000       realRep
288.0000    1    2.000   1.0000       realRep
290.0000    0    2.000   1.0000          NULL 
292.0000    4    2.000   1.0000     pseudoNov
294.0000    4    2.000   1.0000     pseudoNov
296.0000    3    2.000   1.0000     pseudoRep
298.0000    4    2.000   1.0000     pseudoNov
300.0000    4    2.000   1.0000     pseudoNov
302.0000    0    2.000   1.0000          NULL 
304.0000    4    2.000   1.0000     pseudoNov
306.0000    4    2.000   1.0000     pseudoNov
308.0000    0    2.000   1.0000          NULL 
310.0000    3    2.000   1.0000     pseudoRep
312.0000    0    2.000   1.0000          NULL 
314.0000    1    2.000   1.0000       realRep
316.0000    4    2.000   1.0000     pseudoNov
318.0000    2    2.000   1.0000       realNov
320.0000    4    2.000   1.0000     pseudoNov
322.0000    2    2.000   1.0000       realNov
324.0000    3    2.000   1.0000     pseudoRep
326.0000    2    2.000   1.0000       realNov
328.0000    0    4.000   1.0000          NULL 
332.0000    3    2.000   1.0000     pseudoRep
334.0000    4    2.000   1.0000     pseudoNov
336.0000    1    2.000   1.0000       realRep
338.0000    1    2.000   1.0000       realRep
340.0000    3    2.000   1.0000     pseudoRep
342.0000    0    2.000   1.0000          NULL 
344.0000    3    2.000   1.0000     pseudoRep
346.0000    4    2.000   1.0000     pseudoNov
348.0000    1    2.000   1.0000       realRep
350.0000    3    2.000   1.0000     pseudoRep
352.0000    2    2.000   1.0000       realNov
354.0000    3    2.000   1.0000     pseudoRep
356.0000    4    2.000   1.0000     pseudoNov
358.0000    4    2.000   1.0000     pseudoNov
360.0000    0    2.000   1.0000          NULL 
362.0000    2    2.000   1.0000       realNov
364.0000    2    2.000   1.0000       realNov
366.0000    4    2.000   1.0000     pseudoNov
368.0000    3    2.000   1.0000     pseudoRep
370.0000    3    2.000   1.0000     pseudoRep
372.0000    2    2.000   1.0000       realNov
374.0000    0    2.000   1.0000          NULL 
376.0000    3    2.000   1.0000     pseudoRep
378.0000    3    2.000   1.0000     pseudoRep
380.0000    3    2.000   1.0000     pseudoRep
382.0000    4    2.000   1.0000     pseudoNov
384.0000    1    2.000   1.0000       realRep
386.0000    2    2.000   1.0000       realNov
388.0000    3    2.000   1.0000     pseudoRep
390.0000    2    2.000   1.0000       realNov
392.0000    4    2.000   1.0000     pseudoNov
394.0000    4    2.000   1.0000     pseudoNov
396.0000    3    2.000   1.0000     pseudoRep
398.0000    4    2.000   1.0000     pseudoNov
