  0.0000    1    2.000   1.0000       realRep
  2.0000    0    2.000   1.0000          NULL 
  4.0000    2    2.000   1.0000       realNov
  6.0000    4    2.000   1.0000     pseudoNov
  8.0000    2    2.000   1.0000       realNov
 10.0000    2    2.000   1.0000       realNov
 12.0000    2    2.000   1.0000       realNov
 14.0000    4    2.000   1.0000     pseudoNov
 16.0000    0    2.000   1.0000          NULL 
 18.0000    3    2.000   1.0000     pseudoRep
 20.0000    3    2.000   1.0000     pseudoRep
 22.0000    4    2.000   1.0000     pseudoNov
 24.0000    2    2.000   1.0000       realNov
 26.0000    1    2.000   1.0000       realRep
 28.0000    1    2.000   1.0000       realRep
 30.0000    0    2.000   1.0000          NULL 
 32.0000    1    2.000   1.0000       realRep
 34.0000    0    2.000   1.0000          NULL 
 36.0000    1    2.000   1.0000       realRep
 38.0000    4    2.000   1.0000     pseudoNov
 40.0000    4    2.000   1.0000     pseudoNov
 42.0000    3    2.000   1.0000     pseudoRep
 44.0000    0    4.000   1.0000          NULL 
 48.0000    3    2.000   1.0000     pseudoRep
 50.0000    2    2.000   1.0000       realNov
 52.0000    0    2.000   1.0000          NULL 
 54.0000    3    2.000   1.0000     pseudoRep
 56.0000    2    2.000   1.0000       realNov
 58.0000    3    2.000   1.0000     pseudoRep
 60.0000    3    2.000   1.0000     pseudoRep
 62.0000    4    2.000   1.0000     pseudoNov
 64.0000    1    2.000   1.0000       realRep
 66.0000    4    2.000   1.0000     pseudoNov
 68.0000    3    2.000   1.0000     pseudoRep
 70.0000    4    2.000   1.0000     pseudoNov
 72.0000    0    2.000   1.0000          NULL 
 74.0000    1    2.000   1.0000       realRep
 76.0000    3    2.000   1.0000     pseudoRep
 78.0000    0    4.000   1.0000          NULL 
 82.0000    4    2.000   1.0000     pseudoNov
 84.0000    4    2.000   1.0000     pseudoNov
 86.0000    1    2.000   1.0000       realRep
 88.0000    3    2.000   1.0000     pseudoRep
 90.0000    4    2.000   1.0000     pseudoNov
 92.0000    2    2.000   1.0000       realNov
 94.0000    2    2.000   1.0000       realNov
 96.0000    0    2.000   1.0000          NULL 
 98.0000    4    2.000   1.0000     pseudoNov
100.0000    4    2.000   1.0000     pseudoNov
102.0000    3    2.000   1.0000     pseudoRep
104.0000    2    2.000   1.0000       realNov
106.0000    4    2.000   1.0000     pseudoNov
108.0000    2    2.000   1.0000       realNov
110.0000    2    2.000   1.0000       realNov
112.0000    4    2.000   1.0000     pseudoNov
114.0000    3    2.000   1.0000     pseudoRep
116.0000    1    2.000   1.0000       realRep
118.0000    4    2.000   1.0000     pseudoNov
120.0000    3    2.000   1.0000     pseudoRep
122.0000    4    2.000   1.0000     pseudoNov
124.0000    2    2.000   1.0000       realNov
126.0000    0    2.000   1.0000          NULL 
128.0000    4    2.000   1.0000     pseudoNov
130.0000    1    2.000   1.0000       realRep
132.0000    0    2.000   1.0000          NULL 
134.0000    1    2.000   1.0000       realRep
136.0000    1    2.000   1.0000       realRep
138.0000    3    2.000   1.0000     pseudoRep
140.0000    3    2.000   1.0000     pseudoRep
142.0000    3    2.000   1.0000     pseudoRep
144.0000    4    2.000   1.0000     pseudoNov
146.0000    0    4.000   1.0000          NULL 
150.0000    3    2.000   1.0000     pseudoRep
152.0000    0    2.000   1.0000          NULL 
154.0000    3    2.000   1.0000     pseudoRep
156.0000    2    2.000   1.0000       realNov
158.0000    0    2.000   1.0000          NULL 
160.0000    1    2.000   1.0000       realRep
162.0000    0    2.000   1.0000          NULL 
164.0000    3    2.000   1.0000     pseudoRep
166.0000    1    2.000   1.0000       realRep
168.0000    2    2.000   1.0000       realNov
170.0000    4    2.000   1.0000     pseudoNov
172.0000    0    2.000   1.0000          NULL 
174.0000    3    2.000   1.0000     pseudoRep
176.0000    1    2.000   1.0000       realRep
178.0000    4    2.000   1.0000     pseudoNov
180.0000    3    2.000   1.0000     pseudoRep
182.0000    1    2.000   1.0000       realRep
184.0000    3    2.000   1.0000     pseudoRep
186.0000    2    2.000   1.0000       realNov
188.0000    2    2.000   1.0000       realNov
190.0000    1    2.000   1.0000       realRep
192.0000    4    2.000   1.0000     pseudoNov
194.0000    1    2.000   1.0000       realRep
196.0000    0    2.000   1.0000          NULL 
198.0000    2    2.000   1.0000       realNov
200.0000    0    2.000   1.0000          NULL 
202.0000    3    2.000   1.0000     pseudoRep
204.0000    4    2.000   1.0000     pseudoNov
206.0000    1    2.000   1.0000       realRep
208.0000    2    2.000   1.0000       realNov
210.0000    4    2.000   1.0000     pseudoNov
212.0000    2    2.000   1.0000       realNov
214.0000    0    2.000   1.0000          NULL 
216.0000    2    2.000   1.0000       realNov
218.0000    2    2.000   1.0000       realNov
220.0000    1    2.000   1.0000       realRep
222.0000    3    2.000   1.0000     pseudoRep
224.0000    0    4.000   1.0000          NULL 
228.0000    4    2.000   1.0000     pseudoNov
230.0000    4    2.000   1.0000     pseudoNov
232.0000    4    2.000   1.0000     pseudoNov
234.0000    4    2.000   1.0000     pseudoNov
236.0000    2    2.000   1.0000       realNov
238.0000    3    2.000   1.0000     pseudoRep
240.0000    0    2.000   1.0000          NULL 
242.0000    1    2.000   1.0000       realRep
244.0000    4    2.000   1.0000     pseudoNov
246.0000    3    2.000   1.0000     pseudoRep
248.0000    0    2.000   1.0000          NULL 
250.0000    4    2.000   1.0000     pseudoNov
252.0000    3    2.000   1.0000     pseudoRep
254.0000    3    2.000   1.0000     pseudoRep
256.0000    1    2.000   1.0000       realRep
258.0000    0    2.000   1.0000          NULL 
260.0000    4    2.000   1.0000     pseudoNov
262.0000    2    2.000   1.0000       realNov
264.0000    4    2.000   1.0000     pseudoNov
266.0000    1    2.000   1.0000       realRep
268.0000    2    2.000   1.0000       realNov
270.0000    2    2.000   1.0000       realNov
272.0000    3    2.000   1.0000     pseudoRep
274.0000    1    2.000   1.0000       realRep
276.0000    4    2.000   1.0000     pseudoNov
278.0000    3    2.000   1.0000     pseudoRep
280.0000    3    2.000   1.0000     pseudoRep
282.0000    2    2.000   1.0000       realNov
284.0000    1    2.000   1.0000       realRep
286.0000    4    2.000   1.0000     pseudoNov
288.0000    0    2.000   1.0000          NULL 
290.0000    3    2.000   1.0000     pseudoRep
292.0000    3    2.000   1.0000     pseudoRep
294.0000    1    2.000   1.0000       realRep
296.0000    0    2.000   1.0000          NULL 
298.0000    1    2.000   1.0000       realRep
300.0000    0    2.000   1.0000          NULL 
302.0000    2    2.000   1.0000       realNov
304.0000    4    2.000   1.0000     pseudoNov
306.0000    0    2.000   1.0000          NULL 
308.0000    4    2.000   1.0000     pseudoNov
310.0000    2    2.000   1.0000       realNov
312.0000    1    2.000   1.0000       realRep
314.0000    0    2.000   1.0000          NULL 
316.0000    2    2.000   1.0000       realNov
318.0000    3    2.000   1.0000     pseudoRep
320.0000    3    2.000   1.0000     pseudoRep
322.0000    2    2.000   1.0000       realNov
324.0000    0    2.000   1.0000          NULL 
326.0000    1    2.000   1.0000       realRep
328.0000    4    2.000   1.0000     pseudoNov
330.0000    2    2.000   1.0000       realNov
332.0000    0    2.000   1.0000          NULL 
334.0000    2    2.000   1.0000       realNov
336.0000    0    2.000   1.0000          NULL 
338.0000    2    2.000   1.0000       realNov
340.0000    3    2.000   1.0000     pseudoRep
342.0000    1    2.000   1.0000       realRep
344.0000    2    2.000   1.0000       realNov
346.0000    1    2.000   1.0000       realRep
348.0000    1    2.000   1.0000       realRep
350.0000    1    2.000   1.0000       realRep
352.0000    0    2.000   1.0000          NULL 
354.0000    1    2.000   1.0000       realRep
356.0000    0    2.000   1.0000          NULL 
358.0000    1    2.000   1.0000       realRep
360.0000    3    2.000   1.0000     pseudoRep
362.0000    1    2.000   1.0000       realRep
364.0000    1    2.000   1.0000       realRep
366.0000    2    2.000   1.0000       realNov
368.0000    1    2.000   1.0000       realRep
370.0000    3    2.000   1.0000     pseudoRep
372.0000    0    4.000   1.0000          NULL 
376.0000    4    2.000   1.0000     pseudoNov
378.0000    1    2.000   1.0000       realRep
380.0000    4    2.000   1.0000     pseudoNov
382.0000    2    2.000   1.0000       realNov
384.0000    3    2.000   1.0000     pseudoRep
386.0000    4    2.000   1.0000     pseudoNov
388.0000    3    2.000   1.0000     pseudoRep
390.0000    0    2.000   1.0000          NULL 
392.0000    2    2.000   1.0000       realNov
394.0000    1    2.000   1.0000       realRep
396.0000    2    2.000   1.0000       realNov
398.0000    2    2.000   1.0000       realNov
