  0.0000    3    2.000   1.0000     pseudoRep
  2.0000    2    2.000   1.0000       realNov
  4.0000    1    2.000   1.0000       realRep
  6.0000    1    2.000   1.0000       realRep
  8.0000    1    2.000   1.0000       realRep
 10.0000    1    2.000   1.0000       realRep
 12.0000    2    2.000   1.0000       realNov
 14.0000    0    2.000   1.0000          NULL 
 16.0000    4    2.000   1.0000     pseudoNov
 18.0000    2    2.000   1.0000       realNov
 20.0000    1    2.000   1.0000       realRep
 22.0000    3    2.000   1.0000     pseudoRep
 24.0000    3    2.000   1.0000     pseudoRep
 26.0000    3    2.000   1.0000     pseudoRep
 28.0000    4    2.000   1.0000     pseudoNov
 30.0000    4    2.000   1.0000     pseudoNov
 32.0000    0    2.000   1.0000          NULL 
 34.0000    1    2.000   1.0000       realRep
 36.0000    1    2.000   1.0000       realRep
 38.0000    0    2.000   1.0000          NULL 
 40.0000    2    2.000   1.0000       realNov
 42.0000    1    2.000   1.0000       realRep
 44.0000    4    2.000   1.0000     pseudoNov
 46.0000    3    2.000   1.0000     pseudoRep
 48.0000    0    2.000   1.0000          NULL 
 50.0000    4    2.000   1.0000     pseudoNov
 52.0000    3    2.000   1.0000     pseudoRep
 54.0000    4    2.000   1.0000     pseudoNov
 56.0000    2    2.000   1.0000       realNov
 58.0000    1    2.000   1.0000       realRep
 60.0000    2    2.000   1.0000       realNov
 62.0000    4    2.000   1.0000     pseudoNov
 64.0000    1    2.000   1.0000       realRep
 66.0000    0    2.000   1.0000          NULL 
 68.0000    1    2.000   1.0000       realRep
 70.0000    4    2.000   1.0000     pseudoNov
 72.0000    2    2.000   1.0000       realNov
 74.0000    2    2.000   1.0000       realNov
 76.0000    0    2.000   1.0000          NULL 
 78.0000    4    2.000   1.0000     pseudoNov
 80.0000    4    2.000   1.0000     pseudoNov
 82.0000    4    2.000   1.0000     pseudoNov
 84.0000    3    2.000   1.0000     pseudoRep
 86.0000    0    4.000   1.0000          NULL 
 90.0000    3    2.000   1.0000     pseudoRep
 92.0000    2    2.000   1.0000       realNov
 94.0000    1    2.000   1.0000       realRep
 96.0000    2    2.000   1.0000       realNov
 98.0000    3    2.000   1.0000     pseudoRep
100.0000    3    2.000   1.0000     pseudoRep
102.0000    2    2.000   1.0000       realNov
104.0000    3    2.000   1.0000     pseudoRep
106.0000    1    2.000   1.0000       realRep
108.0000    1    2.000   1.0000       realRep
110.0000    1    2.000   1.0000       realRep
112.0000    0    2.000   1.0000          NULL 
114.0000    1    2.000   1.0000       realRep
116.0000    2    2.000   1.0000       realNov
118.0000    1    2.000   1.0000       realRep
120.0000    3    2.000   1.0000     pseudoRep
122.0000    1    2.000   1.0000       realRep
124.0000    0    4.000   1.0000          NULL 
128.0000    3    2.000   1.0000     pseudoRep
130.0000    1    2.000   1.0000       realRep
132.0000    3    2.000   1.0000     pseudoRep
134.0000    3    2.000   1.0000     pseudoRep
136.0000    1    2.000   1.0000       realRep
138.0000    2    2.000   1.0000       realNov
140.0000    2    2.000   1.0000       realNov
142.0000    0    2.000   1.0000          NULL 
144.0000    4    2.000   1.0000     pseudoNov
146.0000    4    2.000   1.0000     pseudoNov
148.0000    2    2.000   1.0000       realNov
150.0000    4    2.000   1.0000     pseudoNov
152.0000    4    2.000   1.0000     pseudoNov
154.0000    2    2.000   1.0000       realNov
156.0000    3    2.000   1.0000     pseudoRep
158.0000    0    2.000   1.0000          NULL 
160.0000    4    2.000   1.0000     pseudoNov
162.0000    0    2.000   1.0000          NULL 
164.0000    3    2.000   1.0000     pseudoRep
166.0000    3    2.000   1.0000     pseudoRep
168.0000    0    2.000   1.0000          NULL 
170.0000    4    2.000   1.0000     pseudoNov
172.0000    1    2.000   1.0000       realRep
174.0000    3    2.000   1.0000     pseudoRep
176.0000    1    2.000   1.0000       realRep
178.0000    3    2.000   1.0000     pseudoRep
180.0000    2    2.000   1.0000       realNov
182.0000    3    2.000   1.0000     pseudoRep
184.0000    4    2.000   1.0000     pseudoNov
186.0000    1    2.000   1.0000       realRep
188.0000    1    2.000   1.0000       realRep
190.0000    0    2.000   1.0000          NULL 
192.0000    1    2.000   1.0000       realRep
194.0000    4    2.000   1.0000     pseudoNov
196.0000    4    2.000   1.0000     pseudoNov
198.0000    0    2.000   1.0000          NULL 
200.0000    3    2.000   1.0000     pseudoRep
202.0000    4    2.000   1.0000     pseudoNov
204.0000    3    2.000   1.0000     pseudoRep
206.0000    4    2.000   1.0000     pseudoNov
208.0000    0    2.000   1.0000          NULL 
210.0000    2    2.000   1.0000       realNov
212.0000    4    2.000   1.0000     pseudoNov
214.0000    2    2.000   1.0000       realNov
216.0000    1    2.000   1.0000       realRep
218.0000    3    2.000   1.0000     pseudoRep
220.0000    2    2.000   1.0000       realNov
222.0000    4    2.000   1.0000     pseudoNov
224.0000    0    2.000   1.0000          NULL 
226.0000    1    2.000   1.0000       realRep
228.0000    3    2.000   1.0000     pseudoRep
230.0000    4    2.000   1.0000     pseudoNov
232.0000    3    2.000   1.0000     pseudoRep
234.0000    2    2.000   1.0000       realNov
236.0000    1    2.000   1.0000       realRep
238.0000    2    2.000   1.0000       realNov
240.0000    0    2.000   1.0000          NULL 
242.0000    3    2.000   1.0000     pseudoRep
244.0000    0    2.000   1.0000          NULL 
246.0000    1    2.000   1.0000       realRep
248.0000    4    2.000   1.0000     pseudoNov
250.0000    2    2.000   1.0000       realNov
252.0000    4    2.000   1.0000     pseudoNov
254.0000    1    2.000   1.0000       realRep
256.0000    1    2.000   1.0000       realRep
258.0000    2    2.000   1.0000       realNov
260.0000    3    2.000   1.0000     pseudoRep
262.0000    2    2.000   1.0000       realNov
264.0000    0    4.000   1.0000          NULL 
268.0000    2    2.000   1.0000       realNov
270.0000    0    2.000   1.0000          NULL 
272.0000    2    2.000   1.0000       realNov
274.0000    0    2.000   1.0000          NULL 
276.0000    4    2.000   1.0000     pseudoNov
278.0000    3    2.000   1.0000     pseudoRep
280.0000    1    2.000   1.0000       realRep
282.0000    4    2.000   1.0000     pseudoNov
284.0000    4    2.000   1.0000     pseudoNov
286.0000    3    2.000   1.0000     pseudoRep
288.0000    0    2.000   1.0000          NULL 
290.0000    3    2.000   1.0000     pseudoRep
292.0000    2    2.000   1.0000       realNov
294.0000    4    2.000   1.0000     pseudoNov
296.0000    1    2.000   1.0000       realRep
298.0000    0    2.000   1.0000          NULL 
300.0000    2    2.000   1.0000       realNov
302.0000    2    2.000   1.0000       realNov
304.0000    4    2.000   1.0000     pseudoNov
306.0000    2    2.000   1.0000       realNov
308.0000    2    2.000   1.0000       realNov
310.0000    0    2.000   1.0000          NULL 
312.0000    4    2.000   1.0000     pseudoNov
314.0000    2    2.000   1.0000       realNov
316.0000    4    2.000   1.0000     pseudoNov
318.0000    3    2.000   1.0000     pseudoRep
320.0000    4    2.000   1.0000     pseudoNov
322.0000    0    6.000   1.0000          NULL 
328.0000    1    2.000   1.0000       realRep
330.0000    4    2.000   1.0000     pseudoNov
332.0000    0    4.000   1.0000          NULL 
336.0000    3    2.000   1.0000     pseudoRep
338.0000    3    2.000   1.0000     pseudoRep
340.0000    3    2.000   1.0000     pseudoRep
342.0000    0    2.000   1.0000          NULL 
344.0000    4    2.000   1.0000     pseudoNov
346.0000    3    2.000   1.0000     pseudoRep
348.0000    4    2.000   1.0000     pseudoNov
350.0000    0    2.000   1.0000          NULL 
352.0000    3    2.000   1.0000     pseudoRep
354.0000    1    2.000   1.0000       realRep
356.0000    0    2.000   1.0000          NULL 
358.0000    2    2.000   1.0000       realNov
360.0000    1    2.000   1.0000       realRep
362.0000    1    2.000   1.0000       realRep
364.0000    0    2.000   1.0000          NULL 
366.0000    1    2.000   1.0000       realRep
368.0000    0    2.000   1.0000          NULL 
370.0000    2    2.000   1.0000       realNov
372.0000    2    2.000   1.0000       realNov
374.0000    3    2.000   1.0000     pseudoRep
376.0000    1    2.000   1.0000       realRep
378.0000    2    2.000   1.0000       realNov
380.0000    4    2.000   1.0000     pseudoNov
382.0000    1    2.000   1.0000       realRep
384.0000    0    2.000   1.0000          NULL 
386.0000    3    2.000   1.0000     pseudoRep
388.0000    2    2.000   1.0000       realNov
390.0000    0    2.000   1.0000          NULL 
392.0000    3    2.000   1.0000     pseudoRep
394.0000    2    2.000   1.0000       realNov
396.0000    2    2.000   1.0000       realNov
398.0000    4    2.000   1.0000     pseudoNov
