  0.0000    1    2.000   1.0000       realRep
  2.0000    2    2.000   1.0000       realNov
  4.0000    3    2.000   1.0000     pseudoRep
  6.0000    1    2.000   1.0000       realRep
  8.0000    2    2.000   1.0000       realNov
 10.0000    1    2.000   1.0000       realRep
 12.0000    2    2.000   1.0000       realNov
 14.0000    3    2.000   1.0000     pseudoRep
 16.0000    0    4.000   1.0000          NULL 
 20.0000    4    2.000   1.0000     pseudoNov
 22.0000    2    2.000   1.0000       realNov
 24.0000    4    2.000   1.0000     pseudoNov
 26.0000    2    2.000   1.0000       realNov
 28.0000    1    2.000   1.0000       realRep
 30.0000    4    2.000   1.0000     pseudoNov
 32.0000    0    2.000   1.0000          NULL 
 34.0000    4    2.000   1.0000     pseudoNov
 36.0000    3    2.000   1.0000     pseudoRep
 38.0000    1    2.000   1.0000       realRep
 40.0000    1    2.000   1.0000       realRep
 42.0000    4    2.000   1.0000     pseudoNov
 44.0000    0    2.000   1.0000          NULL 
 46.0000    3    2.000   1.0000     pseudoRep
 48.0000    1    2.000   1.0000       realRep
 50.0000    0    4.000   1.0000          NULL 
 54.0000    2    2.000   1.0000       realNov
 56.0000    0    4.000   1.0000          NULL 
 60.0000    2    2.000   1.0000       realNov
 62.0000    4    2.000   1.0000     pseudoNov
 64.0000    2    2.000   1.0000       realNov
 66.0000    4    2.000   1.0000     pseudoNov
 68.0000    3    2.000   1.0000     pseudoRep
 70.0000    4    2.000   1.0000     pseudoNov
 72.0000    1    2.000   1.0000       realRep
 74.0000    2    2.000   1.0000       realNov
 76.0000    0    2.000   1.0000          NULL 
 78.0000    2    2.000   1.0000       realNov
 80.0000    0    2.000   1.0000          NULL 
 82.0000    3    2.000   1.0000     pseudoRep
 84.0000    1    2.000   1.0000       realRep
 86.0000    4    2.000   1.0000     pseudoNov
 88.0000    3    2.000   1.0000     pseudoRep
 90.0000    0    2.000   1.0000          NULL 
 92.0000    4    2.000   1.0000     pseudoNov
 94.0000    4    2.000   1.0000     pseudoNov
 96.0000    1    2.000   1.0000       realRep
 98.0000    2    2.000   1.0000       realNov
100.0000    0    2.000   1.0000          NULL 
102.0000    1    2.000   1.0000       realRep
104.0000    1    2.000   1.0000       realRep
106.0000    3    2.000   1.0000     pseudoRep
108.0000    3    2.000   1.0000     pseudoRep
110.0000    1    2.000   1.0000       realRep
112.0000    0    4.000   1.0000          NULL 
116.0000    4    2.000   1.0000     pseudoNov
118.0000    2    2.000   1.0000       realNov
120.0000    3    2.000   1.0000     pseudoRep
122.0000    2    2.000   1.0000       realNov
124.0000    3    2.000   1.0000     pseudoRep
126.0000    1    2.000   1.0000       realRep
128.0000    1    2.000   1.0000       realRep
130.0000    1    2.000   1.0000       realRep
132.0000    2    2.000   1.0000       realNov
134.0000    2    2.000   1.0000       realNov
136.0000    4    2.000   1.0000     pseudoNov
138.0000    1    2.000   1.0000       realRep
140.0000    2    2.000   1.0000       realNov
142.0000    3    2.000   1.0000     pseudoRep
144.0000    0    2.000   1.0000          NULL 
146.0000    4    2.000   1.0000     pseudoNov
148.0000    3    2.000   1.0000     pseudoRep
150.0000    0    2.000   1.0000          NULL 
152.0000    1    2.000   1.0000       realRep
154.0000    3    2.000   1.0000     pseudoRep
156.0000    2    2.000   1.0000       realNov
158.0000    4    2.000   1.0000     pseudoNov
160.0000    0    2.000   1.0000          NULL 
162.0000    3    2.000   1.0000     pseudoRep
164.0000    0    2.000   1.0000          NULL 
166.0000    2    2.000   1.0000       realNov
168.0000    1    2.000   1.0000       realRep
170.0000    4    2.000   1.0000     pseudoNov
172.0000    2    2.000   1.0000       realNov
174.0000    4    2.000   1.0000     pseudoNov
176.0000    3    2.000   1.0000     pseudoRep
178.0000    4    2.000   1.0000     pseudoNov
180.0000    1    2.000   1.0000       realRep
182.0000    3    2.000   1.0000     pseudoRep
184.0000    4    2.000   1.0000     pseudoNov
186.0000    3    2.000   1.0000     pseudoRep
188.0000    0    2.000   1.0000          NULL 
190.0000    3    2.000   1.0000     pseudoRep
192.0000    4    2.000   1.0000     pseudoNov
194.0000    3    2.000   1.0000     pseudoRep
196.0000    1    2.000   1.0000       realRep
198.0000    3    2.000   1.0000     pseudoRep
200.0000    1    2.000   1.0000       realRep
202.0000    0    2.000   1.0000          NULL 
204.0000    2    2.000   1.0000       realNov
206.0000    2    2.000   1.0000       realNov
208.0000    1    2.000   1.0000       realRep
210.0000    1    2.000   1.0000       realRep
212.0000    2    2.000   1.0000       realNov
214.0000    0    2.000   1.0000          NULL 
216.0000    4    2.000   1.0000     pseudoNov
218.0000    0    2.000   1.0000          NULL 
220.0000    1    2.000   1.0000       realRep
222.0000    2    2.000   1.0000       realNov
224.0000    3    2.000   1.0000     pseudoRep
226.0000    1    2.000   1.0000       realRep
228.0000    0    2.000   1.0000          NULL 
230.0000    2    2.000   1.0000       realNov
232.0000    1    2.000   1.0000       realRep
234.0000    3    2.000   1.0000     pseudoRep
236.0000    0    2.000   1.0000          NULL 
238.0000    4    2.000   1.0000     pseudoNov
240.0000    2    2.000   1.0000       realNov
242.0000    2    2.000   1.0000       realNov
244.0000    3    2.000   1.0000     pseudoRep
246.0000    3    2.000   1.0000     pseudoRep
248.0000    1    2.000   1.0000       realRep
250.0000    3    2.000   1.0000     pseudoRep
252.0000    3    2.000   1.0000     pseudoRep
254.0000    0    2.000   1.0000          NULL 
256.0000    3    2.000   1.0000     pseudoRep
258.0000    2    2.000   1.0000       realNov
260.0000    0    2.000   1.0000          NULL 
262.0000    4    2.000   1.0000     pseudoNov
264.0000    3    2.000   1.0000     pseudoRep
266.0000    2    2.000   1.0000       realNov
268.0000    3    2.000   1.0000     pseudoRep
270.0000    0    2.000   1.0000          NULL 
272.0000    2    2.000   1.0000       realNov
274.0000    4    2.000   1.0000     pseudoNov
276.0000    4    2.000   1.0000     pseudoNov
278.0000    4    2.000   1.0000     pseudoNov
280.0000    1    2.000   1.0000       realRep
282.0000    0    2.000   1.0000          NULL 
284.0000    1    2.000   1.0000       realRep
286.0000    4    2.000   1.0000     pseudoNov
288.0000    1    2.000   1.0000       realRep
290.0000    4    2.000   1.0000     pseudoNov
292.0000    0    2.000   1.0000          NULL 
294.0000    2    2.000   1.0000       realNov
296.0000    4    2.000   1.0000     pseudoNov
298.0000    4    2.000   1.0000     pseudoNov
300.0000    4    2.000   1.0000     pseudoNov
302.0000    2    2.000   1.0000       realNov
304.0000    3    2.000   1.0000     pseudoRep
306.0000    3    2.000   1.0000     pseudoRep
308.0000    4    2.000   1.0000     pseudoNov
310.0000    4    2.000   1.0000     pseudoNov
312.0000    1    2.000   1.0000       realRep
314.0000    4    2.000   1.0000     pseudoNov
316.0000    1    2.000   1.0000       realRep
318.0000    3    2.000   1.0000     pseudoRep
320.0000    1    2.000   1.0000       realRep
322.0000    3    2.000   1.0000     pseudoRep
324.0000    0    2.000   1.0000          NULL 
326.0000    3    2.000   1.0000     pseudoRep
328.0000    4    2.000   1.0000     pseudoNov
330.0000    2    2.000   1.0000       realNov
332.0000    0    6.000   1.0000          NULL 
338.0000    3    2.000   1.0000     pseudoRep
340.0000    4    2.000   1.0000     pseudoNov
342.0000    0    2.000   1.0000          NULL 
344.0000    4    2.000   1.0000     pseudoNov
346.0000    3    2.000   1.0000     pseudoRep
348.0000    2    2.000   1.0000       realNov
350.0000    2    2.000   1.0000       realNov
352.0000    0    4.000   1.0000          NULL 
356.0000    3    2.000   1.0000     pseudoRep
358.0000    1    2.000   1.0000       realRep
360.0000    1    2.000   1.0000       realRep
362.0000    4    2.000   1.0000     pseudoNov
364.0000    4    2.000   1.0000     pseudoNov
366.0000    0    2.000   1.0000          NULL 
368.0000    1    2.000   1.0000       realRep
370.0000    0    2.000   1.0000          NULL 
372.0000    1    2.000   1.0000       realRep
374.0000    0    2.000   1.0000          NULL 
376.0000    3    2.000   1.0000     pseudoRep
378.0000    2    2.000   1.0000       realNov
380.0000    4    2.000   1.0000     pseudoNov
382.0000    2    2.000   1.0000       realNov
384.0000    2    2.000   1.0000       realNov
386.0000    2    2.000   1.0000       realNov
388.0000    1    2.000   1.0000       realRep
390.0000    2    2.000   1.0000       realNov
392.0000    3    2.000   1.0000     pseudoRep
394.0000    2    2.000   1.0000       realNov
396.0000    1    2.000   1.0000       realRep
398.0000    0    2.000   1.0000          NULL 
