  0.0000    3    2.000   1.0000     pseudoRep
  2.0000    2    2.000   1.0000       realNov
  4.0000    4    2.000   1.0000     pseudoNov
  6.0000    1    2.000   1.0000       realRep
  8.0000    3    2.000   1.0000     pseudoRep
 10.0000    3    2.000   1.0000     pseudoRep
 12.0000    4    2.000   1.0000     pseudoNov
 14.0000    0    2.000   1.0000          NULL 
 16.0000    4    2.000   1.0000     pseudoNov
 18.0000    1    2.000   1.0000       realRep
 20.0000    4    2.000   1.0000     pseudoNov
 22.0000    2    2.000   1.0000       realNov
 24.0000    4    2.000   1.0000     pseudoNov
 26.0000    1    2.000   1.0000       realRep
 28.0000    2    2.000   1.0000       realNov
 30.0000    1    2.000   1.0000       realRep
 32.0000    2    2.000   1.0000       realNov
 34.0000    1    2.000   1.0000       realRep
 36.0000    1    2.000   1.0000       realRep
 38.0000    0    2.000   1.0000          NULL 
 40.0000    1    2.000   1.0000       realRep
 42.0000    1    2.000   1.0000       realRep
 44.0000    3    2.000   1.0000     pseudoRep
 46.0000    3    2.000   1.0000     pseudoRep
 48.0000    0    2.000   1.0000          NULL 
 50.0000    3    2.000   1.0000     pseudoRep
 52.0000    3    2.000   1.0000     pseudoRep
 54.0000    3    2.000   1.0000     pseudoRep
 56.0000    2    2.000   1.0000       realNov
 58.0000    2    2.000   1.0000       realNov
 60.0000    4    2.000   1.0000     pseudoNov
 62.0000    3    2.000   1.0000     pseudoRep
 64.0000    3    2.000   1.0000     pseudoRep
 66.0000    3    2.000   1.0000     pseudoRep
 68.0000    2    2.000   1.0000       realNov
 70.0000    2    2.000   1.0000       realNov
 72.0000    2    2.000   1.0000       realNov
 74.0000    3    2.000   1.0000     pseudoRep
 76.0000    1    2.000   1.0000       realRep
 78.0000    0    2.000   1.0000          NULL 
 80.0000    2    2.000   1.0000       realNov
 82.0000    0    2.000   1.0000          NULL 
 84.0000    2    2.000   1.0000       realNov
 86.0000    2    2.000   1.0000       realNov
 88.0000    0    2.000   1.0000          NULL 
 90.0000    1    2.000   1.0000       realRep
 92.0000    1    2.000   1.0000       realRep
 94.0000    0    4.000   1.0000          NULL 
 98.0000    4    2.000   1.0000     pseudoNov
100.0000    2    2.000   1.0000       realNov
102.0000    1    2.000   1.0000       realRep
104.0000    1    2.000   1.0000       realRep
106.0000    4    2.000   1.0000     pseudoNov
108.0000    1    2.000   1.0000       realRep
110.0000    1    2.000   1.0000       realRep
112.0000    4    2.000   1.0000     pseudoNov
114.0000    0    2.000   1.0000          NULL 
116.0000    1    2.000   1.0000       realRep
118.0000    0    2.000   1.0000          NULL 
120.0000    3    2.000   1.0000     pseudoRep
122.0000    4    2.000   1.0000     pseudoNov
124.0000    4    2.000   1.0000     pseudoNov
126.0000    0    2.000   1.0000          NULL 
128.0000    2    2.000   1.0000       realNov
130.0000    3    2.000   1.0000     pseudoRep
132.0000    1    2.000   1.0000       realRep
134.0000    2    2.000   1.0000       realNov
136.0000    0    2.000   1.0000          NULL 
138.0000    2    2.000   1.0000       realNov
140.0000    4    2.000   1.0000     pseudoNov
142.0000    1    2.000   1.0000       realRep
144.0000    1    2.000   1.0000       realRep
146.0000    3    2.000   1.0000     pseudoRep
148.0000    4    2.000   1.0000     pseudoNov
150.0000    4    2.000   1.0000     pseudoNov
152.0000    2    2.000   1.0000       realNov
154.0000    1    2.000   1.0000       realRep
156.0000    3    2.000   1.0000     pseudoRep
158.0000    1    2.000   1.0000       realRep
160.0000    4    2.000   1.0000     pseudoNov
162.0000    2    2.000   1.0000       realNov
164.0000    0    2.000   1.0000          NULL 
166.0000    1    2.000   1.0000       realRep
168.0000    0    2.000   1.0000          NULL 
170.0000    1    2.000   1.0000       realRep
172.0000    1    2.000   1.0000       realRep
174.0000    1    2.000   1.0000       realRep
176.0000    0    2.000   1.0000          NULL 
178.0000    4    2.000   1.0000     pseudoNov
180.0000    2    2.000   1.0000       realNov
182.0000    4    2.000   1.0000     pseudoNov
184.0000    0    2.000   1.0000          NULL 
186.0000    2    2.000   1.0000       realNov
188.0000    3    2.000   1.0000     pseudoRep
190.0000    4    2.000   1.0000     pseudoNov
192.0000    0    2.000   1.0000          NULL 
194.0000    2    2.000   1.0000       realNov
196.0000    2    2.000   1.0000       realNov
198.0000    1    2.000   1.0000       realRep
200.0000    4    2.000   1.0000     pseudoNov
202.0000    3    2.000   1.0000     pseudoRep
204.0000    0    2.000   1.0000          NULL 
206.0000    2    2.000   1.0000       realNov
208.0000    4    2.000   1.0000     pseudoNov
210.0000    3    2.000   1.0000     pseudoRep
212.0000    1    2.000   1.0000       realRep
214.0000    4    2.000   1.0000     pseudoNov
216.0000    2    2.000   1.0000       realNov
218.0000    3    2.000   1.0000     pseudoRep
220.0000    2    2.000   1.0000       realNov
222.0000    4    2.000   1.0000     pseudoNov
224.0000    3    2.000   1.0000     pseudoRep
226.0000    0    2.000   1.0000          NULL 
228.0000    2    2.000   1.0000       realNov
230.0000    0    6.000   1.0000          NULL 
236.0000    1    2.000   1.0000       realRep
238.0000    1    2.000   1.0000       realRep
240.0000    4    2.000   1.0000     pseudoNov
242.0000    4    2.000   1.0000     pseudoNov
244.0000    3    2.000   1.0000     pseudoRep
246.0000    4    2.000   1.0000     pseudoNov
248.0000    1    2.000   1.0000       realRep
250.0000    4    2.000   1.0000     pseudoNov
252.0000    2    2.000   1.0000       realNov
254.0000    0    2.000   1.0000          NULL 
256.0000    1    2.000   1.0000       realRep
258.0000    0    2.000   1.0000          NULL 
260.0000    3    2.000   1.0000     pseudoRep
262.0000    1    2.000   1.0000       realRep
264.0000    3    2.000   1.0000     pseudoRep
266.0000    4    2.000   1.0000     pseudoNov
268.0000    2    2.000   1.0000       realNov
270.0000    0    2.000   1.0000          NULL 
272.0000    3    2.000   1.0000     pseudoRep
274.0000    4    2.000   1.0000     pseudoNov
276.0000    4    2.000   1.0000     pseudoNov
278.0000    0    4.000   1.0000          NULL 
282.0000    2    2.000   1.0000       realNov
284.0000    4    2.000   1.0000     pseudoNov
286.0000    2    2.000   1.0000       realNov
288.0000    3    2.000   1.0000     pseudoRep
290.0000    2    2.000   1.0000       realNov
292.0000    4    2.000   1.0000     pseudoNov
294.0000    2    2.000   1.0000       realNov
296.0000    4    2.000   1.0000     pseudoNov
298.0000    0    2.000   1.0000          NULL 
300.0000    3    2.000   1.0000     pseudoRep
302.0000    3    2.000   1.0000     pseudoRep
304.0000    4    2.000   1.0000     pseudoNov
306.0000    0    2.000   1.0000          NULL 
308.0000    4    2.000   1.0000     pseudoNov
310.0000    3    2.000   1.0000     pseudoRep
312.0000    2    2.000   1.0000       realNov
314.0000    1    2.000   1.0000       realRep
316.0000    1    2.000   1.0000       realRep
318.0000    2    2.000   1.0000       realNov
320.0000    0    2.000   1.0000          NULL 
322.0000    2    2.000   1.0000       realNov
324.0000    0    2.000   1.0000          NULL 
326.0000    2    2.000   1.0000       realNov
328.0000    3    2.000   1.0000     pseudoRep
330.0000    0    2.000   1.0000          NULL 
332.0000    3    2.000   1.0000     pseudoRep
334.0000    4    2.000   1.0000     pseudoNov
336.0000    1    2.000   1.0000       realRep
338.0000    3    2.000   1.0000     pseudoRep
340.0000    2    2.000   1.0000       realNov
342.0000    0    2.000   1.0000          NULL 
344.0000    2    2.000   1.0000       realNov
346.0000    3    2.000   1.0000     pseudoRep
348.0000    0    2.000   1.0000          NULL 
350.0000    4    2.000   1.0000     pseudoNov
352.0000    4    2.000   1.0000     pseudoNov
354.0000    4    2.000   1.0000     pseudoNov
356.0000    2    2.000   1.0000       realNov
358.0000    0    2.000   1.0000          NULL 
360.0000    4    2.000   1.0000     pseudoNov
362.0000    0    4.000   1.0000          NULL 
366.0000    3    2.000   1.0000     pseudoRep
368.0000    3    2.000   1.0000     pseudoRep
370.0000    3    2.000   1.0000     pseudoRep
372.0000    0    2.000   1.0000          NULL 
374.0000    1    2.000   1.0000       realRep
376.0000    1    2.000   1.0000       realRep
378.0000    0    2.000   1.0000          NULL 
380.0000    1    2.000   1.0000       realRep
382.0000    3    2.000   1.0000     pseudoRep
384.0000    3    2.000   1.0000     pseudoRep
386.0000    3    2.000   1.0000     pseudoRep
388.0000    1    2.000   1.0000       realRep
390.0000    2    2.000   1.0000       realNov
392.0000    0    2.000   1.0000          NULL 
394.0000    1    2.000   1.0000       realRep
396.0000    3    2.000   1.0000     pseudoRep
398.0000    4    2.000   1.0000     pseudoNov
