  0.0000    2    2.000   1.0000       realNov
  2.0000    3    2.000   1.0000     pseudoRep
  4.0000    2    2.000   1.0000       realNov
  6.0000    4    2.000   1.0000     pseudoNov
  8.0000    0    2.000   1.0000          NULL 
 10.0000    4    2.000   1.0000     pseudoNov
 12.0000    1    2.000   1.0000       realRep
 14.0000    2    2.000   1.0000       realNov
 16.0000    1    2.000   1.0000       realRep
 18.0000    0    2.000   1.0000          NULL 
 20.0000    1    2.000   1.0000       realRep
 22.0000    4    2.000   1.0000     pseudoNov
 24.0000    4    2.000   1.0000     pseudoNov
 26.0000    4    2.000   1.0000     pseudoNov
 28.0000    4    2.000   1.0000     pseudoNov
 30.0000    0    2.000   1.0000          NULL 
 32.0000    2    2.000   1.0000       realNov
 34.0000    2    2.000   1.0000       realNov
 36.0000    0    4.000   1.0000          NULL 
 40.0000    2    2.000   1.0000       realNov
 42.0000    0    2.000   1.0000          NULL 
 44.0000    4    2.000   1.0000     pseudoNov
 46.0000    1    2.000   1.0000       realRep
 48.0000    4    2.000   1.0000     pseudoNov
 50.0000    0    4.000   1.0000          NULL 
 54.0000    1    2.000   1.0000       realRep
 56.0000    2    2.000   1.0000       realNov
 58.0000    1    2.000   1.0000       realRep
 60.0000    3    2.000   1.0000     pseudoRep
 62.0000    3    2.000   1.0000     pseudoRep
 64.0000    4    2.000   1.0000     pseudoNov
 66.0000    4    2.000   1.0000     pseudoNov
 68.0000    4    2.000   1.0000     pseudoNov
 70.0000    3    2.000   1.0000     pseudoRep
 72.0000    0    4.000   1.0000          NULL 
 76.0000    3    2.000   1.0000     pseudoRep
 78.0000    2    2.000   1.0000       realNov
 80.0000    3    2.000   1.0000     pseudoRep
 82.0000    1    2.000   1.0000       realRep
 84.0000    2    2.000   1.0000       realNov
 86.0000    3    2.000   1.0000     pseudoRep
 88.0000    4    2.000   1.0000     pseudoNov
 90.0000    1    2.000   1.0000       realRep
 92.0000    3    2.000   1.0000     pseudoRep
 94.0000    0    2.000   1.0000          NULL 
 96.0000    2    2.000   1.0000       realNov
 98.0000    0    2.000   1.0000          NULL 
100.0000    3    2.000   1.0000     pseudoRep
102.0000    2    2.000   1.0000       realNov
104.0000    4    2.000   1.0000     pseudoNov
106.0000    2    2.000   1.0000       realNov
108.0000    3    2.000   1.0000     pseudoRep
110.0000    4    2.000   1.0000     pseudoNov
112.0000    2    2.000   1.0000       realNov
114.0000    4    2.000   1.0000     pseudoNov
116.0000    4    2.000   1.0000     pseudoNov
118.0000    2    2.000   1.0000       realNov
120.0000    2    2.000   1.0000       realNov
122.0000    2    2.000   1.0000       realNov
124.0000    3    2.000   1.0000     pseudoRep
126.0000    3    2.000   1.0000     pseudoRep
128.0000    1    2.000   1.0000       realRep
130.0000    2    2.000   1.0000       realNov
132.0000    3    2.000   1.0000     pseudoRep
134.0000    1    2.000   1.0000       realRep
136.0000    2    2.000   1.0000       realNov
138.0000    2    2.000   1.0000       realNov
140.0000    4    2.000   1.0000     pseudoNov
142.0000    2    2.000   1.0000       realNov
144.0000    4    2.000   1.0000     pseudoNov
146.0000    3    2.000   1.0000     pseudoRep
148.0000    4    2.000   1.0000     pseudoNov
150.0000    0    2.000   1.0000          NULL 
152.0000    1    2.000   1.0000       realRep
154.0000    4    2.000   1.0000     pseudoNov
156.0000    0    2.000   1.0000          NULL 
158.0000    4    2.000   1.0000     pseudoNov
160.0000    1    2.000   1.0000       realRep
162.0000    1    2.000   1.0000       realRep
164.0000    1    2.000   1.0000       realRep
166.0000    3    2.000   1.0000     pseudoRep
168.0000    0    2.000   1.0000          NULL 
170.0000    2    2.000   1.0000       realNov
172.0000    2    2.000   1.0000       realNov
174.0000    1    2.000   1.0000       realRep
176.0000    1    2.000   1.0000       realRep
178.0000    4    2.000   1.0000     pseudoNov
180.0000    3    2.000   1.0000     pseudoRep
182.0000    3    2.000   1.0000     pseudoRep
184.0000    3    2.000   1.0000     pseudoRep
186.0000    4    2.000   1.0000     pseudoNov
188.0000    0    2.000   1.0000          NULL 
190.0000    3    2.000   1.0000     pseudoRep
192.0000    0    2.000   1.0000          NULL 
194.0000    4    2.000   1.0000     pseudoNov
196.0000    2    2.000   1.0000       realNov
198.0000    2    2.000   1.0000       realNov
200.0000    3    2.000   1.0000     pseudoRep
202.0000    4    2.000   1.0000     pseudoNov
204.0000    4    2.000   1.0000     pseudoNov
206.0000    2    2.000   1.0000       realNov
208.0000    4    2.000   1.0000     pseudoNov
210.0000    3    2.000   1.0000     pseudoRep
212.0000    0    2.000   1.0000          NULL 
214.0000    2    2.000   1.0000       realNov
216.0000    1    2.000   1.0000       realRep
218.0000    3    2.000   1.0000     pseudoRep
220.0000    0    2.000   1.0000          NULL 
222.0000    2    2.000   1.0000       realNov
224.0000    1    2.000   1.0000       realRep
226.0000    0    2.000   1.0000          NULL 
228.0000    3    2.000   1.0000     pseudoRep
230.0000    1    2.000   1.0000       realRep
232.0000    0    2.000   1.0000          NULL 
234.0000    4    2.000   1.0000     pseudoNov
236.0000    4    2.000   1.0000     pseudoNov
238.0000    4    2.000   1.0000     pseudoNov
240.0000    3    2.000   1.0000     pseudoRep
242.0000    4    2.000   1.0000     pseudoNov
244.0000    1    2.000   1.0000       realRep
246.0000    1    2.000   1.0000       realRep
248.0000    1    2.000   1.0000       realRep
250.0000    0    2.000   1.0000          NULL 
252.0000    1    2.000   1.0000       realRep
254.0000    4    2.000   1.0000     pseudoNov
256.0000    2    2.000   1.0000       realNov
258.0000    0    2.000   1.0000          NULL 
260.0000    2    2.000   1.0000       realNov
262.0000    4    2.000   1.0000     pseudoNov
264.0000    1    2.000   1.0000       realRep
266.0000    3    2.000   1.0000     pseudoRep
268.0000    2    2.000   1.0000       realNov
270.0000    0    4.000   1.0000          NULL 
274.0000    3    2.000   1.0000     pseudoRep
276.0000    1    2.000   1.0000       realRep
278.0000    3    2.000   1.0000     pseudoRep
280.0000    3    2.000   1.0000     pseudoRep
282.0000    3    2.000   1.0000     pseudoRep
284.0000    0    2.000   1.0000          NULL 
286.0000    1    2.000   1.0000       realRep
288.0000    0    2.000   1.0000          NULL 
290.0000    3    2.000   1.0000     pseudoRep
292.0000    3    2.000   1.0000     pseudoRep
294.0000    1    2.000   1.0000       realRep
296.0000    4    2.000   1.0000     pseudoNov
298.0000    1    2.000   1.0000       realRep
300.0000    0    2.000   1.0000          NULL 
302.0000    2    2.000   1.0000       realNov
304.0000    3    2.000   1.0000     pseudoRep
306.0000    0    4.000   1.0000          NULL 
310.0000    1    2.000   1.0000       realRep
312.0000    1    2.000   1.0000       realRep
314.0000    2    2.000   1.0000       realNov
316.0000    1    2.000   1.0000       realRep
318.0000    3    2.000   1.0000     pseudoRep
320.0000    2    2.000   1.0000       realNov
322.0000    0    4.000   1.0000          NULL 
326.0000    3    2.000   1.0000     pseudoRep
328.0000    0    2.000   1.0000          NULL 
330.0000    2    2.000   1.0000       realNov
332.0000    0    2.000   1.0000          NULL 
334.0000    1    2.000   1.0000       realRep
336.0000    4    2.000   1.0000     pseudoNov
338.0000    1    2.000   1.0000       realRep
340.0000    4    2.000   1.0000     pseudoNov
342.0000    3    2.000   1.0000     pseudoRep
344.0000    3    2.000   1.0000     pseudoRep
346.0000    4    2.000   1.0000     pseudoNov
348.0000    1    2.000   1.0000       realRep
350.0000    1    2.000   1.0000       realRep
352.0000    2    2.000   1.0000       realNov
354.0000    1    2.000   1.0000       realRep
356.0000    0    2.000   1.0000          NULL 
358.0000    4    2.000   1.0000     pseudoNov
360.0000    2    2.000   1.0000       realNov
362.0000    2    2.000   1.0000       realNov
364.0000    1    2.000   1.0000       realRep
366.0000    3    2.000   1.0000     pseudoRep
368.0000    0    2.000   1.0000          NULL 
370.0000    4    2.000   1.0000     pseudoNov
372.0000    0    2.000   1.0000          NULL 
374.0000    1    2.000   1.0000       realRep
376.0000    2    2.000   1.0000       realNov
378.0000    4    2.000   1.0000     pseudoNov
380.0000    1    2.000   1.0000       realRep
382.0000    0    4.000   1.0000          NULL 
386.0000    3    2.000   1.0000     pseudoRep
388.0000    2    2.000   1.0000       realNov
390.0000    3    2.000   1.0000     pseudoRep
392.0000    0    2.000   1.0000          NULL 
394.0000    3    2.000   1.0000     pseudoRep
396.0000    2    2.000   1.0000       realNov
398.0000    1    2.000   1.0000       realRep
