  0.0000    1    2.000   1.0000       realRep
  2.0000    4    2.000   1.0000     pseudoNov
  4.0000    2    2.000   1.0000       realNov
  6.0000    3    2.000   1.0000     pseudoRep
  8.0000    1    2.000   1.0000       realRep
 10.0000    1    2.000   1.0000       realRep
 12.0000    3    2.000   1.0000     pseudoRep
 14.0000    1    2.000   1.0000       realRep
 16.0000    1    2.000   1.0000       realRep
 18.0000    1    2.000   1.0000       realRep
 20.0000    3    2.000   1.0000     pseudoRep
 22.0000    4    2.000   1.0000     pseudoNov
 24.0000    4    2.000   1.0000     pseudoNov
 26.0000    0    2.000   1.0000          NULL 
 28.0000    4    2.000   1.0000     pseudoNov
 30.0000    0    2.000   1.0000          NULL 
 32.0000    2    2.000   1.0000       realNov
 34.0000    0    4.000   1.0000          NULL 
 38.0000    2    2.000   1.0000       realNov
 40.0000    0    2.000   1.0000          NULL 
 42.0000    1    2.000   1.0000       realRep
 44.0000    0    2.000   1.0000          NULL 
 46.0000    3    2.000   1.0000     pseudoRep
 48.0000    4    2.000   1.0000     pseudoNov
 50.0000    2    2.000   1.0000       realNov
 52.0000    4    2.000   1.0000     pseudoNov
 54.0000    4    2.000   1.0000     pseudoNov
 56.0000    2    2.000   1.0000       realNov
 58.0000    3    2.000   1.0000     pseudoRep
 60.0000    3    2.000   1.0000     pseudoRep
 62.0000    2    2.000   1.0000       realNov
 64.0000    0    4.000   1.0000          NULL 
 68.0000    3    2.000   1.0000     pseudoRep
 70.0000    2    2.000   1.0000       realNov
 72.0000    1    2.000   1.0000       realRep
 74.0000    1    2.000   1.0000       realRep
 76.0000    2    2.000   1.0000       realNov
 78.0000    0    2.000   1.0000          NULL 
 80.0000    2    2.000   1.0000       realNov
 82.0000    2    2.000   1.0000       realNov
 84.0000    4    2.000   1.0000     pseudoNov
 86.0000    4    2.000   1.0000     pseudoNov
 88.0000    1    2.000   1.0000       realRep
 90.0000    4    2.000   1.0000     pseudoNov
 92.0000    0    2.000   1.0000          NULL 
 94.0000    3    2.000   1.0000     pseudoRep
 96.0000    1    2.000   1.0000       realRep
 98.0000    1    2.000   1.0000       realRep
100.0000    4    2.000   1.0000     pseudoNov
102.0000    2    2.000   1.0000       realNov
104.0000    1    2.000   1.0000       realRep
106.0000    3    2.000   1.0000     pseudoRep
108.0000    0    6.000   1.0000          NULL 
114.0000    2    2.000   1.0000       realNov
116.0000    0    2.000   1.0000          NULL 
118.0000    3    2.000   1.0000     pseudoRep
120.0000    3    2.000   1.0000     pseudoRep
122.0000    2    2.000   1.0000       realNov
124.0000    0    2.000   1.0000          NULL 
126.0000    4    2.000   1.0000     pseudoNov
128.0000    1    2.000   1.0000       realRep
130.0000    1    2.000   1.0000       realRep
132.0000    2    2.000   1.0000       realNov
134.0000    3    2.000   1.0000     pseudoRep
136.0000    3    2.000   1.0000     pseudoRep
138.0000    4    2.000   1.0000     pseudoNov
140.0000    2    2.000   1.0000       realNov
142.0000    3    2.000   1.0000     pseudoRep
144.0000    1    2.000   1.0000       realRep
146.0000    2    2.000   1.0000       realNov
148.0000    0    2.000   1.0000          NULL 
150.0000    2    2.000   1.0000       realNov
152.0000    4    2.000   1.0000     pseudoNov
154.0000    1    2.000   1.0000       realRep
156.0000    4    2.000   1.0000     pseudoNov
158.0000    1    2.000   1.0000       realRep
160.0000    4    2.000   1.0000     pseudoNov
162.0000    3    2.000   1.0000     pseudoRep
164.0000    2    2.000   1.0000       realNov
166.0000    1    2.000   1.0000       realRep
168.0000    2    2.000   1.0000       realNov
170.0000    1    2.000   1.0000       realRep
172.0000    0    2.000   1.0000          NULL 
174.0000    2    2.000   1.0000       realNov
176.0000    1    2.000   1.0000       realRep
178.0000    4    2.000   1.0000     pseudoNov
180.0000    0    4.000   1.0000          NULL 
184.0000    4    2.000   1.0000     pseudoNov
186.0000    1    2.000   1.0000       realRep
188.0000    2    2.000   1.0000       realNov
190.0000    4    2.000   1.0000     pseudoNov
192.0000    2    2.000   1.0000       realNov
194.0000    0    4.000   1.0000          NULL 
198.0000    4    2.000   1.0000     pseudoNov
200.0000    4    2.000   1.0000     pseudoNov
202.0000    3    2.000   1.0000     pseudoRep
204.0000    3    2.000   1.0000     pseudoRep
206.0000    0    2.000   1.0000          NULL 
208.0000    3    2.000   1.0000     pseudoRep
210.0000    1    2.000   1.0000       realRep
212.0000    0    2.000   1.0000          NULL 
214.0000    2    2.000   1.0000       realNov
216.0000    0    2.000   1.0000          NULL 
218.0000    1    2.000   1.0000       realRep
220.0000    0    2.000   1.0000          NULL 
222.0000    4    2.000   1.0000     pseudoNov
224.0000    3    2.000   1.0000     pseudoRep
226.0000    2    2.000   1.0000       realNov
228.0000    4    2.000   1.0000     pseudoNov
230.0000    1    2.000   1.0000       realRep
232.0000    3    2.000   1.0000     pseudoRep
234.0000    2    2.000   1.0000       realNov
236.0000    3    2.000   1.0000     pseudoRep
238.0000    1    2.000   1.0000       realRep
240.0000    0    2.000   1.0000          NULL 
242.0000    3    2.000   1.0000     pseudoRep
244.0000    0    2.000   1.0000          NULL 
246.0000    4    2.000   1.0000     pseudoNov
248.0000    0    2.000   1.0000          NULL 
250.0000    3    2.000   1.0000     pseudoRep
252.0000    3    2.000   1.0000     pseudoRep
254.0000    1    2.000   1.0000       realRep
256.0000    2    2.000   1.0000       realNov
258.0000    3    2.000   1.0000     pseudoRep
260.0000    2    2.000   1.0000       realNov
262.0000    4    2.000   1.0000     pseudoNov
264.0000    4    2.000   1.0000     pseudoNov
266.0000    0    4.000   1.0000          NULL 
270.0000    3    2.000   1.0000     pseudoRep
272.0000    1    2.000   1.0000       realRep
274.0000    2    2.000   1.0000       realNov
276.0000    1    2.000   1.0000       realRep
278.0000    1    2.000   1.0000       realRep
280.0000    4    2.000   1.0000     pseudoNov
282.0000    4    2.000   1.0000     pseudoNov
284.0000    3    2.000   1.0000     pseudoRep
286.0000    3    2.000   1.0000     pseudoRep
288.0000    0    2.000   1.0000          NULL 
290.0000    1    2.000   1.0000       realRep
292.0000    4    2.000   1.0000     pseudoNov
294.0000    3    2.000   1.0000     pseudoRep
296.0000    4    2.000   1.0000     pseudoNov
298.0000    3    2.000   1.0000     pseudoRep
300.0000    0    2.000   1.0000          NULL 
302.0000    4    2.000   1.0000     pseudoNov
304.0000    3    2.000   1.0000     pseudoRep
306.0000    4    2.000   1.0000     pseudoNov
308.0000    1    2.000   1.0000       realRep
310.0000    3    2.000   1.0000     pseudoRep
312.0000    3    2.000   1.0000     pseudoRep
314.0000    3    2.000   1.0000     pseudoRep
316.0000    1    2.000   1.0000       realRep
318.0000    2    2.000   1.0000       realNov
320.0000    2    2.000   1.0000       realNov
322.0000    4    2.000   1.0000     pseudoNov
324.0000    0    2.000   1.0000          NULL 
326.0000    4    2.000   1.0000     pseudoNov
328.0000    2    2.000   1.0000       realNov
330.0000    2    2.000   1.0000       realNov
332.0000    2    2.000   1.0000       realNov
334.0000    4    2.000   1.0000     pseudoNov
336.0000    0    2.000   1.0000          NULL 
338.0000    1    2.000   1.0000       realRep
340.0000    4    2.000   1.0000     pseudoNov
342.0000    4    2.000   1.0000     pseudoNov
344.0000    1    2.000   1.0000       realRep
346.0000    2    2.000   1.0000       realNov
348.0000    3    2.000   1.0000     pseudoRep
350.0000    2    2.000   1.0000       realNov
352.0000    0    2.000   1.0000          NULL 
354.0000    1    2.000   1.0000       realRep
356.0000    3    2.000   1.0000     pseudoRep
358.0000    0    2.000   1.0000          NULL 
360.0000    4    2.000   1.0000     pseudoNov
362.0000    2    2.000   1.0000       realNov
364.0000    0    2.000   1.0000          NULL 
366.0000    3    2.000   1.0000     pseudoRep
368.0000    0    2.000   1.0000          NULL 
370.0000    1    2.000   1.0000       realRep
372.0000    1    2.000   1.0000       realRep
374.0000    4    2.000   1.0000     pseudoNov
376.0000    1    2.000   1.0000       realRep
378.0000    1    2.000   1.0000       realRep
380.0000    0    2.000   1.0000          NULL 
382.0000    2    2.000   1.0000       realNov
384.0000    4    2.000   1.0000     pseudoNov
386.0000    0    2.000   1.0000          NULL 
388.0000    3    2.000   1.0000     pseudoRep
390.0000    2    2.000   1.0000       realNov
392.0000    3    2.000   1.0000     pseudoRep
394.0000    2    2.000   1.0000       realNov
396.0000    2    2.000   1.0000       realNov
398.0000    3    2.000   1.0000     pseudoRep
