  0.0000    3    2.000   1.0000     pseudoRep
  2.0000    2    2.000   1.0000       realNov
  4.0000    4    2.000   1.0000     pseudoNov
  6.0000    4    2.000   1.0000     pseudoNov
  8.0000    1    2.000   1.0000       realRep
 10.0000    0    2.000   1.0000          NULL 
 12.0000    2    2.000   1.0000       realNov
 14.0000    0    4.000   1.0000          NULL 
 18.0000    1    2.000   1.0000       realRep
 20.0000    3    2.000   1.0000     pseudoRep
 22.0000    1    2.000   1.0000       realRep
 24.0000    4    2.000   1.0000     pseudoNov
 26.0000    4    2.000   1.0000     pseudoNov
 28.0000    1    2.000   1.0000       realRep
 30.0000    1    2.000   1.0000       realRep
 32.0000    0    4.000   1.0000          NULL 
 36.0000    4    2.000   1.0000     pseudoNov
 38.0000    2    2.000   1.0000       realNov
 40.0000    1    2.000   1.0000       realRep
 42.0000    3    2.000   1.0000     pseudoRep
 44.0000    1    2.000   1.0000       realRep
 46.0000    2    2.000   1.0000       realNov
 48.0000    4    2.000   1.0000     pseudoNov
 50.0000    0    2.000   1.0000          NULL 
 52.0000    3    2.000   1.0000     pseudoRep
 54.0000    3    2.000   1.0000     pseudoRep
 56.0000    3    2.000   1.0000     pseudoRep
 58.0000    2    2.000   1.0000       realNov
 60.0000    0    2.000   1.0000          NULL 
 62.0000    4    2.000   1.0000     pseudoNov
 64.0000    2    2.000   1.0000       realNov
 66.0000    4    2.000   1.0000     pseudoNov
 68.0000    2    2.000   1.0000       realNov
 70.0000    2    2.000   1.0000       realNov
 72.0000    0    2.000   1.0000          NULL 
 74.0000    2    2.000   1.0000       realNov
 76.0000    4    2.000   1.0000     pseudoNov
 78.0000    0    4.000   1.0000          NULL 
 82.0000    3    2.000   1.0000     pseudoRep
 84.0000    3    2.000   1.0000     pseudoRep
 86.0000    3    2.000   1.0000     pseudoRep
 88.0000    2    2.000   1.0000       realNov
 90.0000    1    2.000   1.0000       realRep
 92.0000    1    2.000   1.0000       realRep
 94.0000    4    2.000   1.0000     pseudoNov
 96.0000    2    2.000   1.0000       realNov
 98.0000    3    2.000   1.0000     pseudoRep
100.0000    1    2.000   1.0000       realRep
102.0000    1    2.000   1.0000       realRep
104.0000    2    2.000   1.0000       realNov
106.0000    2    2.000   1.0000       realNov
108.0000    3    2.000   1.0000     pseudoRep
110.0000    2    2.000   1.0000       realNov
112.0000    2    2.000   1.0000       realNov
114.0000    2    2.000   1.0000       realNov
116.0000    0    2.000   1.0000          NULL 
118.0000    3    2.000   1.0000     pseudoRep
120.0000    0    2.000   1.0000          NULL 
122.0000    2    2.000   1.0000       realNov
124.0000    3    2.000   1.0000     pseudoRep
126.0000    3    2.000   1.0000     pseudoRep
128.0000    0    2.000   1.0000          NULL 
130.0000    1    2.000   1.0000       realRep
132.0000    0    2.000   1.0000          NULL 
134.0000    2    2.000   1.0000       realNov
136.0000    2    2.000   1.0000       realNov
138.0000    0    2.000   1.0000          NULL 
140.0000    2    2.000   1.0000       realNov
142.0000    3    2.000   1.0000     pseudoRep
144.0000    1    2.000   1.0000       realRep
146.0000    4    2.000   1.0000     pseudoNov
148.0000    1    2.000   1.0000       realRep
150.0000    3    2.000   1.0000     pseudoRep
152.0000    3    2.000   1.0000     pseudoRep
154.0000    4    2.000   1.0000     pseudoNov
156.0000    4    2.000   1.0000     pseudoNov
158.0000    0    2.000   1.0000          NULL 
160.0000    3    2.000   1.0000     pseudoRep
162.0000    2    2.000   1.0000       realNov
164.0000    0    2.000   1.0000          NULL 
166.0000    4    2.000   1.0000     pseudoNov
168.0000    2    2.000   1.0000       realNov
170.0000    3    2.000   1.0000     pseudoRep
172.0000    2    2.000   1.0000       realNov
174.0000    3    2.000   1.0000     pseudoRep
176.0000    2    2.000   1.0000       realNov
178.0000    1    2.000   1.0000       realRep
180.0000    3    2.000   1.0000     pseudoRep
182.0000    3    2.000   1.0000     pseudoRep
184.0000    0    2.000   1.0000          NULL 
186.0000    3    2.000   1.0000     pseudoRep
188.0000    1    2.000   1.0000       realRep
190.0000    0    2.000   1.0000          NULL 
192.0000    2    2.000   1.0000       realNov
194.0000    3    2.000   1.0000     pseudoRep
196.0000    0    2.000   1.0000          NULL 
198.0000    4    2.000   1.0000     pseudoNov
200.0000    0    2.000   1.0000          NULL 
202.0000    3    2.000   1.0000     pseudoRep
204.0000    2    2.000   1.0000       realNov
206.0000    1    2.000   1.0000       realRep
208.0000    4    2.000   1.0000     pseudoNov
210.0000    1    2.000   1.0000       realRep
212.0000    1    2.000   1.0000       realRep
214.0000    4    2.000   1.0000     pseudoNov
216.0000    2    2.000   1.0000       realNov
218.0000    4    2.000   1.0000     pseudoNov
220.0000    4    2.000   1.0000     pseudoNov
222.0000    0    2.000   1.0000          NULL 
224.0000    3    2.000   1.0000     pseudoRep
226.0000    4    2.000   1.0000     pseudoNov
228.0000    1    2.000   1.0000       realRep
230.0000    0    2.000   1.0000          NULL 
232.0000    4    2.000   1.0000     pseudoNov
234.0000    4    2.000   1.0000     pseudoNov
236.0000    3    2.000   1.0000     pseudoRep
238.0000    1    2.000   1.0000       realRep
240.0000    1    2.000   1.0000       realRep
242.0000    1    2.000   1.0000       realRep
244.0000    3    2.000   1.0000     pseudoRep
246.0000    0    4.000   1.0000          NULL 
250.0000    4    2.000   1.0000     pseudoNov
252.0000    3    2.000   1.0000     pseudoRep
254.0000    0    2.000   1.0000          NULL 
256.0000    1    2.000   1.0000       realRep
258.0000    1    2.000   1.0000       realRep
260.0000    4    2.000   1.0000     pseudoNov
262.0000    4    2.000   1.0000     pseudoNov
264.0000    2    2.000   1.0000       realNov
266.0000    2    2.000   1.0000       realNov
268.0000    0    2.000   1.0000          NULL 
270.0000    4    2.000   1.0000     pseudoNov
272.0000    1    2.000   1.0000       realRep
274.0000    2    2.000   1.0000       realNov
276.0000    0    2.000   1.0000          NULL 
278.0000    4    2.000   1.0000     pseudoNov
280.0000    0    2.000   1.0000          NULL 
282.0000    2    2.000   1.0000       realNov
284.0000    1    2.000   1.0000       realRep
286.0000    4    2.000   1.0000     pseudoNov
288.0000    1    2.000   1.0000       realRep
290.0000    3    2.000   1.0000     pseudoRep
292.0000    1    2.000   1.0000       realRep
294.0000    4    2.000   1.0000     pseudoNov
296.0000    1    2.000   1.0000       realRep
298.0000    0    2.000   1.0000          NULL 
300.0000    3    2.000   1.0000     pseudoRep
302.0000    2    2.000   1.0000       realNov
304.0000    3    2.000   1.0000     pseudoRep
306.0000    2    2.000   1.0000       realNov
308.0000    2    2.000   1.0000       realNov
310.0000    3    2.000   1.0000     pseudoRep
312.0000    4    2.000   1.0000     pseudoNov
314.0000    2    2.000   1.0000       realNov
316.0000    0    2.000   1.0000          NULL 
318.0000    1    2.000   1.0000       realRep
320.0000    4    2.000   1.0000     pseudoNov
322.0000    4    2.000   1.0000     pseudoNov
324.0000    3    2.000   1.0000     pseudoRep
326.0000    1    2.000   1.0000       realRep
328.0000    0    4.000   1.0000          NULL 
332.0000    1    2.000   1.0000       realRep
334.0000    1    2.000   1.0000       realRep
336.0000    4    2.000   1.0000     pseudoNov
338.0000    4    2.000   1.0000     pseudoNov
340.0000    4    2.000   1.0000     pseudoNov
342.0000    4    2.000   1.0000     pseudoNov
344.0000    0    2.000   1.0000          NULL 
346.0000    4    2.000   1.0000     pseudoNov
348.0000    2    2.000   1.0000       realNov
350.0000    4    2.000   1.0000     pseudoNov
352.0000    2    2.000   1.0000       realNov
354.0000    0    4.000   1.0000          NULL 
358.0000    4    2.000   1.0000     pseudoNov
360.0000    0    2.000   1.0000          NULL 
362.0000    1    2.000   1.0000       realRep
364.0000    1    2.000   1.0000       realRep
366.0000    1    2.000   1.0000       realRep
368.0000    0    2.000   1.0000          NULL 
370.0000    1    2.000   1.0000       realRep
372.0000    2    2.000   1.0000       realNov
374.0000    3    2.000   1.0000     pseudoRep
376.0000    3    2.000   1.0000     pseudoRep
378.0000    3    2.000   1.0000     pseudoRep
380.0000    4    2.000   1.0000     pseudoNov
382.0000    0    2.000   1.0000          NULL 
384.0000    3    2.000   1.0000     pseudoRep
386.0000    0    2.000   1.0000          NULL 
388.0000    3    2.000   1.0000     pseudoRep
390.0000    1    2.000   1.0000       realRep
392.0000    1    2.000   1.0000       realRep
394.0000    3    2.000   1.0000     pseudoRep
396.0000    2    2.000   1.0000       realNov
398.0000    2    2.000   1.0000       realNov
