  0.0000    1    2.000   1.0000       realRep
  2.0000    2    2.000   1.0000       realNov
  4.0000    4    2.000   1.0000     pseudoNov
  6.0000    2    2.000   1.0000       realNov
  8.0000    1    2.000   1.0000       realRep
 10.0000    3    2.000   1.0000     pseudoRep
 12.0000    3    2.000   1.0000     pseudoRep
 14.0000    4    2.000   1.0000     pseudoNov
 16.0000    0    2.000   1.0000          NULL 
 18.0000    3    2.000   1.0000     pseudoRep
 20.0000    2    2.000   1.0000       realNov
 22.0000    1    2.000   1.0000       realRep
 24.0000    0    2.000   1.0000          NULL 
 26.0000    3    2.000   1.0000     pseudoRep
 28.0000    2    2.000   1.0000       realNov
 30.0000    2    2.000   1.0000       realNov
 32.0000    4    2.000   1.0000     pseudoNov
 34.0000    1    2.000   1.0000       realRep
 36.0000    1    2.000   1.0000       realRep
 38.0000    2    2.000   1.0000       realNov
 40.0000    0    2.000   1.0000          NULL 
 42.0000    3    2.000   1.0000     pseudoRep
 44.0000    3    2.000   1.0000     pseudoRep
 46.0000    4    2.000   1.0000     pseudoNov
 48.0000    1    2.000   1.0000       realRep
 50.0000    2    2.000   1.0000       realNov
 52.0000    3    2.000   1.0000     pseudoRep
 54.0000    2    2.000   1.0000       realNov
 56.0000    2    2.000   1.0000       realNov
 58.0000    0    2.000   1.0000          NULL 
 60.0000    2    2.000   1.0000       realNov
 62.0000    0    2.000   1.0000          NULL 
 64.0000    2    2.000   1.0000       realNov
 66.0000    1    2.000   1.0000       realRep
 68.0000    4    2.000   1.0000     pseudoNov
 70.0000    2    2.000   1.0000       realNov
 72.0000    1    2.000   1.0000       realRep
 74.0000    2    2.000   1.0000       realNov
 76.0000    0    2.000   1.0000          NULL 
 78.0000    4    2.000   1.0000     pseudoNov
 80.0000    1    2.000   1.0000       realRep
 82.0000    3    2.000   1.0000     pseudoRep
 84.0000    2    2.000   1.0000       realNov
 86.0000    3    2.000   1.0000     pseudoRep
 88.0000    1    2.000   1.0000       realRep
 90.0000    0    4.000   1.0000          NULL 
 94.0000    2    2.000   1.0000       realNov
 96.0000    3    2.000   1.0000     pseudoRep
 98.0000    1    2.000   1.0000       realRep
100.0000    3    2.000   1.0000     pseudoRep
102.0000    3    2.000   1.0000     pseudoRep
104.0000    4    2.000   1.0000     pseudoNov
106.0000    1    2.000   1.0000       realRep
108.0000    1    2.000   1.0000       realRep
110.0000    1    2.000   1.0000       realRep
112.0000    0    2.000   1.0000          NULL 
114.0000    3    2.000   1.0000     pseudoRep
116.0000    2    2.000   1.0000       realNov
118.0000    3    2.000   1.0000     pseudoRep
120.0000    1    2.000   1.0000       realRep
122.0000    1    2.000   1.0000       realRep
124.0000    1    2.000   1.0000       realRep
126.0000    4    2.000   1.0000     pseudoNov
128.0000    2    2.000   1.0000       realNov
130.0000    2    2.000   1.0000       realNov
132.0000    4    2.000   1.0000     pseudoNov
134.0000    0    2.000   1.0000          NULL 
136.0000    2    2.000   1.0000       realNov
138.0000    0    4.000   1.0000          NULL 
142.0000    1    2.000   1.0000       realRep
144.0000    2    2.000   1.0000       realNov
146.0000    1    2.000   1.0000       realRep
148.0000    4    2.000   1.0000     pseudoNov
150.0000    0    2.000   1.0000          NULL 
152.0000    4    2.000   1.0000     pseudoNov
154.0000    4    2.000   1.0000     pseudoNov
156.0000    2    2.000   1.0000       realNov
158.0000    4    2.000   1.0000     pseudoNov
160.0000    3    2.000   1.0000     pseudoRep
162.0000    1    2.000   1.0000       realRep
164.0000    1    2.000   1.0000       realRep
166.0000    4    2.000   1.0000     pseudoNov
168.0000    1    2.000   1.0000       realRep
170.0000    4    2.000   1.0000     pseudoNov
172.0000    1    2.000   1.0000       realRep
174.0000    2    2.000   1.0000       realNov
176.0000    0    2.000   1.0000          NULL 
178.0000    2    2.000   1.0000       realNov
180.0000    4    2.000   1.0000     pseudoNov
182.0000    2    2.000   1.0000       realNov
184.0000    3    2.000   1.0000     pseudoRep
186.0000    3    2.000   1.0000     pseudoRep
188.0000    3    2.000   1.0000     pseudoRep
190.0000    0    4.000   1.0000          NULL 
194.0000    4    2.000   1.0000     pseudoNov
196.0000    0    2.000   1.0000          NULL 
198.0000    3    2.000   1.0000     pseudoRep
200.0000    3    2.000   1.0000     pseudoRep
202.0000    3    2.000   1.0000     pseudoRep
204.0000    2    2.000   1.0000       realNov
206.0000    1    2.000   1.0000       realRep
208.0000    4    2.000   1.0000     pseudoNov
210.0000    1    2.000   1.0000       realRep
212.0000    1    2.000   1.0000       realRep
214.0000    0    2.000   1.0000          NULL 
216.0000    1    2.000   1.0000       realRep
218.0000    3    2.000   1.0000     pseudoRep
220.0000    0    4.000   1.0000          NULL 
224.0000    2    2.000   1.0000       realNov
226.0000    1    2.000   1.0000       realRep
228.0000    0    2.000   1.0000          NULL 
230.0000    4    2.000   1.0000     pseudoNov
232.0000    3    2.000   1.0000     pseudoRep
234.0000    2    2.000   1.0000       realNov
236.0000    2    2.000   1.0000       realNov
238.0000    1    2.000   1.0000       realRep
240.0000    3    2.000   1.0000     pseudoRep
242.0000    2    2.000   1.0000       realNov
244.0000    4    2.000   1.0000     pseudoNov
246.0000    0    2.000   1.0000          NULL 
248.0000    3    2.000   1.0000     pseudoRep
250.0000    1    2.000   1.0000       realRep
252.0000    2    2.000   1.0000       realNov
254.0000    2    2.000   1.0000       realNov
256.0000    3    2.000   1.0000     pseudoRep
258.0000    0    4.000   1.0000          NULL 
262.0000    3    2.000   1.0000     pseudoRep
264.0000    4    2.000   1.0000     pseudoNov
266.0000    4    2.000   1.0000     pseudoNov
268.0000    0    4.000   1.0000          NULL 
272.0000    2    2.000   1.0000       realNov
274.0000    0    2.000   1.0000          NULL 
276.0000    1    2.000   1.0000       realRep
278.0000    0    2.000   1.0000          NULL 
280.0000    2    2.000   1.0000       realNov
282.0000    0    2.000   1.0000          NULL 
284.0000    3    2.000   1.0000     pseudoRep
286.0000    1    2.000   1.0000       realRep
288.0000    4    2.000   1.0000     pseudoNov
290.0000    0    4.000   1.0000          NULL 
294.0000    3    2.000   1.0000     pseudoRep
296.0000    4    2.000   1.0000     pseudoNov
298.0000    2    2.000   1.0000       realNov
300.0000    3    2.000   1.0000     pseudoRep
302.0000    2    2.000   1.0000       realNov
304.0000    4    2.000   1.0000     pseudoNov
306.0000    1    2.000   1.0000       realRep
308.0000    3    2.000   1.0000     pseudoRep
310.0000    1    2.000   1.0000       realRep
312.0000    4    2.000   1.0000     pseudoNov
314.0000    0    2.000   1.0000          NULL 
316.0000    2    2.000   1.0000       realNov
318.0000    4    2.000   1.0000     pseudoNov
320.0000    3    2.000   1.0000     pseudoRep
322.0000    1    2.000   1.0000       realRep
324.0000    0    2.000   1.0000          NULL 
326.0000    4    2.000   1.0000     pseudoNov
328.0000    1    2.000   1.0000       realRep
330.0000    0    2.000   1.0000          NULL 
332.0000    2    2.000   1.0000       realNov
334.0000    1    2.000   1.0000       realRep
336.0000    4    2.000   1.0000     pseudoNov
338.0000    3    2.000   1.0000     pseudoRep
340.0000    0    2.000   1.0000          NULL 
342.0000    2    2.000   1.0000       realNov
344.0000    0    2.000   1.0000          NULL 
346.0000    3    2.000   1.0000     pseudoRep
348.0000    4    2.000   1.0000     pseudoNov
350.0000    3    2.000   1.0000     pseudoRep
352.0000    4    2.000   1.0000     pseudoNov
354.0000    4    2.000   1.0000     pseudoNov
356.0000    3    2.000   1.0000     pseudoRep
358.0000    0    2.000   1.0000          NULL 
360.0000    4    2.000   1.0000     pseudoNov
362.0000    2    2.000   1.0000       realNov
364.0000    3    2.000   1.0000     pseudoRep
366.0000    1    2.000   1.0000       realRep
368.0000    4    2.000   1.0000     pseudoNov
370.0000    4    2.000   1.0000     pseudoNov
372.0000    2    2.000   1.0000       realNov
374.0000    3    2.000   1.0000     pseudoRep
376.0000    3    2.000   1.0000     pseudoRep
378.0000    1    2.000   1.0000       realRep
380.0000    4    2.000   1.0000     pseudoNov
382.0000    0    4.000   1.0000          NULL 
386.0000    4    2.000   1.0000     pseudoNov
388.0000    4    2.000   1.0000     pseudoNov
390.0000    0    2.000   1.0000          NULL 
392.0000    4    2.000   1.0000     pseudoNov
394.0000    1    2.000   1.0000       realRep
396.0000    4    2.000   1.0000     pseudoNov
398.0000    3    2.000   1.0000     pseudoRep
