  0.0000    3    2.000   1.0000     pseudoRep
  2.0000    2    2.000   1.0000       realNov
  4.0000    1    2.000   1.0000       realRep
  6.0000    0    2.000   1.0000          NULL 
  8.0000    4    2.000   1.0000     pseudoNov
 10.0000    1    2.000   1.0000       realRep
 12.0000    4    2.000   1.0000     pseudoNov
 14.0000    0    2.000   1.0000          NULL 
 16.0000    3    2.000   1.0000     pseudoRep
 18.0000    1    2.000   1.0000       realRep
 20.0000    2    2.000   1.0000       realNov
 22.0000    0    2.000   1.0000          NULL 
 24.0000    1    2.000   1.0000       realRep
 26.0000    4    2.000   1.0000     pseudoNov
 28.0000    4    2.000   1.0000     pseudoNov
 30.0000    4    2.000   1.0000     pseudoNov
 32.0000    3    2.000   1.0000     pseudoRep
 34.0000    0    2.000   1.0000          NULL 
 36.0000    4    2.000   1.0000     pseudoNov
 38.0000    2    2.000   1.0000       realNov
 40.0000    2    2.000   1.0000       realNov
 42.0000    4    2.000   1.0000     pseudoNov
 44.0000    2    2.000   1.0000       realNov
 46.0000    4    2.000   1.0000     pseudoNov
 48.0000    2    2.000   1.0000       realNov
 50.0000    4    2.000   1.0000     pseudoNov
 52.0000    3    2.000   1.0000     pseudoRep
 54.0000    4    2.000   1.0000     pseudoNov
 56.0000    2    2.000   1.0000       realNov
 58.0000    0    2.000   1.0000          NULL 
 60.0000    1    2.000   1.0000       realRep
 62.0000    4    2.000   1.0000     pseudoNov
 64.0000    0    2.000   1.0000          NULL 
 66.0000    3    2.000   1.0000     pseudoRep
 68.0000    3    2.000   1.0000     pseudoRep
 70.0000    4    2.000   1.0000     pseudoNov
 72.0000    1    2.000   1.0000       realRep
 74.0000    1    2.000   1.0000       realRep
 76.0000    2    2.000   1.0000       realNov
 78.0000    2    2.000   1.0000       realNov
 80.0000    1    2.000   1.0000       realRep
 82.0000    4    2.000   1.0000     pseudoNov
 84.0000    0    2.000   1.0000          NULL 
 86.0000    4    2.000   1.0000     pseudoNov
 88.0000    0    2.000   1.0000          NULL 
 90.0000    2    2.000   1.0000       realNov
 92.0000    2    2.000   1.0000       realNov
 94.0000    1    2.000   1.0000       realRep
 96.0000    4    2.000   1.0000     pseudoNov
 98.0000    2    2.000   1.0000       realNov
100.0000    3    2.000   1.0000     pseudoRep
102.0000    2    2.000   1.0000       realNov
104.0000    1    2.000   1.0000       realRep
106.0000    1    2.000   1.0000       realRep
108.0000    1    2.000   1.0000       realRep
110.0000    2    2.000   1.0000       realNov
112.0000    1    2.000   1.0000       realRep
114.0000    0    2.000   1.0000          NULL 
116.0000    1    2.000   1.0000       realRep
118.0000    1    2.000   1.0000       realRep
120.0000    1    2.000   1.0000       realRep
122.0000    2    2.000   1.0000       realNov
124.0000    4    2.000   1.0000     pseudoNov
126.0000    0    6.000   1.0000          NULL 
132.0000    3    2.000   1.0000     pseudoRep
134.0000    3    2.000   1.0000     pseudoRep
136.0000    1    2.000   1.0000       realRep
138.0000    3    2.000   1.0000     pseudoRep
140.0000    1    2.000   1.0000       realRep
142.0000    2    2.000   1.0000       realNov
144.0000    0    2.000   1.0000          NULL 
146.0000    3    2.000   1.0000     pseudoRep
148.0000    2    2.000   1.0000       realNov
150.0000    2    2.000   1.0000       realNov
152.0000    1    2.000   1.0000       realRep
154.0000    4    2.000   1.0000     pseudoNov
156.0000    3    2.000   1.0000     pseudoRep
158.0000    2    2.000   1.0000       realNov
160.0000    1    2.000   1.0000       realRep
162.0000    0    2.000   1.0000          NULL 
164.0000    1    2.000   1.0000       realRep
166.0000    3    2.000   1.0000     pseudoRep
168.0000    3    2.000   1.0000     pseudoRep
170.0000    0    2.000   1.0000          NULL 
172.0000    1    2.000   1.0000       realRep
174.0000    3    2.000   1.0000     pseudoRep
176.0000    3    2.000   1.0000     pseudoRep
178.0000    1    2.000   1.0000       realRep
180.0000    0    2.000   1.0000          NULL 
182.0000    3    2.000   1.0000     pseudoRep
184.0000    0    2.000   1.0000          NULL 
186.0000    1    2.000   1.0000       realRep
188.0000    1    2.000   1.0000       realRep
190.0000    3    2.000   1.0000     pseudoRep
192.0000    2    2.000   1.0000       realNov
194.0000    3    2.000   1.0000     pseudoRep
196.0000    4    2.000   1.0000     pseudoNov
198.0000    4    2.000   1.0000     pseudoNov
200.0000    1    2.000   1.0000       realRep
202.0000    2    2.000   1.0000       realNov
204.0000    2    2.000   1.0000       realNov
206.0000    0    2.000   1.0000          NULL 
208.0000    2    2.000   1.0000       realNov
210.0000    3    2.000   1.0000     pseudoRep
212.0000    3    2.000   1.0000     pseudoRep
214.0000    0    2.000   1.0000          NULL 
216.0000    2    2.000   1.0000       realNov
218.0000    1    2.000   1.0000       realRep
220.0000    0    4.000   1.0000          NULL 
224.0000    1    2.000   1.0000       realRep
226.0000    4    2.000   1.0000     pseudoNov
228.0000    4    2.000   1.0000     pseudoNov
230.0000    3    2.000   1.0000     pseudoRep
232.0000    4    2.000   1.0000     pseudoNov
234.0000    4    2.000   1.0000     pseudoNov
236.0000    3    2.000   1.0000     pseudoRep
238.0000    0    2.000   1.0000          NULL 
240.0000    4    2.000   1.0000     pseudoNov
242.0000    2    2.000   1.0000       realNov
244.0000    1    2.000   1.0000       realRep
246.0000    1    2.000   1.0000       realRep
248.0000    0    2.000   1.0000          NULL 
250.0000    1    2.000   1.0000       realRep
252.0000    4    2.000   1.0000     pseudoNov
254.0000    2    2.000   1.0000       realNov
256.0000    3    2.000   1.0000     pseudoRep
258.0000    4    2.000   1.0000     pseudoNov
260.0000    0    2.000   1.0000          NULL 
262.0000    4    2.000   1.0000     pseudoNov
264.0000    2    2.000   1.0000       realNov
266.0000    1    2.000   1.0000       realRep
268.0000    4    2.000   1.0000     pseudoNov
270.0000    3    2.000   1.0000     pseudoRep
272.0000    0    2.000   1.0000          NULL 
274.0000    3    2.000   1.0000     pseudoRep
276.0000    4    2.000   1.0000     pseudoNov
278.0000    3    2.000   1.0000     pseudoRep
280.0000    1    2.000   1.0000       realRep
282.0000    2    2.000   1.0000       realNov
284.0000    0    2.000   1.0000          NULL 
286.0000    3    2.000   1.0000     pseudoRep
288.0000    3    2.000   1.0000     pseudoRep
290.0000    1    2.000   1.0000       realRep
292.0000    4    2.000   1.0000     pseudoNov
294.0000    0    2.000   1.0000          NULL 
296.0000    3    2.000   1.0000     pseudoRep
298.0000    3    2.000   1.0000     pseudoRep
300.0000    4    2.000   1.0000     pseudoNov
302.0000    4    2.000   1.0000     pseudoNov
304.0000    2    2.000   1.0000       realNov
306.0000    4    2.000   1.0000     pseudoNov
308.0000    0    2.000   1.0000          NULL 
310.0000    4    2.000   1.0000     pseudoNov
312.0000    0    2.000   1.0000          NULL 
314.0000    1    2.000   1.0000       realRep
316.0000    1    2.000   1.0000       realRep
318.0000    2    2.000   1.0000       realNov
320.0000    0    2.000   1.0000          NULL 
322.0000    4    2.000   1.0000     pseudoNov
324.0000    1    2.000   1.0000       realRep
326.0000    3    2.000   1.0000     pseudoRep
328.0000    4    2.000   1.0000     pseudoNov
330.0000    0    2.000   1.0000          NULL 
332.0000    2    2.000   1.0000       realNov
334.0000    3    2.000   1.0000     pseudoRep
336.0000    2    2.000   1.0000       realNov
338.0000    3    2.000   1.0000     pseudoRep
340.0000    3    2.000   1.0000     pseudoRep
342.0000    0    2.000   1.0000          NULL 
344.0000    4    2.000   1.0000     pseudoNov
346.0000    0    4.000   1.0000          NULL 
350.0000    3    2.000   1.0000     pseudoRep
352.0000    1    2.000   1.0000       realRep
354.0000    0    2.000   1.0000          NULL 
356.0000    2    2.000   1.0000       realNov
358.0000    2    2.000   1.0000       realNov
360.0000    0    2.000   1.0000          NULL 
362.0000    4    2.000   1.0000     pseudoNov
364.0000    0    2.000   1.0000          NULL 
366.0000    3    2.000   1.0000     pseudoRep
368.0000    2    2.000   1.0000       realNov
370.0000    4    2.000   1.0000     pseudoNov
372.0000    3    2.000   1.0000     pseudoRep
374.0000    2    2.000   1.0000       realNov
376.0000    0    2.000   1.0000          NULL 
378.0000    2    2.000   1.0000       realNov
380.0000    0    2.000   1.0000          NULL 
382.0000    1    2.000   1.0000       realRep
384.0000    2    2.000   1.0000       realNov
386.0000    3    2.000   1.0000     pseudoRep
388.0000    4    2.000   1.0000     pseudoNov
390.0000    2    2.000   1.0000       realNov
392.0000    0    2.000   1.0000          NULL 
394.0000    1    2.000   1.0000       realRep
396.0000    2    2.000   1.0000       realNov
398.0000    3    2.000   1.0000     pseudoRep
