  0.0000    4    2.000   1.0000     pseudoNov
  2.0000    3    2.000   1.0000     pseudoRep
  4.0000    4    2.000   1.0000     pseudoNov
  6.0000    2    2.000   1.0000       realNov
  8.0000    2    2.000   1.0000       realNov
 10.0000    0    2.000   1.0000          NULL 
 12.0000    4    2.000   1.0000     pseudoNov
 14.0000    4    2.000   1.0000     pseudoNov
 16.0000    2    2.000   1.0000       realNov
 18.0000    3    2.000   1.0000     pseudoRep
 20.0000    4    2.000   1.0000     pseudoNov
 22.0000    2    2.000   1.0000       realNov
 24.0000    2    2.000   1.0000       realNov
 26.0000    3    2.000   1.0000     pseudoRep
 28.0000    0    2.000   1.0000          NULL 
 30.0000    1    2.000   1.0000       realRep
 32.0000    0    4.000   1.0000          NULL 
 36.0000    4    2.000   1.0000     pseudoNov
 38.0000    3    2.000   1.0000     pseudoRep
 40.0000    4    2.000   1.0000     pseudoNov
 42.0000    0    4.000   1.0000          NULL 
 46.0000    2    2.000   1.0000       realNov
 48.0000    1    2.000   1.0000       realRep
 50.0000    1    2.000   1.0000       realRep
 52.0000    1    2.000   1.0000       realRep
 54.0000    3    2.000   1.0000     pseudoRep
 56.0000    1    2.000   1.0000       realRep
 58.0000    4    2.000   1.0000     pseudoNov
 60.0000    4    2.000   1.0000     pseudoNov
 62.0000    1    2.000   1.0000       realRep
 64.0000    3    2.000   1.0000     pseudoRep
 66.0000    4    2.000   1.0000     pseudoNov
 68.0000    1    2.000   1.0000       realRep
 70.0000    1    2.000   1.0000       realRep
 72.0000    2    2.000   1.0000       realNov
 74.0000    4    2.000   1.0000     pseudoNov
 76.0000    0    2.000   1.0000          NULL 
 78.0000    2    2.000   1.0000       realNov
 80.0000    1    2.000   1.0000       realRep
 82.0000    2    2.000   1.0000       realNov
 84.0000    3    2.000   1.0000     pseudoRep
 86.0000    3    2.000   1.0000     pseudoRep
 88.0000    0    2.000   1.0000          NULL 
 90.0000    3    2.000   1.0000     pseudoRep
 92.0000    1    2.000   1.0000       realRep
 94.0000    1    2.000   1.0000       realRep
 96.0000    1    2.000   1.0000       realRep
 98.0000    0    2.000   1.0000          NULL 
100.0000    4    2.000   1.0000     pseudoNov
102.0000    1    2.000   1.0000       realRep
104.0000    1    2.000   1.0000       realRep
106.0000    2    2.000   1.0000       realNov
108.0000    2    2.000   1.0000       realNov
110.0000    3    2.000   1.0000     pseudoRep
112.0000    0    2.000   1.0000          NULL 
114.0000    2    2.000   1.0000       realNov
116.0000    3    2.000   1.0000     pseudoRep
118.0000    4    2.000   1.0000     pseudoNov
120.0000    1    2.000   1.0000       realRep
122.0000    1    2.000   1.0000       realRep
124.0000    2    2.000   1.0000       realNov
126.0000    2    2.000   1.0000       realNov
128.0000    0    2.000   1.0000          NULL 
130.0000    3    2.000   1.0000     pseudoRep
132.0000    3    2.000   1.0000     pseudoRep
134.0000    3    2.000   1.0000     pseudoRep
136.0000    0    2.000   1.0000          NULL 
138.0000    4    2.000   1.0000     pseudoNov
140.0000    1    2.000   1.0000       realRep
142.0000    4    2.000   1.0000     pseudoNov
144.0000    3    2.000   1.0000     pseudoRep
146.0000    1    2.000   1.0000       realRep
148.0000    1    2.000   1.0000       realRep
150.0000    1    2.000   1.0000       realRep
152.0000    0    2.000   1.0000          NULL 
154.0000    3    2.000   1.0000     pseudoRep
156.0000    2    2.000   1.0000       realNov
158.0000    4    2.000   1.0000     pseudoNov
160.0000    0    2.000   1.0000          NULL 
162.0000    1    2.000   1.0000       realRep
164.0000    2    2.000   1.0000       realNov
166.0000    3    2.000   1.0000     pseudoRep
168.0000    1    2.000   1.0000       realRep
170.0000    4    2.000   1.0000     pseudoNov
172.0000    3    2.000   1.0000     pseudoRep
174.0000    2    2.000   1.0000       realNov
176.0000    1    2.000   1.0000       realRep
178.0000    3    2.000   1.0000     pseudoRep
180.0000    0    4.000   1.0000          NULL 
184.0000    2    2.000   1.0000       realNov
186.0000    3    2.000   1.0000     pseudoRep
188.0000    2    2.000   1.0000       realNov
190.0000    2    2.000   1.0000       realNov
192.0000    0    2.000   1.0000          NULL 
194.0000    4    2.000   1.0000     pseudoNov
196.0000    4    2.000   1.0000     pseudoNov
198.0000    1    2.000   1.0000       realRep
200.0000    1    2.000   1.0000       realRep
202.0000    0    2.000   1.0000          NULL 
204.0000    2    2.000   1.0000       realNov
206.0000    4    2.000   1.0000     pseudoNov
208.0000    4    2.000   1.0000     pseudoNov
210.0000    0    2.000   1.0000          NULL 
212.0000    4    2.000   1.0000     pseudoNov
214.0000    0    2.000   1.0000          NULL 
216.0000    3    2.000   1.0000     pseudoRep
218.0000    2    2.000   1.0000       realNov
220.0000    0    2.000   1.0000          NULL 
222.0000    3    2.000   1.0000     pseudoRep
224.0000    2    2.000   1.0000       realNov
226.0000    1    2.000   1.0000       realRep
228.0000    3    2.000   1.0000     pseudoRep
230.0000    4    2.000   1.0000     pseudoNov
232.0000    4    2.000   1.0000     pseudoNov
234.0000    0    4.000   1.0000          NULL 
238.0000    3    2.000   1.0000     pseudoRep
240.0000    0    2.000   1.0000          NULL 
242.0000    2    2.000   1.0000       realNov
244.0000    1    2.000   1.0000       realRep
246.0000    2    2.000   1.0000       realNov
248.0000    0    4.000   1.0000          NULL 
252.0000    2    2.000   1.0000       realNov
254.0000    0    2.000   1.0000          NULL 
256.0000    1    2.000   1.0000       realRep
258.0000    2    2.000   1.0000       realNov
260.0000    1    2.000   1.0000       realRep
262.0000    3    2.000   1.0000     pseudoRep
264.0000    3    2.000   1.0000     pseudoRep
266.0000    1    2.000   1.0000       realRep
268.0000    2    2.000   1.0000       realNov
270.0000    1    2.000   1.0000       realRep
272.0000    2    2.000   1.0000       realNov
274.0000    1    2.000   1.0000       realRep
276.0000    4    2.000   1.0000     pseudoNov
278.0000    0    2.000   1.0000          NULL 
280.0000    3    2.000   1.0000     pseudoRep
282.0000    4    2.000   1.0000     pseudoNov
284.0000    0    2.000   1.0000          NULL 
286.0000    1    2.000   1.0000       realRep
288.0000    0    2.000   1.0000          NULL 
290.0000    1    2.000   1.0000       realRep
292.0000    3    2.000   1.0000     pseudoRep
294.0000    3    2.000   1.0000     pseudoRep
296.0000    3    2.000   1.0000     pseudoRep
298.0000    1    2.000   1.0000       realRep
300.0000    4    2.000   1.0000     pseudoNov
302.0000    2    2.000   1.0000       realNov
304.0000    0    2.000   1.0000          NULL 
306.0000    1    2.000   1.0000       realRep
308.0000    4    2.000   1.0000     pseudoNov
310.0000    2    2.000   1.0000       realNov
312.0000    4    2.000   1.0000     pseudoNov
314.0000    3    2.000   1.0000     pseudoRep
316.0000    3    2.000   1.0000     pseudoRep
318.0000    0    2.000   1.0000          NULL 
320.0000    4    2.000   1.0000     pseudoNov
322.0000    0    2.000   1.0000          NULL 
324.0000    4    2.000   1.0000     pseudoNov
326.0000    4    2.000   1.0000     pseudoNov
328.0000    0    2.000   1.0000          NULL 
330.0000    3    2.000   1.0000     pseudoRep
332.0000    4    2.000   1.0000     pseudoNov
334.0000    2    2.000   1.0000       realNov
336.0000    0    2.000   1.0000          NULL 
338.0000    2    2.000   1.0000       realNov
340.0000    2    2.000   1.0000       realNov
342.0000    4    2.000   1.0000     pseudoNov
344.0000    0    2.000   1.0000          NULL 
346.0000    1    2.000   1.0000       realRep
348.0000    1    2.000   1.0000       realRep
350.0000    4    2.000   1.0000     pseudoNov
352.0000    4    2.000   1.0000     pseudoNov
354.0000    3    2.000   1.0000     pseudoRep
356.0000    3    2.000   1.0000     pseudoRep
358.0000    3    2.000   1.0000     pseudoRep
360.0000    0    2.000   1.0000          NULL 
362.0000    4    2.000   1.0000     pseudoNov
364.0000    4    2.000   1.0000     pseudoNov
366.0000    2    2.000   1.0000       realNov
368.0000    3    2.000   1.0000     pseudoRep
370.0000    0    2.000   1.0000          NULL 
372.0000    2    2.000   1.0000       realNov
374.0000    0    2.000   1.0000          NULL 
376.0000    3    2.000   1.0000     pseudoRep
378.0000    2    2.000   1.0000       realNov
380.0000    3    2.000   1.0000     pseudoRep
382.0000    3    2.000   1.0000     pseudoRep
384.0000    2    2.000   1.0000       realNov
386.0000    2    2.000   1.0000       realNov
388.0000    4    2.000   1.0000     pseudoNov
390.0000    1    2.000   1.0000       realRep
392.0000    1    2.000   1.0000       realRep
394.0000    2    2.000   1.0000       realNov
396.0000    0    2.000   1.0000          NULL 
398.0000    4    2.000   1.0000     pseudoNov
