  0.0000    3    2.000   1.0000     pseudoRep
  2.0000    1    2.000   1.0000       realRep
  4.0000    2    2.000   1.0000       realNov
  6.0000    1    2.000   1.0000       realRep
  8.0000    2    2.000   1.0000       realNov
 10.0000    3    2.000   1.0000     pseudoRep
 12.0000    4    2.000   1.0000     pseudoNov
 14.0000    0    2.000   1.0000          NULL 
 16.0000    3    2.000   1.0000     pseudoRep
 18.0000    0    2.000   1.0000          NULL 
 20.0000    4    2.000   1.0000     pseudoNov
 22.0000    0    2.000   1.0000          NULL 
 24.0000    3    2.000   1.0000     pseudoRep
 26.0000    2    2.000   1.0000       realNov
 28.0000    2    2.000   1.0000       realNov
 30.0000    1    2.000   1.0000       realRep
 32.0000    4    2.000   1.0000     pseudoNov
 34.0000    4    2.000   1.0000     pseudoNov
 36.0000    2    2.000   1.0000       realNov
 38.0000    2    2.000   1.0000       realNov
 40.0000    0    4.000   1.0000          NULL 
 44.0000    4    2.000   1.0000     pseudoNov
 46.0000    0    4.000   1.0000          NULL 
 50.0000    2    2.000   1.0000       realNov
 52.0000    0    2.000   1.0000          NULL 
 54.0000    1    2.000   1.0000       realRep
 56.0000    1    2.000   1.0000       realRep
 58.0000    2    2.000   1.0000       realNov
 60.0000    0    2.000   1.0000          NULL 
 62.0000    4    2.000   1.0000     pseudoNov
 64.0000    2    2.000   1.0000       realNov
 66.0000    1    2.000   1.0000       realRep
 68.0000    2    2.000   1.0000       realNov
 70.0000    0    2.000   1.0000          NULL 
 72.0000    1    2.000   1.0000       realRep
 74.0000    1    2.000   1.0000       realRep
 76.0000    0    2.000   1.0000          NULL 
 78.0000    1    2.000   1.0000       realRep
 80.0000    0    2.000   1.0000          NULL 
 82.0000    4    2.000   1.0000     pseudoNov
 84.0000    2    2.000   1.0000       realNov
 86.0000    4    2.000   1.0000     pseudoNov
 88.0000    2    2.000   1.0000       realNov
 90.0000    1    2.000   1.0000       realRep
 92.0000    3    2.000   1.0000     pseudoRep
 94.0000    3    2.000   1.0000     pseudoRep
 96.0000    3    2.000   1.0000     pseudoRep
 98.0000    2    2.000   1.0000       realNov
100.0000    3    2.000   1.0000     pseudoRep
102.0000    2    2.000   1.0000       realNov
104.0000    4    2.000   1.0000     pseudoNov
106.0000    3    2.000   1.0000     pseudoRep
108.0000    1    2.000   1.0000       realRep
110.0000    4    2.000   1.0000     pseudoNov
112.0000    3    2.000   1.0000     pseudoRep
114.0000    4    2.000   1.0000     pseudoNov
116.0000    0    2.000   1.0000          NULL 
118.0000    1    2.000   1.0000       realRep
120.0000    3    2.000   1.0000     pseudoRep
122.0000    2    2.000   1.0000       realNov
124.0000    3    2.000   1.0000     pseudoRep
126.0000    3    2.000   1.0000     pseudoRep
128.0000    3    2.000   1.0000     pseudoRep
130.0000    1    2.000   1.0000       realRep
132.0000    3    2.000   1.0000     pseudoRep
134.0000    3    2.000   1.0000     pseudoRep
136.0000    2    2.000   1.0000       realNov
138.0000    4    2.000   1.0000     pseudoNov
140.0000    3    2.000   1.0000     pseudoRep
142.0000    4    2.000   1.0000     pseudoNov
144.0000    3    2.000   1.0000     pseudoRep
146.0000    1    2.000   1.0000       realRep
148.0000    1    2.000   1.0000       realRep
150.0000    1    2.000   1.0000       realRep
152.0000    3    2.000   1.0000     pseudoRep
154.0000    3    2.000   1.0000     pseudoRep
156.0000    2    2.000   1.0000       realNov
158.0000    0    4.000   1.0000          NULL 
162.0000    1    2.000   1.0000       realRep
164.0000    4    2.000   1.0000     pseudoNov
166.0000    2    2.000   1.0000       realNov
168.0000    0    2.000   1.0000          NULL 
170.0000    3    2.000   1.0000     pseudoRep
172.0000    2    2.000   1.0000       realNov
174.0000    4    2.000   1.0000     pseudoNov
176.0000    3    2.000   1.0000     pseudoRep
178.0000    1    2.000   1.0000       realRep
180.0000    0    4.000   1.0000          NULL 
184.0000    2    2.000   1.0000       realNov
186.0000    3    2.000   1.0000     pseudoRep
188.0000    0    2.000   1.0000          NULL 
190.0000    3    2.000   1.0000     pseudoRep
192.0000    4    2.000   1.0000     pseudoNov
194.0000    3    2.000   1.0000     pseudoRep
196.0000    3    2.000   1.0000     pseudoRep
198.0000    1    2.000   1.0000       realRep
200.0000    4    2.000   1.0000     pseudoNov
202.0000    2    2.000   1.0000       realNov
204.0000    1    2.000   1.0000       realRep
206.0000    0    2.000   1.0000          NULL 
208.0000    1    2.000   1.0000       realRep
210.0000    2    2.000   1.0000       realNov
212.0000    4    2.000   1.0000     pseudoNov
214.0000    3    2.000   1.0000     pseudoRep
216.0000    4    2.000   1.0000     pseudoNov
218.0000    1    2.000   1.0000       realRep
220.0000    3    2.000   1.0000     pseudoRep
222.0000    0    2.000   1.0000          NULL 
224.0000    2    2.000   1.0000       realNov
226.0000    0    2.000   1.0000          NULL 
228.0000    4    2.000   1.0000     pseudoNov
230.0000    1    2.000   1.0000       realRep
232.0000    0    2.000   1.0000          NULL 
234.0000    2    2.000   1.0000       realNov
236.0000    1    2.000   1.0000       realRep
238.0000    0    4.000   1.0000          NULL 
242.0000    3    2.000   1.0000     pseudoRep
244.0000    4    2.000   1.0000     pseudoNov
246.0000    4    2.000   1.0000     pseudoNov
248.0000    4    2.000   1.0000     pseudoNov
250.0000    4    2.000   1.0000     pseudoNov
252.0000    3    2.000   1.0000     pseudoRep
254.0000    0    4.000   1.0000          NULL 
258.0000    4    2.000   1.0000     pseudoNov
260.0000    2    2.000   1.0000       realNov
262.0000    2    2.000   1.0000       realNov
264.0000    1    2.000   1.0000       realRep
266.0000    3    2.000   1.0000     pseudoRep
268.0000    4    2.000   1.0000     pseudoNov
270.0000    1    2.000   1.0000       realRep
272.0000    2    2.000   1.0000       realNov
274.0000    4    2.000   1.0000     pseudoNov
276.0000    4    2.000   1.0000     pseudoNov
278.0000    4    2.000   1.0000     pseudoNov
280.0000    2    2.000   1.0000       realNov
282.0000    4    2.000   1.0000     pseudoNov
284.0000    4    2.000   1.0000     pseudoNov
286.0000    0    2.000   1.0000          NULL 
288.0000    4    2.000   1.0000     pseudoNov
290.0000    3    2.000   1.0000     pseudoRep
292.0000    0    2.000   1.0000          NULL 
294.0000    2    2.000   1.0000       realNov
296.0000    4    2.000   1.0000     pseudoNov
298.0000    0    2.000   1.0000          NULL 
300.0000    1    2.000   1.0000       realRep
302.0000    2    2.000   1.0000       realNov
304.0000    3    2.000   1.0000     pseudoRep
306.0000    1    2.000   1.0000       realRep
308.0000    4    2.000   1.0000     pseudoNov
310.0000    4    2.000   1.0000     pseudoNov
312.0000    0    2.000   1.0000          NULL 
314.0000    1    2.000   1.0000       realRep
316.0000    0    2.000   1.0000          NULL 
318.0000    3    2.000   1.0000     pseudoRep
320.0000    1    2.000   1.0000       realRep
322.0000    0    4.000   1.0000          NULL 
326.0000    2    2.000   1.0000       realNov
328.0000    4    2.000   1.0000     pseudoNov
330.0000    4    2.000   1.0000     pseudoNov
332.0000    1    2.000   1.0000       realRep
334.0000    1    2.000   1.0000       realRep
336.0000    4    2.000   1.0000     pseudoNov
338.0000    1    2.000   1.0000       realRep
340.0000    1    2.000   1.0000       realRep
342.0000    0    2.000   1.0000          NULL 
344.0000    2    2.000   1.0000       realNov
346.0000    3    2.000   1.0000     pseudoRep
348.0000    1    2.000   1.0000       realRep
350.0000    3    2.000   1.0000     pseudoRep
352.0000    2    2.000   1.0000       realNov
354.0000    0    2.000   1.0000          NULL 
356.0000    2    2.000   1.0000       realNov
358.0000    1    2.000   1.0000       realRep
360.0000    0    2.000   1.0000          NULL 
362.0000    2    2.000   1.0000       realNov
364.0000    4    2.000   1.0000     pseudoNov
366.0000    3    2.000   1.0000     pseudoRep
368.0000    2    2.000   1.0000       realNov
370.0000    1    2.000   1.0000       realRep
372.0000    0    2.000   1.0000          NULL 
374.0000    1    2.000   1.0000       realRep
376.0000    0    2.000   1.0000          NULL 
378.0000    1    2.000   1.0000       realRep
380.0000    3    2.000   1.0000     pseudoRep
382.0000    4    2.000   1.0000     pseudoNov
384.0000    2    2.000   1.0000       realNov
386.0000    0    2.000   1.0000          NULL 
388.0000    3    2.000   1.0000     pseudoRep
390.0000    3    2.000   1.0000     pseudoRep
392.0000    2    2.000   1.0000       realNov
394.0000    2    2.000   1.0000       realNov
396.0000    2    2.000   1.0000       realNov
398.0000    1    2.000   1.0000       realRep
