  0.0000    4    2.000   1.0000     pseudoNov
  2.0000    1    2.000   1.0000       realRep
  4.0000    1    2.000   1.0000       realRep
  6.0000    3    2.000   1.0000     pseudoRep
  8.0000    2    2.000   1.0000       realNov
 10.0000    2    2.000   1.0000       realNov
 12.0000    4    2.000   1.0000     pseudoNov
 14.0000    3    2.000   1.0000     pseudoRep
 16.0000    0    2.000   1.0000          NULL 
 18.0000    2    2.000   1.0000       realNov
 20.0000    1    2.000   1.0000       realRep
 22.0000    3    2.000   1.0000     pseudoRep
 24.0000    1    2.000   1.0000       realRep
 26.0000    2    2.000   1.0000       realNov
 28.0000    2    2.000   1.0000       realNov
 30.0000    0    2.000   1.0000          NULL 
 32.0000    2    2.000   1.0000       realNov
 34.0000    4    2.000   1.0000     pseudoNov
 36.0000    4    2.000   1.0000     pseudoNov
 38.0000    1    2.000   1.0000       realRep
 40.0000    3    2.000   1.0000     pseudoRep
 42.0000    4    2.000   1.0000     pseudoNov
 44.0000    1    2.000   1.0000       realRep
 46.0000    0    2.000   1.0000          NULL 
 48.0000    2    2.000   1.0000       realNov
 50.0000    2    2.000   1.0000       realNov
 52.0000    2    2.000   1.0000       realNov
 54.0000    0    4.000   1.0000          NULL 
 58.0000    1    2.000   1.0000       realRep
 60.0000    4    2.000   1.0000     pseudoNov
 62.0000    3    2.000   1.0000     pseudoRep
 64.0000    2    2.000   1.0000       realNov
 66.0000    2    2.000   1.0000       realNov
 68.0000    1    2.000   1.0000       realRep
 70.0000    0    4.000   1.0000          NULL 
 74.0000    2    2.000   1.0000       realNov
 76.0000    3    2.000   1.0000     pseudoRep
 78.0000    4    2.000   1.0000     pseudoNov
 80.0000    0    2.000   1.0000          NULL 
 82.0000    3    2.000   1.0000     pseudoRep
 84.0000    2    2.000   1.0000       realNov
 86.0000    4    2.000   1.0000     pseudoNov
 88.0000    0    2.000   1.0000          NULL 
 90.0000    2    2.000   1.0000       realNov
 92.0000    2    2.000   1.0000       realNov
 94.0000    1    2.000   1.0000       realRep
 96.0000    1    2.000   1.0000       realRep
 98.0000    2    2.000   1.0000       realNov
100.0000    0    2.000   1.0000          NULL 
102.0000    4    2.000   1.0000     pseudoNov
104.0000    4    2.000   1.0000     pseudoNov
106.0000    1    2.000   1.0000       realRep
108.0000    0    4.000   1.0000          NULL 
112.0000    4    2.000   1.0000     pseudoNov
114.0000    3    2.000   1.0000     pseudoRep
116.0000    3    2.000   1.0000     pseudoRep
118.0000    4    2.000   1.0000     pseudoNov
120.0000    3    2.000   1.0000     pseudoRep
122.0000    4    2.000   1.0000     pseudoNov
124.0000    4    2.000   1.0000     pseudoNov
126.0000    1    2.000   1.0000       realRep
128.0000    0    2.000   1.0000          NULL 
130.0000    2    2.000   1.0000       realNov
132.0000    3    2.000   1.0000     pseudoRep
134.0000    4    2.000   1.0000     pseudoNov
136.0000    0    2.000   1.0000          NULL 
138.0000    4    2.000   1.0000     pseudoNov
140.0000    1    2.000   1.0000       realRep
142.0000    0    2.000   1.0000          NULL 
144.0000    3    2.000   1.0000     pseudoRep
146.0000    0    2.000   1.0000          NULL 
148.0000    3    2.000   1.0000     pseudoRep
150.0000    2    2.000   1.0000       realNov
152.0000    1    2.000   1.0000       realRep
154.0000    2    2.000   1.0000       realNov
156.0000    4    2.000   1.0000     pseudoNov
158.0000    4    2.000   1.0000     pseudoNov
160.0000    0    2.000   1.0000          NULL 
162.0000    3    2.000   1.0000     pseudoRep
164.0000    0    2.000   1.0000          NULL 
166.0000    3    2.000   1.0000     pseudoRep
168.0000    3    2.000   1.0000     pseudoRep
170.0000    3    2.000   1.0000     pseudoRep
172.0000    3    2.000   1.0000     pseudoRep
174.0000    0    2.000   1.0000          NULL 
176.0000    4    2.000   1.0000     pseudoNov
178.0000    3    2.000   1.0000     pseudoRep
180.0000    2    2.000   1.0000       realNov
182.0000    2    2.000   1.0000       realNov
184.0000    1    2.000   1.0000       realRep
186.0000    4    2.000   1.0000     pseudoNov
188.0000    4    2.000   1.0000     pseudoNov
190.0000    3    2.000   1.0000     pseudoRep
192.0000    4    2.000   1.0000     pseudoNov
194.0000    2    2.000   1.0000       realNov
196.0000    0    4.000   1.0000          NULL 
200.0000    1    2.000   1.0000       realRep
202.0000    4    2.000   1.0000     pseudoNov
204.0000    0    2.000   1.0000          NULL 
206.0000    1    2.000   1.0000       realRep
208.0000    2    2.000   1.0000       realNov
210.0000    1    2.000   1.0000       realRep
212.0000    3    2.000   1.0000     pseudoRep
214.0000    1    2.000   1.0000       realRep
216.0000    1    2.000   1.0000       realRep
218.0000    4    2.000   1.0000     pseudoNov
220.0000    0    2.000   1.0000          NULL 
222.0000    1    2.000   1.0000       realRep
224.0000    3    2.000   1.0000     pseudoRep
226.0000    0    4.000   1.0000          NULL 
230.0000    3    2.000   1.0000     pseudoRep
232.0000    2    2.000   1.0000       realNov
234.0000    3    2.000   1.0000     pseudoRep
236.0000    4    2.000   1.0000     pseudoNov
238.0000    4    2.000   1.0000     pseudoNov
240.0000    2    2.000   1.0000       realNov
242.0000    0    2.000   1.0000          NULL 
244.0000    4    2.000   1.0000     pseudoNov
246.0000    4    2.000   1.0000     pseudoNov
248.0000    3    2.000   1.0000     pseudoRep
250.0000    3    2.000   1.0000     pseudoRep
252.0000    3    2.000   1.0000     pseudoRep
254.0000    1    2.000   1.0000       realRep
256.0000    0    2.000   1.0000          NULL 
258.0000    1    2.000   1.0000       realRep
260.0000    0    2.000   1.0000          NULL 
262.0000    2    2.000   1.0000       realNov
264.0000    1    2.000   1.0000       realRep
266.0000    0    2.000   1.0000          NULL 
268.0000    3    2.000   1.0000     pseudoRep
270.0000    1    2.000   1.0000       realRep
272.0000    0    4.000   1.0000          NULL 
276.0000    2    2.000   1.0000       realNov
278.0000    0    2.000   1.0000          NULL 
280.0000    2    2.000   1.0000       realNov
282.0000    2    2.000   1.0000       realNov
284.0000    0    2.000   1.0000          NULL 
286.0000    1    2.000   1.0000       realRep
288.0000    1    2.000   1.0000       realRep
290.0000    1    2.000   1.0000       realRep
292.0000    2    2.000   1.0000       realNov
294.0000    2    2.000   1.0000       realNov
296.0000    3    2.000   1.0000     pseudoRep
298.0000    0    2.000   1.0000          NULL 
300.0000    4    2.000   1.0000     pseudoNov
302.0000    4    2.000   1.0000     pseudoNov
304.0000    1    2.000   1.0000       realRep
306.0000    2    2.000   1.0000       realNov
308.0000    4    2.000   1.0000     pseudoNov
310.0000    4    2.000   1.0000     pseudoNov
312.0000    2    2.000   1.0000       realNov
314.0000    1    2.000   1.0000       realRep
316.0000    0    4.000   1.0000          NULL 
320.0000    1    2.000   1.0000       realRep
322.0000    1    2.000   1.0000       realRep
324.0000    3    2.000   1.0000     pseudoRep
326.0000    0    2.000   1.0000          NULL 
328.0000    2    2.000   1.0000       realNov
330.0000    3    2.000   1.0000     pseudoRep
332.0000    3    2.000   1.0000     pseudoRep
334.0000    3    2.000   1.0000     pseudoRep
336.0000    1    2.000   1.0000       realRep
338.0000    4    2.000   1.0000     pseudoNov
340.0000    0    2.000   1.0000          NULL 
342.0000    4    2.000   1.0000     pseudoNov
344.0000    1    2.000   1.0000       realRep
346.0000    2    2.000   1.0000       realNov
348.0000    3    2.000   1.0000     pseudoRep
350.0000    3    2.000   1.0000     pseudoRep
352.0000    4    2.000   1.0000     pseudoNov
354.0000    2    2.000   1.0000       realNov
356.0000    3    2.000   1.0000     pseudoRep
358.0000    3    2.000   1.0000     pseudoRep
360.0000    0    2.000   1.0000          NULL 
362.0000    1    2.000   1.0000       realRep
364.0000    3    2.000   1.0000     pseudoRep
366.0000    3    2.000   1.0000     pseudoRep
368.0000    1    2.000   1.0000       realRep
370.0000    4    2.000   1.0000     pseudoNov
372.0000    2    2.000   1.0000       realNov
374.0000    1    2.000   1.0000       realRep
376.0000    4    2.000   1.0000     pseudoNov
378.0000    1    2.000   1.0000       realRep
380.0000    4    2.000   1.0000     pseudoNov
382.0000    2    2.000   1.0000       realNov
384.0000    3    2.000   1.0000     pseudoRep
386.0000    0    2.000   1.0000          NULL 
388.0000    2    2.000   1.0000       realNov
390.0000    4    2.000   1.0000     pseudoNov
392.0000    4    2.000   1.0000     pseudoNov
394.0000    1    2.000   1.0000       realRep
396.0000    2    2.000   1.0000       realNov
398.0000    1    2.000   1.0000       realRep
