  0.0000    3    2.000   1.0000     pseudoRep
  2.0000    2    2.000   1.0000       realNov
  4.0000    1    2.000   1.0000       realRep
  6.0000    3    2.000   1.0000     pseudoRep
  8.0000    1    2.000   1.0000       realRep
 10.0000    0    2.000   1.0000          NULL 
 12.0000    4    2.000   1.0000     pseudoNov
 14.0000    2    2.000   1.0000       realNov
 16.0000    0    2.000   1.0000          NULL 
 18.0000    1    2.000   1.0000       realRep
 20.0000    1    2.000   1.0000       realRep
 22.0000    4    2.000   1.0000     pseudoNov
 24.0000    2    2.000   1.0000       realNov
 26.0000    2    2.000   1.0000       realNov
 28.0000    1    2.000   1.0000       realRep
 30.0000    2    2.000   1.0000       realNov
 32.0000    0    2.000   1.0000          NULL 
 34.0000    4    2.000   1.0000     pseudoNov
 36.0000    0    4.000   1.0000          NULL 
 40.0000    1    2.000   1.0000       realRep
 42.0000    1    2.000   1.0000       realRep
 44.0000    1    2.000   1.0000       realRep
 46.0000    3    2.000   1.0000     pseudoRep
 48.0000    1    2.000   1.0000       realRep
 50.0000    4    2.000   1.0000     pseudoNov
 52.0000    2    2.000   1.0000       realNov
 54.0000    3    2.000   1.0000     pseudoRep
 56.0000    3    2.000   1.0000     pseudoRep
 58.0000    4    2.000   1.0000     pseudoNov
 60.0000    0    2.000   1.0000          NULL 
 62.0000    2    2.000   1.0000       realNov
 64.0000    1    2.000   1.0000       realRep
 66.0000    3    2.000   1.0000     pseudoRep
 68.0000    2    2.000   1.0000       realNov
 70.0000    1    2.000   1.0000       realRep
 72.0000    0    2.000   1.0000          NULL 
 74.0000    1    2.000   1.0000       realRep
 76.0000    3    2.000   1.0000     pseudoRep
 78.0000    3    2.000   1.0000     pseudoRep
 80.0000    3    2.000   1.0000     pseudoRep
 82.0000    2    2.000   1.0000       realNov
 84.0000    3    2.000   1.0000     pseudoRep
 86.0000    4    2.000   1.0000     pseudoNov
 88.0000    2    2.000   1.0000       realNov
 90.0000    1    2.000   1.0000       realRep
 92.0000    0    4.000   1.0000          NULL 
 96.0000    2    2.000   1.0000       realNov
 98.0000    3    2.000   1.0000     pseudoRep
100.0000    1    2.000   1.0000       realRep
102.0000    2    2.000   1.0000       realNov
104.0000    4    2.000   1.0000     pseudoNov
106.0000    2    2.000   1.0000       realNov
108.0000    2    2.000   1.0000       realNov
110.0000    1    2.000   1.0000       realRep
112.0000    3    2.000   1.0000     pseudoRep
114.0000    4    2.000   1.0000     pseudoNov
116.0000    3    2.000   1.0000     pseudoRep
118.0000    1    2.000   1.0000       realRep
120.0000    0    2.000   1.0000          NULL 
122.0000    3    2.000   1.0000     pseudoRep
124.0000    2    2.000   1.0000       realNov
126.0000    3    2.000   1.0000     pseudoRep
128.0000    2    2.000   1.0000       realNov
130.0000    4    2.000   1.0000     pseudoNov
132.0000    2    2.000   1.0000       realNov
134.0000    4    2.000   1.0000     pseudoNov
136.0000    4    2.000   1.0000     pseudoNov
138.0000    0    2.000   1.0000          NULL 
140.0000    1    2.000   1.0000       realRep
142.0000    1    2.000   1.0000       realRep
144.0000    2    2.000   1.0000       realNov
146.0000    3    2.000   1.0000     pseudoRep
148.0000    0    2.000   1.0000          NULL 
150.0000    3    2.000   1.0000     pseudoRep
152.0000    0    2.000   1.0000          NULL 
154.0000    3    2.000   1.0000     pseudoRep
156.0000    1    2.000   1.0000       realRep
158.0000    2    2.000   1.0000       realNov
160.0000    4    2.000   1.0000     pseudoNov
162.0000    0    2.000   1.0000          NULL 
164.0000    3    2.000   1.0000     pseudoRep
166.0000    1    2.000   1.0000       realRep
168.0000    2    2.000   1.0000       realNov
170.0000    3    2.000   1.0000     pseudoRep
172.0000    3    2.000   1.0000     pseudoRep
174.0000    1    2.000   1.0000       realRep
176.0000    1    2.000   1.0000       realRep
178.0000    3    2.000   1.0000     pseudoRep
180.0000    4    2.000   1.0000     pseudoNov
182.0000    0    2.000   1.0000          NULL 
184.0000    4    2.000   1.0000     pseudoNov
186.0000    2    2.000   1.0000       realNov
188.0000    1    2.000   1.0000       realRep
190.0000    2    2.000   1.0000       realNov
192.0000    3    2.000   1.0000     pseudoRep
194.0000    3    2.000   1.0000     pseudoRep
196.0000    3    2.000   1.0000     pseudoRep
198.0000    4    2.000   1.0000     pseudoNov
200.0000    1    2.000   1.0000       realRep
202.0000    2    2.000   1.0000       realNov
204.0000    0    2.000   1.0000          NULL 
206.0000    3    2.000   1.0000     pseudoRep
208.0000    3    2.000   1.0000     pseudoRep
210.0000    1    2.000   1.0000       realRep
212.0000    0    2.000   1.0000          NULL 
214.0000    1    2.000   1.0000       realRep
216.0000    1    2.000   1.0000       realRep
218.0000    4    2.000   1.0000     pseudoNov
220.0000    0    2.000   1.0000          NULL 
222.0000    3    2.000   1.0000     pseudoRep
224.0000    3    2.000   1.0000     pseudoRep
226.0000    0    2.000   1.0000          NULL 
228.0000    1    2.000   1.0000       realRep
230.0000    3    2.000   1.0000     pseudoRep
232.0000    0    2.000   1.0000          NULL 
234.0000    4    2.000   1.0000     pseudoNov
236.0000    4    2.000   1.0000     pseudoNov
238.0000    4    2.000   1.0000     pseudoNov
240.0000    3    2.000   1.0000     pseudoRep
242.0000    4    2.000   1.0000     pseudoNov
244.0000    2    2.000   1.0000       realNov
246.0000    0    2.000   1.0000          NULL 
248.0000    2    2.000   1.0000       realNov
250.0000    4    2.000   1.0000     pseudoNov
252.0000    2    2.000   1.0000       realNov
254.0000    4    2.000   1.0000     pseudoNov
256.0000    0    2.000   1.0000          NULL 
258.0000    2    2.000   1.0000       realNov
260.0000    0    2.000   1.0000          NULL 
262.0000    1    2.000   1.0000       realRep
264.0000    0    2.000   1.0000          NULL 
266.0000    4    2.000   1.0000     pseudoNov
268.0000    4    2.000   1.0000     pseudoNov
270.0000    4    2.000   1.0000     pseudoNov
272.0000    4    2.000   1.0000     pseudoNov
274.0000    3    2.000   1.0000     pseudoRep
276.0000    2    2.000   1.0000       realNov
278.0000    0    2.000   1.0000          NULL 
280.0000    4    2.000   1.0000     pseudoNov
282.0000    4    2.000   1.0000     pseudoNov
284.0000    2    2.000   1.0000       realNov
286.0000    4    2.000   1.0000     pseudoNov
288.0000    2    2.000   1.0000       realNov
290.0000    0    2.000   1.0000          NULL 
292.0000    1    2.000   1.0000       realRep
294.0000    1    2.000   1.0000       realRep
296.0000    3    2.000   1.0000     pseudoRep
298.0000    4    2.000   1.0000     pseudoNov
300.0000    1    2.000   1.0000       realRep
302.0000    0    4.000   1.0000          NULL 
306.0000    3    2.000   1.0000     pseudoRep
308.0000    1    2.000   1.0000       realRep
310.0000    0    2.000   1.0000          NULL 
312.0000    4    2.000   1.0000     pseudoNov
314.0000    4    2.000   1.0000     pseudoNov
316.0000    2    2.000   1.0000       realNov
318.0000    0    2.000   1.0000          NULL 
320.0000    2    2.000   1.0000       realNov
322.0000    4    2.000   1.0000     pseudoNov
324.0000    1    2.000   1.0000       realRep
326.0000    0    2.000   1.0000          NULL 
328.0000    1    2.000   1.0000       realRep
330.0000    4    2.000   1.0000     pseudoNov
332.0000    4    2.000   1.0000     pseudoNov
334.0000    3    2.000   1.0000     pseudoRep
336.0000    0    2.000   1.0000          NULL 
338.0000    4    2.000   1.0000     pseudoNov
340.0000    1    2.000   1.0000       realRep
342.0000    3    2.000   1.0000     pseudoRep
344.0000    1    2.000   1.0000       realRep
346.0000    4    2.000   1.0000     pseudoNov
348.0000    0    2.000   1.0000          NULL 
350.0000    3    2.000   1.0000     pseudoRep
352.0000    0    2.000   1.0000          NULL 
354.0000    1    2.000   1.0000       realRep
356.0000    0    4.000   1.0000          NULL 
360.0000    3    2.000   1.0000     pseudoRep
362.0000    1    2.000   1.0000       realRep
364.0000    0    2.000   1.0000          NULL 
366.0000    2    2.000   1.0000       realNov
368.0000    3    2.000   1.0000     pseudoRep
370.0000    2    2.000   1.0000       realNov
372.0000    1    2.000   1.0000       realRep
374.0000    2    2.000   1.0000       realNov
376.0000    2    2.000   1.0000       realNov
378.0000    2    2.000   1.0000       realNov
380.0000    0    2.000   1.0000          NULL 
382.0000    4    2.000   1.0000     pseudoNov
384.0000    0    4.000   1.0000          NULL 
388.0000    2    2.000   1.0000       realNov
390.0000    4    2.000   1.0000     pseudoNov
392.0000    3    2.000   1.0000     pseudoRep
394.0000    2    2.000   1.0000       realNov
396.0000    2    2.000   1.0000       realNov
398.0000    4    2.000   1.0000     pseudoNov
