  0.0000    1    2.000   1.0000       realRep
  2.0000    2    2.000   1.0000       realNov
  4.0000    2    2.000   1.0000       realNov
  6.0000    0    2.000   1.0000          NULL 
  8.0000    4    2.000   1.0000     pseudoNov
 10.0000    2    2.000   1.0000       realNov
 12.0000    2    2.000   1.0000       realNov
 14.0000    3    2.000   1.0000     pseudoRep
 16.0000    2    2.000   1.0000       realNov
 18.0000    4    2.000   1.0000     pseudoNov
 20.0000    0    2.000   1.0000          NULL 
 22.0000    2    2.000   1.0000       realNov
 24.0000    1    2.000   1.0000       realRep
 26.0000    3    2.000   1.0000     pseudoRep
 28.0000    1    2.000   1.0000       realRep
 30.0000    0    2.000   1.0000          NULL 
 32.0000    3    2.000   1.0000     pseudoRep
 34.0000    4    2.000   1.0000     pseudoNov
 36.0000    0    2.000   1.0000          NULL 
 38.0000    1    2.000   1.0000       realRep
 40.0000    4    2.000   1.0000     pseudoNov
 42.0000    1    2.000   1.0000       realRep
 44.0000    2    2.000   1.0000       realNov
 46.0000    0    4.000   1.0000          NULL 
 50.0000    4    2.000   1.0000     pseudoNov
 52.0000    1    2.000   1.0000       realRep
 54.0000    1    2.000   1.0000       realRep
 56.0000    0    2.000   1.0000          NULL 
 58.0000    3    2.000   1.0000     pseudoRep
 60.0000    3    2.000   1.0000     pseudoRep
 62.0000    4    2.000   1.0000     pseudoNov
 64.0000    3    2.000   1.0000     pseudoRep
 66.0000    4    2.000   1.0000     pseudoNov
 68.0000    3    2.000   1.0000     pseudoRep
 70.0000    3    2.000   1.0000     pseudoRep
 72.0000    0    2.000   1.0000          NULL 
 74.0000    4    2.000   1.0000     pseudoNov
 76.0000    3    2.000   1.0000     pseudoRep
 78.0000    4    2.000   1.0000     pseudoNov
 80.0000    1    2.000   1.0000       realRep
 82.0000    0    2.000   1.0000          NULL 
 84.0000    2    2.000   1.0000       realNov
 86.0000    3    2.000   1.0000     pseudoRep
 88.0000    3    2.000   1.0000     pseudoRep
 90.0000    2    2.000   1.0000       realNov
 92.0000    2    2.000   1.0000       realNov
 94.0000    3    2.000   1.0000     pseudoRep
 96.0000    0    2.000   1.0000          NULL 
 98.0000    4    2.000   1.0000     pseudoNov
100.0000    2    2.000   1.0000       realNov
102.0000    4    2.000   1.0000     pseudoNov
104.0000    4    2.000   1.0000     pseudoNov
106.0000    3    2.000   1.0000     pseudoRep
108.0000    3    2.000   1.0000     pseudoRep
110.0000    1    2.000   1.0000       realRep
112.0000    0    2.000   1.0000          NULL 
114.0000    3    2.000   1.0000     pseudoRep
116.0000    1    2.000   1.0000       realRep
118.0000    0    4.000   1.0000          NULL 
122.0000    4    2.000   1.0000     pseudoNov
124.0000    0    2.000   1.0000          NULL 
126.0000    2    2.000   1.0000       realNov
128.0000    4    2.000   1.0000     pseudoNov
130.0000    0    2.000   1.0000          NULL 
132.0000    1    2.000   1.0000       realRep
134.0000    1    2.000   1.0000       realRep
136.0000    2    2.000   1.0000       realNov
138.0000    1    2.000   1.0000       realRep
140.0000    1    2.000   1.0000       realRep
142.0000    0    2.000   1.0000          NULL 
144.0000    3    2.000   1.0000     pseudoRep
146.0000    3    2.000   1.0000     pseudoRep
148.0000    3    2.000   1.0000     pseudoRep
150.0000    3    2.000   1.0000     pseudoRep
152.0000    2    2.000   1.0000       realNov
154.0000    0    2.000   1.0000          NULL 
156.0000    4    2.000   1.0000     pseudoNov
158.0000    1    2.000   1.0000       realRep
160.0000    2    2.000   1.0000       realNov
162.0000    4    2.000   1.0000     pseudoNov
164.0000    3    2.000   1.0000     pseudoRep
166.0000    2    2.000   1.0000       realNov
168.0000    4    2.000   1.0000     pseudoNov
170.0000    0    2.000   1.0000          NULL 
172.0000    2    2.000   1.0000       realNov
174.0000    0    2.000   1.0000          NULL 
176.0000    2    2.000   1.0000       realNov
178.0000    0    2.000   1.0000          NULL 
180.0000    4    2.000   1.0000     pseudoNov
182.0000    4    2.000   1.0000     pseudoNov
184.0000    0    6.000   1.0000          NULL 
190.0000    3    2.000   1.0000     pseudoRep
192.0000    2    2.000   1.0000       realNov
194.0000    2    2.000   1.0000       realNov
196.0000    4    2.000   1.0000     pseudoNov
198.0000    1    2.000   1.0000       realRep
200.0000    0    2.000   1.0000          NULL 
202.0000    3    2.000   1.0000     pseudoRep
204.0000    1    2.000   1.0000       realRep
206.0000    3    2.000   1.0000     pseudoRep
208.0000    2    2.000   1.0000       realNov
210.0000    0    2.000   1.0000          NULL 
212.0000    2    2.000   1.0000       realNov
214.0000    2    2.000   1.0000       realNov
216.0000    1    2.000   1.0000       realRep
218.0000    2    2.000   1.0000       realNov
220.0000    4    2.000   1.0000     pseudoNov
222.0000    0    2.000   1.0000          NULL 
224.0000    4    2.000   1.0000     pseudoNov
226.0000    1    2.000   1.0000       realRep
228.0000    4    2.000   1.0000     pseudoNov
230.0000    3    2.000   1.0000     pseudoRep
232.0000    0    2.000   1.0000          NULL 
234.0000    3    2.000   1.0000     pseudoRep
236.0000    3    2.000   1.0000     pseudoRep
238.0000    0    2.000   1.0000          NULL 
240.0000    3    2.000   1.0000     pseudoRep
242.0000    2    2.000   1.0000       realNov
244.0000    1    2.000   1.0000       realRep
246.0000    4    2.000   1.0000     pseudoNov
248.0000    1    2.000   1.0000       realRep
250.0000    4    2.000   1.0000     pseudoNov
252.0000    0    8.000   1.0000          NULL 
260.0000    1    2.000   1.0000       realRep
262.0000    3    2.000   1.0000     pseudoRep
264.0000    4    2.000   1.0000     pseudoNov
266.0000    3    2.000   1.0000     pseudoRep
268.0000    1    2.000   1.0000       realRep
270.0000    1    2.000   1.0000       realRep
272.0000    4    2.000   1.0000     pseudoNov
274.0000    1    2.000   1.0000       realRep
276.0000    3    2.000   1.0000     pseudoRep
278.0000    4    2.000   1.0000     pseudoNov
280.0000    1    2.000   1.0000       realRep
282.0000    4    2.000   1.0000     pseudoNov
284.0000    4    2.000   1.0000     pseudoNov
286.0000    1    2.000   1.0000       realRep
288.0000    2    2.000   1.0000       realNov
290.0000    4    2.000   1.0000     pseudoNov
292.0000    3    2.000   1.0000     pseudoRep
294.0000    0    4.000   1.0000          NULL 
298.0000    1    2.000   1.0000       realRep
300.0000    2    2.000   1.0000       realNov
302.0000    3    2.000   1.0000     pseudoRep
304.0000    3    2.000   1.0000     pseudoRep
306.0000    3    2.000   1.0000     pseudoRep
308.0000    4    2.000   1.0000     pseudoNov
310.0000    2    2.000   1.0000       realNov
312.0000    3    2.000   1.0000     pseudoRep
314.0000    2    2.000   1.0000       realNov
316.0000    1    2.000   1.0000       realRep
318.0000    4    2.000   1.0000     pseudoNov
320.0000    2    2.000   1.0000       realNov
322.0000    2    2.000   1.0000       realNov
324.0000    4    2.000   1.0000     pseudoNov
326.0000    2    2.000   1.0000       realNov
328.0000    2    2.000   1.0000       realNov
330.0000    0    2.000   1.0000          NULL 
332.0000    3    2.000   1.0000     pseudoRep
334.0000    4    2.000   1.0000     pseudoNov
336.0000    4    2.000   1.0000     pseudoNov
338.0000    2    2.000   1.0000       realNov
340.0000    1    2.000   1.0000       realRep
342.0000    3    2.000   1.0000     pseudoRep
344.0000    4    2.000   1.0000     pseudoNov
346.0000    0    2.000   1.0000          NULL 
348.0000    1    2.000   1.0000       realRep
350.0000    4    2.000   1.0000     pseudoNov
352.0000    3    2.000   1.0000     pseudoRep
354.0000    0    2.000   1.0000          NULL 
356.0000    1    2.000   1.0000       realRep
358.0000    0    2.000   1.0000          NULL 
360.0000    2    2.000   1.0000       realNov
362.0000    2    2.000   1.0000       realNov
364.0000    2    2.000   1.0000       realNov
366.0000    1    2.000   1.0000       realRep
368.0000    3    2.000   1.0000     pseudoRep
370.0000    1    2.000   1.0000       realRep
372.0000    1    2.000   1.0000       realRep
374.0000    4    2.000   1.0000     pseudoNov
376.0000    1    2.000   1.0000       realRep
378.0000    3    2.000   1.0000     pseudoRep
380.0000    2    2.000   1.0000       realNov
382.0000    1    2.000   1.0000       realRep
384.0000    2    2.000   1.0000       realNov
386.0000    0    2.000   1.0000          NULL 
388.0000    1    2.000   1.0000       realRep
390.0000    4    2.000   1.0000     pseudoNov
392.0000    0    2.000   1.0000          NULL 
394.0000    1    2.000   1.0000       realRep
396.0000    1    2.000   1.0000       realRep
398.0000    2    2.000   1.0000       realNov
