  0.0000    4    2.000   1.0000     pseudoNov
  2.0000    2    2.000   1.0000       realNov
  4.0000    2    2.000   1.0000       realNov
  6.0000    4    2.000   1.0000     pseudoNov
  8.0000    3    2.000   1.0000     pseudoRep
 10.0000    0    2.000   1.0000          NULL 
 12.0000    4    2.000   1.0000     pseudoNov
 14.0000    4    2.000   1.0000     pseudoNov
 16.0000    4    2.000   1.0000     pseudoNov
 18.0000    3    2.000   1.0000     pseudoRep
 20.0000    1    2.000   1.0000       realRep
 22.0000    3    2.000   1.0000     pseudoRep
 24.0000    1    2.000   1.0000       realRep
 26.0000    3    2.000   1.0000     pseudoRep
 28.0000    0    2.000   1.0000          NULL 
 30.0000    1    2.000   1.0000       realRep
 32.0000    0    2.000   1.0000          NULL 
 34.0000    2    2.000   1.0000       realNov
 36.0000    2    2.000   1.0000       realNov
 38.0000    4    2.000   1.0000     pseudoNov
 40.0000    0    2.000   1.0000          NULL 
 42.0000    1    2.000   1.0000       realRep
 44.0000    4    2.000   1.0000     pseudoNov
 46.0000    2    2.000   1.0000       realNov
 48.0000    4    2.000   1.0000     pseudoNov
 50.0000    1    2.000   1.0000       realRep
 52.0000    1    2.000   1.0000       realRep
 54.0000    0    2.000   1.0000          NULL 
 56.0000    3    2.000   1.0000     pseudoRep
 58.0000    3    2.000   1.0000     pseudoRep
 60.0000    4    2.000   1.0000     pseudoNov
 62.0000    0    2.000   1.0000          NULL 
 64.0000    2    2.000   1.0000       realNov
 66.0000    1    2.000   1.0000       realRep
 68.0000    4    2.000   1.0000     pseudoNov
 70.0000    4    2.000   1.0000     pseudoNov
 72.0000    3    2.000   1.0000     pseudoRep
 74.0000    2    2.000   1.0000       realNov
 76.0000    4    2.000   1.0000     pseudoNov
 78.0000    2    2.000   1.0000       realNov
 80.0000    2    2.000   1.0000       realNov
 82.0000    2    2.000   1.0000       realNov
 84.0000    0    2.000   1.0000          NULL 
 86.0000    4    2.000   1.0000     pseudoNov
 88.0000    1    2.000   1.0000       realRep
 90.0000    2    2.000   1.0000       realNov
 92.0000    0    4.000   1.0000          NULL 
 96.0000    2    2.000   1.0000       realNov
 98.0000    1    2.000   1.0000       realRep
100.0000    1    2.000   1.0000       realRep
102.0000    0    2.000   1.0000          NULL 
104.0000    3    2.000   1.0000     pseudoRep
106.0000    2    2.000   1.0000       realNov
108.0000    1    2.000   1.0000       realRep
110.0000    2    2.000   1.0000       realNov
112.0000    1    2.000   1.0000       realRep
114.0000    3    2.000   1.0000     pseudoRep
116.0000    4    2.000   1.0000     pseudoNov
118.0000    1    2.000   1.0000       realRep
120.0000    2    2.000   1.0000       realNov
122.0000    0    2.000   1.0000          NULL 
124.0000    2    2.000   1.0000       realNov
126.0000    2    2.000   1.0000       realNov
128.0000    0    2.000   1.0000          NULL 
130.0000    3    2.000   1.0000     pseudoRep
132.0000    3    2.000   1.0000     pseudoRep
134.0000    3    2.000   1.0000     pseudoRep
136.0000    2    2.000   1.0000       realNov
138.0000    2    2.000   1.0000       realNov
140.0000    1    2.000   1.0000       realRep
142.0000    3    2.000   1.0000     pseudoRep
144.0000    0    2.000   1.0000          NULL 
146.0000    4    2.000   1.0000     pseudoNov
148.0000    0    2.000   1.0000          NULL 
150.0000    3    2.000   1.0000     pseudoRep
152.0000    1    2.000   1.0000       realRep
154.0000    1    2.000   1.0000       realRep
156.0000    4    2.000   1.0000     pseudoNov
158.0000    0    2.000   1.0000          NULL 
160.0000    2    2.000   1.0000       realNov
162.0000    0    2.000   1.0000          NULL 
164.0000    2    2.000   1.0000       realNov
166.0000    0    2.000   1.0000          NULL 
168.0000    3    2.000   1.0000     pseudoRep
170.0000    1    2.000   1.0000       realRep
172.0000    3    2.000   1.0000     pseudoRep
174.0000    1    2.000   1.0000       realRep
176.0000    4    2.000   1.0000     pseudoNov
178.0000    4    2.000   1.0000     pseudoNov
180.0000    2    2.000   1.0000       realNov
182.0000    3    2.000   1.0000     pseudoRep
184.0000    1    2.000   1.0000       realRep
186.0000    1    2.000   1.0000       realRep
188.0000    1    2.000   1.0000       realRep
190.0000    2    2.000   1.0000       realNov
192.0000    1    2.000   1.0000       realRep
194.0000    1    2.000   1.0000       realRep
196.0000    1    2.000   1.0000       realRep
198.0000    0    2.000   1.0000          NULL 
200.0000    2    2.000   1.0000       realNov
202.0000    0    2.000   1.0000          NULL 
204.0000    4    2.000   1.0000     pseudoNov
206.0000    3    2.000   1.0000     pseudoRep
208.0000    4    2.000   1.0000     pseudoNov
210.0000    0    2.000   1.0000          NULL 
212.0000    4    2.000   1.0000     pseudoNov
214.0000    1    2.000   1.0000       realRep
216.0000    1    2.000   1.0000       realRep
218.0000    0    2.000   1.0000          NULL 
220.0000    3    2.000   1.0000     pseudoRep
222.0000    4    2.000   1.0000     pseudoNov
224.0000    1    2.000   1.0000       realRep
226.0000    0    2.000   1.0000          NULL 
228.0000    1    2.000   1.0000       realRep
230.0000    1    2.000   1.0000       realRep
232.0000    3    2.000   1.0000     pseudoRep
234.0000    3    2.000   1.0000     pseudoRep
236.0000    3    2.000   1.0000     pseudoRep
238.0000    2    2.000   1.0000       realNov
240.0000    0    2.000   1.0000          NULL 
242.0000    2    2.000   1.0000       realNov
244.0000    3    2.000   1.0000     pseudoRep
246.0000    4    2.000   1.0000     pseudoNov
248.0000    4    2.000   1.0000     pseudoNov
250.0000    0    2.000   1.0000          NULL 
252.0000    1    2.000   1.0000       realRep
254.0000    4    2.000   1.0000     pseudoNov
256.0000    0    2.000   1.0000          NULL 
258.0000    3    2.000   1.0000     pseudoRep
260.0000    4    2.000   1.0000     pseudoNov
262.0000    3    2.000   1.0000     pseudoRep
264.0000    3    2.000   1.0000     pseudoRep
266.0000    1    2.000   1.0000       realRep
268.0000    3    2.000   1.0000     pseudoRep
270.0000    0    4.000   1.0000          NULL 
274.0000    4    2.000   1.0000     pseudoNov
276.0000    1    2.000   1.0000       realRep
278.0000    3    2.000   1.0000     pseudoRep
280.0000    4    2.000   1.0000     pseudoNov
282.0000    4    2.000   1.0000     pseudoNov
284.0000    4    2.000   1.0000     pseudoNov
286.0000    4    2.000   1.0000     pseudoNov
288.0000    4    2.000   1.0000     pseudoNov
290.0000    0    2.000   1.0000          NULL 
292.0000    4    2.000   1.0000     pseudoNov
294.0000    3    2.000   1.0000     pseudoRep
296.0000    0    4.000   1.0000          NULL 
300.0000    4    2.000   1.0000     pseudoNov
302.0000    1    2.000   1.0000       realRep
304.0000    1    2.000   1.0000       realRep
306.0000    3    2.000   1.0000     pseudoRep
308.0000    2    2.000   1.0000       realNov
310.0000    3    2.000   1.0000     pseudoRep
312.0000    2    2.000   1.0000       realNov
314.0000    3    2.000   1.0000     pseudoRep
316.0000    2    2.000   1.0000       realNov
318.0000    3    2.000   1.0000     pseudoRep
320.0000    2    2.000   1.0000       realNov
322.0000    3    2.000   1.0000     pseudoRep
324.0000    0    2.000   1.0000          NULL 
326.0000    4    2.000   1.0000     pseudoNov
328.0000    3    2.000   1.0000     pseudoRep
330.0000    2    2.000   1.0000       realNov
332.0000    0    2.000   1.0000          NULL 
334.0000    3    2.000   1.0000     pseudoRep
336.0000    4    2.000   1.0000     pseudoNov
338.0000    2    2.000   1.0000       realNov
340.0000    1    2.000   1.0000       realRep
342.0000    4    2.000   1.0000     pseudoNov
344.0000    0    2.000   1.0000          NULL 
346.0000    1    2.000   1.0000       realRep
348.0000    2    2.000   1.0000       realNov
350.0000    0    2.000   1.0000          NULL 
352.0000    1    2.000   1.0000       realRep
354.0000    1    2.000   1.0000       realRep
356.0000    3    2.000   1.0000     pseudoRep
358.0000    4    2.000   1.0000     pseudoNov
360.0000    2    2.000   1.0000       realNov
362.0000    0    2.000   1.0000          NULL 
364.0000    1    2.000   1.0000       realRep
366.0000    4    2.000   1.0000     pseudoNov
368.0000    3    2.000   1.0000     pseudoRep
370.0000    2    2.000   1.0000       realNov
372.0000    1    2.000   1.0000       realRep
374.0000    0    2.000   1.0000          NULL 
376.0000    2    2.000   1.0000       realNov
378.0000    0    4.000   1.0000          NULL 
382.0000    2    2.000   1.0000       realNov
384.0000    2    2.000   1.0000       realNov
386.0000    4    2.000   1.0000     pseudoNov
388.0000    2    2.000   1.0000       realNov
390.0000    0    2.000   1.0000          NULL 
392.0000    3    2.000   1.0000     pseudoRep
394.0000    2    2.000   1.0000       realNov
396.0000    0    2.000   1.0000          NULL 
398.0000    3    2.000   1.0000     pseudoRep
