  0.0000    3    2.000   1.0000     pseudoRep
  2.0000    1    2.000   1.0000       realRep
  4.0000    1    2.000   1.0000       realRep
  6.0000    0    2.000   1.0000          NULL 
  8.0000    4    2.000   1.0000     pseudoNov
 10.0000    2    2.000   1.0000       realNov
 12.0000    4    2.000   1.0000     pseudoNov
 14.0000    4    2.000   1.0000     pseudoNov
 16.0000    0    2.000   1.0000          NULL 
 18.0000    1    2.000   1.0000       realRep
 20.0000    1    2.000   1.0000       realRep
 22.0000    0    4.000   1.0000          NULL 
 26.0000    2    2.000   1.0000       realNov
 28.0000    3    2.000   1.0000     pseudoRep
 30.0000    4    2.000   1.0000     pseudoNov
 32.0000    1    2.000   1.0000       realRep
 34.0000    3    2.000   1.0000     pseudoRep
 36.0000    3    2.000   1.0000     pseudoRep
 38.0000    3    2.000   1.0000     pseudoRep
 40.0000    0    4.000   1.0000          NULL 
 44.0000    1    2.000   1.0000       realRep
 46.0000    3    2.000   1.0000     pseudoRep
 48.0000    2    2.000   1.0000       realNov
 50.0000    1    2.000   1.0000       realRep
 52.0000    2    2.000   1.0000       realNov
 54.0000    1    2.000   1.0000       realRep
 56.0000    4    2.000   1.0000     pseudoNov
 58.0000    0    2.000   1.0000          NULL 
 60.0000    3    2.000   1.0000     pseudoRep
 62.0000    1    2.000   1.0000       realRep
 64.0000    3    2.000   1.0000     pseudoRep
 66.0000    3    2.000   1.0000     pseudoRep
 68.0000    3    2.000   1.0000     pseudoRep
 70.0000    1    2.000   1.0000       realRep
 72.0000    4    2.000   1.0000     pseudoNov
 74.0000    2    2.000   1.0000       realNov
 76.0000    2    2.000   1.0000       realNov
 78.0000    0    2.000   1.0000          NULL 
 80.0000    2    2.000   1.0000       realNov
 82.0000    1    2.000   1.0000       realRep
 84.0000    2    2.000   1.0000       realNov
 86.0000    0    2.000   1.0000          NULL 
 88.0000    2    2.000   1.0000       realNov
 90.0000    0    2.000   1.0000          NULL 
 92.0000    4    2.000   1.0000     pseudoNov
 94.0000    3    2.000   1.0000     pseudoRep
 96.0000    4    2.000   1.0000     pseudoNov
 98.0000    1    2.000   1.0000       realRep
100.0000    0    2.000   1.0000          NULL 
102.0000    4    2.000   1.0000     pseudoNov
104.0000    2    2.000   1.0000       realNov
106.0000    2    2.000   1.0000       realNov
108.0000    3    2.000   1.0000     pseudoRep
110.0000    0    2.000   1.0000          NULL 
112.0000    2    2.000   1.0000       realNov
114.0000    4    2.000   1.0000     pseudoNov
116.0000    1    2.000   1.0000       realRep
118.0000    0    2.000   1.0000          NULL 
120.0000    2    2.000   1.0000       realNov
122.0000    0    2.000   1.0000          NULL 
124.0000    3    2.000   1.0000     pseudoRep
126.0000    2    2.000   1.0000       realNov
128.0000    3    2.000   1.0000     pseudoRep
130.0000    3    2.000   1.0000     pseudoRep
132.0000    1    2.000   1.0000       realRep
134.0000    2    2.000   1.0000       realNov
136.0000    4    2.000   1.0000     pseudoNov
138.0000    0    2.000   1.0000          NULL 
140.0000    2    2.000   1.0000       realNov
142.0000    0    2.000   1.0000          NULL 
144.0000    3    2.000   1.0000     pseudoRep
146.0000    2    2.000   1.0000       realNov
148.0000    0    2.000   1.0000          NULL 
150.0000    2    2.000   1.0000       realNov
152.0000    4    2.000   1.0000     pseudoNov
154.0000    1    2.000   1.0000       realRep
156.0000    4    2.000   1.0000     pseudoNov
158.0000    3    2.000   1.0000     pseudoRep
160.0000    0    2.000   1.0000          NULL 
162.0000    1    2.000   1.0000       realRep
164.0000    4    2.000   1.0000     pseudoNov
166.0000    4    2.000   1.0000     pseudoNov
168.0000    1    2.000   1.0000       realRep
170.0000    0    2.000   1.0000          NULL 
172.0000    3    2.000   1.0000     pseudoRep
174.0000    3    2.000   1.0000     pseudoRep
176.0000    1    2.000   1.0000       realRep
178.0000    2    2.000   1.0000       realNov
180.0000    4    2.000   1.0000     pseudoNov
182.0000    1    2.000   1.0000       realRep
184.0000    3    2.000   1.0000     pseudoRep
186.0000    2    2.000   1.0000       realNov
188.0000    4    2.000   1.0000     pseudoNov
190.0000    3    2.000   1.0000     pseudoRep
192.0000    0    4.000   1.0000          NULL 
196.0000    3    2.000   1.0000     pseudoRep
198.0000    3    2.000   1.0000     pseudoRep
200.0000    1    2.000   1.0000       realRep
202.0000    4    2.000   1.0000     pseudoNov
204.0000    3    2.000   1.0000     pseudoRep
206.0000    2    2.000   1.0000       realNov
208.0000    0    2.000   1.0000          NULL 
210.0000    4    2.000   1.0000     pseudoNov
212.0000    2    2.000   1.0000       realNov
214.0000    3    2.000   1.0000     pseudoRep
216.0000    4    2.000   1.0000     pseudoNov
218.0000    2    2.000   1.0000       realNov
220.0000    3    2.000   1.0000     pseudoRep
222.0000    0    2.000   1.0000          NULL 
224.0000    4    2.000   1.0000     pseudoNov
226.0000    3    2.000   1.0000     pseudoRep
228.0000    2    2.000   1.0000       realNov
230.0000    0    2.000   1.0000          NULL 
232.0000    2    2.000   1.0000       realNov
234.0000    1    2.000   1.0000       realRep
236.0000    0    2.000   1.0000          NULL 
238.0000    4    2.000   1.0000     pseudoNov
240.0000    4    2.000   1.0000     pseudoNov
242.0000    4    2.000   1.0000     pseudoNov
244.0000    0    4.000   1.0000          NULL 
248.0000    1    2.000   1.0000       realRep
250.0000    4    2.000   1.0000     pseudoNov
252.0000    0    2.000   1.0000          NULL 
254.0000    2    2.000   1.0000       realNov
256.0000    1    2.000   1.0000       realRep
258.0000    2    2.000   1.0000       realNov
260.0000    2    2.000   1.0000       realNov
262.0000    0    2.000   1.0000          NULL 
264.0000    3    2.000   1.0000     pseudoRep
266.0000    1    2.000   1.0000       realRep
268.0000    3    2.000   1.0000     pseudoRep
270.0000    1    2.000   1.0000       realRep
272.0000    2    2.000   1.0000       realNov
274.0000    2    2.000   1.0000       realNov
276.0000    0    2.000   1.0000          NULL 
278.0000    1    2.000   1.0000       realRep
280.0000    3    2.000   1.0000     pseudoRep
282.0000    0    2.000   1.0000          NULL 
284.0000    2    2.000   1.0000       realNov
286.0000    3    2.000   1.0000     pseudoRep
288.0000    0    2.000   1.0000          NULL 
290.0000    3    2.000   1.0000     pseudoRep
292.0000    0    4.000   1.0000          NULL 
296.0000    2    2.000   1.0000       realNov
298.0000    4    2.000   1.0000     pseudoNov
300.0000    4    2.000   1.0000     pseudoNov
302.0000    4    2.000   1.0000     pseudoNov
304.0000    4    2.000   1.0000     pseudoNov
306.0000    2    2.000   1.0000       realNov
308.0000    4    2.000   1.0000     pseudoNov
310.0000    3    2.000   1.0000     pseudoRep
312.0000    1    2.000   1.0000       realRep
314.0000    2    2.000   1.0000       realNov
316.0000    0    2.000   1.0000          NULL 
318.0000    1    2.000   1.0000       realRep
320.0000    4    2.000   1.0000     pseudoNov
322.0000    4    2.000   1.0000     pseudoNov
324.0000    1    2.000   1.0000       realRep
326.0000    3    2.000   1.0000     pseudoRep
328.0000    2    2.000   1.0000       realNov
330.0000    1    2.000   1.0000       realRep
332.0000    4    2.000   1.0000     pseudoNov
334.0000    3    2.000   1.0000     pseudoRep
336.0000    1    2.000   1.0000       realRep
338.0000    3    2.000   1.0000     pseudoRep
340.0000    1    2.000   1.0000       realRep
342.0000    2    2.000   1.0000       realNov
344.0000    1    2.000   1.0000       realRep
346.0000    4    2.000   1.0000     pseudoNov
348.0000    0    4.000   1.0000          NULL 
352.0000    1    2.000   1.0000       realRep
354.0000    1    2.000   1.0000       realRep
356.0000    4    2.000   1.0000     pseudoNov
358.0000    0    2.000   1.0000          NULL 
360.0000    1    2.000   1.0000       realRep
362.0000    2    2.000   1.0000       realNov
364.0000    1    2.000   1.0000       realRep
366.0000    4    2.000   1.0000     pseudoNov
368.0000    3    2.000   1.0000     pseudoRep
370.0000    4    2.000   1.0000     pseudoNov
372.0000    4    2.000   1.0000     pseudoNov
374.0000    1    2.000   1.0000       realRep
376.0000    4    2.000   1.0000     pseudoNov
378.0000    0    4.000   1.0000          NULL 
382.0000    2    2.000   1.0000       realNov
384.0000    3    2.000   1.0000     pseudoRep
386.0000    2    2.000   1.0000       realNov
388.0000    1    2.000   1.0000       realRep
390.0000    3    2.000   1.0000     pseudoRep
392.0000    4    2.000   1.0000     pseudoNov
394.0000    2    2.000   1.0000       realNov
396.0000    1    2.000   1.0000       realRep
398.0000    3    2.000   1.0000     pseudoRep
