  0.0000    3    2.000   1.0000     pseudoRep
  2.0000    2    2.000   1.0000       realNov
  4.0000    2    2.000   1.0000       realNov
  6.0000    0    2.000   1.0000          NULL 
  8.0000    2    2.000   1.0000       realNov
 10.0000    1    2.000   1.0000       realRep
 12.0000    4    2.000   1.0000     pseudoNov
 14.0000    4    2.000   1.0000     pseudoNov
 16.0000    1    2.000   1.0000       realRep
 18.0000    2    2.000   1.0000       realNov
 20.0000    4    2.000   1.0000     pseudoNov
 22.0000    1    2.000   1.0000       realRep
 24.0000    4    2.000   1.0000     pseudoNov
 26.0000    4    2.000   1.0000     pseudoNov
 28.0000    0    2.000   1.0000          NULL 
 30.0000    3    2.000   1.0000     pseudoRep
 32.0000    4    2.000   1.0000     pseudoNov
 34.0000    0    2.000   1.0000          NULL 
 36.0000    3    2.000   1.0000     pseudoRep
 38.0000    1    2.000   1.0000       realRep
 40.0000    3    2.000   1.0000     pseudoRep
 42.0000    2    2.000   1.0000       realNov
 44.0000    3    2.000   1.0000     pseudoRep
 46.0000    1    2.000   1.0000       realRep
 48.0000    2    2.000   1.0000       realNov
 50.0000    1    2.000   1.0000       realRep
 52.0000    1    2.000   1.0000       realRep
 54.0000    0    2.000   1.0000          NULL 
 56.0000    4    2.000   1.0000     pseudoNov
 58.0000    0    2.000   1.0000          NULL 
 60.0000    3    2.000   1.0000     pseudoRep
 62.0000    3    2.000   1.0000     pseudoRep
 64.0000    2    2.000   1.0000       realNov
 66.0000    0    2.000   1.0000          NULL 
 68.0000    2    2.000   1.0000       realNov
 70.0000    1    2.000   1.0000       realRep
 72.0000    4    2.000   1.0000     pseudoNov
 74.0000    4    2.000   1.0000     pseudoNov
 76.0000    2    2.000   1.0000       realNov
 78.0000    3    2.000   1.0000     pseudoRep
 80.0000    2    2.000   1.0000       realNov
 82.0000    3    2.000   1.0000     pseudoRep
 84.0000    3    2.000   1.0000     pseudoRep
 86.0000    2    2.000   1.0000       realNov
 88.0000    1    2.000   1.0000       realRep
 90.0000    1    2.000   1.0000       realRep
 92.0000    2    2.000   1.0000       realNov
 94.0000    1    2.000   1.0000       realRep
 96.0000    4    2.000   1.0000     pseudoNov
 98.0000    4    2.000   1.0000     pseudoNov
100.0000    0    2.000   1.0000          NULL 
102.0000    2    2.000   1.0000       realNov
104.0000    3    2.000   1.0000     pseudoRep
106.0000    3    2.000   1.0000     pseudoRep
108.0000    2    2.000   1.0000       realNov
110.0000    3    2.000   1.0000     pseudoRep
112.0000    4    2.000   1.0000     pseudoNov
114.0000    4    2.000   1.0000     pseudoNov
116.0000    1    2.000   1.0000       realRep
118.0000    1    2.000   1.0000       realRep
120.0000    0    2.000   1.0000          NULL 
122.0000    1    2.000   1.0000       realRep
124.0000    1    2.000   1.0000       realRep
126.0000    4    2.000   1.0000     pseudoNov
128.0000    0    2.000   1.0000          NULL 
130.0000    1    2.000   1.0000       realRep
132.0000    3    2.000   1.0000     pseudoRep
134.0000    1    2.000   1.0000       realRep
136.0000    4    2.000   1.0000     pseudoNov
138.0000    2    2.000   1.0000       realNov
140.0000    1    2.000   1.0000       realRep
142.0000    0    2.000   1.0000          NULL 
144.0000    1    2.000   1.0000       realRep
146.0000    2    2.000   1.0000       realNov
148.0000    2    2.000   1.0000       realNov
150.0000    2    2.000   1.0000       realNov
152.0000    0    2.000   1.0000          NULL 
154.0000    2    2.000   1.0000       realNov
156.0000    3    2.000   1.0000     pseudoRep
158.0000    0    4.000   1.0000          NULL 
162.0000    1    2.000   1.0000       realRep
164.0000    3    2.000   1.0000     pseudoRep
166.0000    4    2.000   1.0000     pseudoNov
168.0000    3    2.000   1.0000     pseudoRep
170.0000    4    2.000   1.0000     pseudoNov
172.0000    0    2.000   1.0000          NULL 
174.0000    1    2.000   1.0000       realRep
176.0000    3    2.000   1.0000     pseudoRep
178.0000    4    2.000   1.0000     pseudoNov
180.0000    2    2.000   1.0000       realNov
182.0000    0    2.000   1.0000          NULL 
184.0000    4    2.000   1.0000     pseudoNov
186.0000    2    2.000   1.0000       realNov
188.0000    3    2.000   1.0000     pseudoRep
190.0000    1    2.000   1.0000       realRep
192.0000    3    2.000   1.0000     pseudoRep
194.0000    0    2.000   1.0000          NULL 
196.0000    3    2.000   1.0000     pseudoRep
198.0000    0    2.000   1.0000          NULL 
200.0000    1    2.000   1.0000       realRep
202.0000    2    2.000   1.0000       realNov
204.0000    0    2.000   1.0000          NULL 
206.0000    4    2.000   1.0000     pseudoNov
208.0000    4    2.000   1.0000     pseudoNov
210.0000    2    2.000   1.0000       realNov
212.0000    4    2.000   1.0000     pseudoNov
214.0000    4    2.000   1.0000     pseudoNov
216.0000    1    2.000   1.0000       realRep
218.0000    0    2.000   1.0000          NULL 
220.0000    2    2.000   1.0000       realNov
222.0000    4    2.000   1.0000     pseudoNov
224.0000    2    2.000   1.0000       realNov
226.0000    0    2.000   1.0000          NULL 
228.0000    4    2.000   1.0000     pseudoNov
230.0000    2    2.000   1.0000       realNov
232.0000    1    2.000   1.0000       realRep
234.0000    2    2.000   1.0000       realNov
236.0000    3    2.000   1.0000     pseudoRep
238.0000    2    2.000   1.0000       realNov
240.0000    0    2.000   1.0000          NULL 
242.0000    1    2.000   1.0000       realRep
244.0000    2    2.000   1.0000       realNov
246.0000    2    2.000   1.0000       realNov
248.0000    1    2.000   1.0000       realRep
250.0000    0    2.000   1.0000          NULL 
252.0000    3    2.000   1.0000     pseudoRep
254.0000    0    2.000   1.0000          NULL 
256.0000    4    2.000   1.0000     pseudoNov
258.0000    3    2.000   1.0000     pseudoRep
260.0000    3    2.000   1.0000     pseudoRep
262.0000    2    2.000   1.0000       realNov
264.0000    0    6.000   1.0000          NULL 
270.0000    2    2.000   1.0000       realNov
272.0000    2    2.000   1.0000       realNov
274.0000    1    2.000   1.0000       realRep
276.0000    1    2.000   1.0000       realRep
278.0000    4    2.000   1.0000     pseudoNov
280.0000    1    2.000   1.0000       realRep
282.0000    3    2.000   1.0000     pseudoRep
284.0000    2    2.000   1.0000       realNov
286.0000    0    2.000   1.0000          NULL 
288.0000    2    2.000   1.0000       realNov
290.0000    1    2.000   1.0000       realRep
292.0000    4    2.000   1.0000     pseudoNov
294.0000    1    2.000   1.0000       realRep
296.0000    1    2.000   1.0000       realRep
298.0000    1    2.000   1.0000       realRep
300.0000    4    2.000   1.0000     pseudoNov
302.0000    0    2.000   1.0000          NULL 
304.0000    3    2.000   1.0000     pseudoRep
306.0000    2    2.000   1.0000       realNov
308.0000    3    2.000   1.0000     pseudoRep
310.0000    3    2.000   1.0000     pseudoRep
312.0000    2    2.000   1.0000       realNov
314.0000    4    2.000   1.0000     pseudoNov
316.0000    4    2.000   1.0000     pseudoNov
318.0000    0    4.000   1.0000          NULL 
322.0000    4    2.000   1.0000     pseudoNov
324.0000    4    2.000   1.0000     pseudoNov
326.0000    0    2.000   1.0000          NULL 
328.0000    3    2.000   1.0000     pseudoRep
330.0000    0    2.000   1.0000          NULL 
332.0000    3    2.000   1.0000     pseudoRep
334.0000    4    2.000   1.0000     pseudoNov
336.0000    4    2.000   1.0000     pseudoNov
338.0000    0    4.000   1.0000          NULL 
342.0000    1    2.000   1.0000       realRep
344.0000    3    2.000   1.0000     pseudoRep
346.0000    4    2.000   1.0000     pseudoNov
348.0000    0    2.000   1.0000          NULL 
350.0000    3    2.000   1.0000     pseudoRep
352.0000    1    2.000   1.0000       realRep
354.0000    3    2.000   1.0000     pseudoRep
356.0000    4    2.000   1.0000     pseudoNov
358.0000    4    2.000   1.0000     pseudoNov
360.0000    4    2.000   1.0000     pseudoNov
362.0000    3    2.000   1.0000     pseudoRep
364.0000    0    4.000   1.0000          NULL 
368.0000    3    2.000   1.0000     pseudoRep
370.0000    0    2.000   1.0000          NULL 
372.0000    1    2.000   1.0000       realRep
374.0000    0    2.000   1.0000          NULL 
376.0000    2    2.000   1.0000       realNov
378.0000    3    2.000   1.0000     pseudoRep
380.0000    1    2.000   1.0000       realRep
382.0000    4    2.000   1.0000     pseudoNov
384.0000    3    2.000   1.0000     pseudoRep
386.0000    0    2.000   1.0000          NULL 
388.0000    1    2.000   1.0000       realRep
390.0000    2    2.000   1.0000       realNov
392.0000    2    2.000   1.0000       realNov
394.0000    3    2.000   1.0000     pseudoRep
396.0000    3    2.000   1.0000     pseudoRep
398.0000    1    2.000   1.0000       realRep
