  0.0000    4    2.000   1.0000     pseudoNov
  2.0000    3    2.000   1.0000     pseudoRep
  4.0000    1    2.000   1.0000       realRep
  6.0000    0    2.000   1.0000          NULL 
  8.0000    2    2.000   1.0000       realNov
 10.0000    2    2.000   1.0000       realNov
 12.0000    4    2.000   1.0000     pseudoNov
 14.0000    2    2.000   1.0000       realNov
 16.0000    2    2.000   1.0000       realNov
 18.0000    1    2.000   1.0000       realRep
 20.0000    4    2.000   1.0000     pseudoNov
 22.0000    4    2.000   1.0000     pseudoNov
 24.0000    1    2.000   1.0000       realRep
 26.0000    2    2.000   1.0000       realNov
 28.0000    4    2.000   1.0000     pseudoNov
 30.0000    2    2.000   1.0000       realNov
 32.0000    3    2.000   1.0000     pseudoRep
 34.0000    1    2.000   1.0000       realRep
 36.0000    0    2.000   1.0000          NULL 
 38.0000    1    2.000   1.0000       realRep
 40.0000    1    2.000   1.0000       realRep
 42.0000    2    2.000   1.0000       realNov
 44.0000    3    2.000   1.0000     pseudoRep
 46.0000    4    2.000   1.0000     pseudoNov
 48.0000    1    2.000   1.0000       realRep
 50.0000    1    2.000   1.0000       realRep
 52.0000    3    2.000   1.0000     pseudoRep
 54.0000    0    4.000   1.0000          NULL 
 58.0000    3    2.000   1.0000     pseudoRep
 60.0000    0    2.000   1.0000          NULL 
 62.0000    4    2.000   1.0000     pseudoNov
 64.0000    0    2.000   1.0000          NULL 
 66.0000    4    2.000   1.0000     pseudoNov
 68.0000    3    2.000   1.0000     pseudoRep
 70.0000    1    2.000   1.0000       realRep
 72.0000    3    2.000   1.0000     pseudoRep
 74.0000    1    2.000   1.0000       realRep
 76.0000    2    2.000   1.0000       realNov
 78.0000    2    2.000   1.0000       realNov
 80.0000    2    2.000   1.0000       realNov
 82.0000    3    2.000   1.0000     pseudoRep
 84.0000    3    2.000   1.0000     pseudoRep
 86.0000    3    2.000   1.0000     pseudoRep
 88.0000    3    2.000   1.0000     pseudoRep
 90.0000    0    2.000   1.0000          NULL 
 92.0000    2    2.000   1.0000       realNov
 94.0000    2    2.000   1.0000       realNov
 96.0000    0    4.000   1.0000          NULL 
100.0000    1    2.000   1.0000       realRep
102.0000    1    2.000   1.0000       realRep
104.0000    0    4.000   1.0000          NULL 
108.0000    3    2.000   1.0000     pseudoRep
110.0000    3    2.000   1.0000     pseudoRep
112.0000    0    2.000   1.0000          NULL 
114.0000    4    2.000   1.0000     pseudoNov
116.0000    4    2.000   1.0000     pseudoNov
118.0000    1    2.000   1.0000       realRep
120.0000    0    2.000   1.0000          NULL 
122.0000    3    2.000   1.0000     pseudoRep
124.0000    3    2.000   1.0000     pseudoRep
126.0000    1    2.000   1.0000       realRep
128.0000    1    2.000   1.0000       realRep
130.0000    0    2.000   1.0000          NULL 
132.0000    2    2.000   1.0000       realNov
134.0000    4    2.000   1.0000     pseudoNov
136.0000    4    2.000   1.0000     pseudoNov
138.0000    2    2.000   1.0000       realNov
140.0000    0    6.000   1.0000          NULL 
146.0000    1    2.000   1.0000       realRep
148.0000    4    2.000   1.0000     pseudoNov
150.0000    4    2.000   1.0000     pseudoNov
152.0000    0    4.000   1.0000          NULL 
156.0000    2    2.000   1.0000       realNov
158.0000    1    2.000   1.0000       realRep
160.0000    3    2.000   1.0000     pseudoRep
162.0000    1    2.000   1.0000       realRep
164.0000    1    2.000   1.0000       realRep
166.0000    4    2.000   1.0000     pseudoNov
168.0000    3    2.000   1.0000     pseudoRep
170.0000    0    2.000   1.0000          NULL 
172.0000    4    2.000   1.0000     pseudoNov
174.0000    4    2.000   1.0000     pseudoNov
176.0000    2    2.000   1.0000       realNov
178.0000    0    2.000   1.0000          NULL 
180.0000    2    2.000   1.0000       realNov
182.0000    1    2.000   1.0000       realRep
184.0000    2    2.000   1.0000       realNov
186.0000    1    2.000   1.0000       realRep
188.0000    0    2.000   1.0000          NULL 
190.0000    1    2.000   1.0000       realRep
192.0000    2    2.000   1.0000       realNov
194.0000    3    2.000   1.0000     pseudoRep
196.0000    3    2.000   1.0000     pseudoRep
198.0000    1    2.000   1.0000       realRep
200.0000    1    2.000   1.0000       realRep
202.0000    0    2.000   1.0000          NULL 
204.0000    2    2.000   1.0000       realNov
206.0000    0    2.000   1.0000          NULL 
208.0000    3    2.000   1.0000     pseudoRep
210.0000    4    2.000   1.0000     pseudoNov
212.0000    2    2.000   1.0000       realNov
214.0000    3    2.000   1.0000     pseudoRep
216.0000    1    2.000   1.0000       realRep
218.0000    2    2.000   1.0000       realNov
220.0000    1    2.000   1.0000       realRep
222.0000    0    2.000   1.0000          NULL 
224.0000    2    2.000   1.0000       realNov
226.0000    1    2.000   1.0000       realRep
228.0000    1    2.000   1.0000       realRep
230.0000    2    2.000   1.0000       realNov
232.0000    3    2.000   1.0000     pseudoRep
234.0000    4    2.000   1.0000     pseudoNov
236.0000    3    2.000   1.0000     pseudoRep
238.0000    0    2.000   1.0000          NULL 
240.0000    1    2.000   1.0000       realRep
242.0000    2    2.000   1.0000       realNov
244.0000    3    2.000   1.0000     pseudoRep
246.0000    2    2.000   1.0000       realNov
248.0000    0    2.000   1.0000          NULL 
250.0000    4    2.000   1.0000     pseudoNov
252.0000    2    2.000   1.0000       realNov
254.0000    4    2.000   1.0000     pseudoNov
256.0000    2    2.000   1.0000       realNov
258.0000    2    2.000   1.0000       realNov
260.0000    0    2.000   1.0000          NULL 
262.0000    3    2.000   1.0000     pseudoRep
264.0000    1    2.000   1.0000       realRep
266.0000    3    2.000   1.0000     pseudoRep
268.0000    3    2.000   1.0000     pseudoRep
270.0000    4    2.000   1.0000     pseudoNov
272.0000    4    2.000   1.0000     pseudoNov
274.0000    2    2.000   1.0000       realNov
276.0000    1    2.000   1.0000       realRep
278.0000    4    2.000   1.0000     pseudoNov
280.0000    0    2.000   1.0000          NULL 
282.0000    3    2.000   1.0000     pseudoRep
284.0000    0    2.000   1.0000          NULL 
286.0000    3    2.000   1.0000     pseudoRep
288.0000    2    2.000   1.0000       realNov
290.0000    4    2.000   1.0000     pseudoNov
292.0000    1    2.000   1.0000       realRep
294.0000    0    2.000   1.0000          NULL 
296.0000    2    2.000   1.0000       realNov
298.0000    4    2.000   1.0000     pseudoNov
300.0000    4    2.000   1.0000     pseudoNov
302.0000    0    2.000   1.0000          NULL 
304.0000    3    2.000   1.0000     pseudoRep
306.0000    2    2.000   1.0000       realNov
308.0000    0    2.000   1.0000          NULL 
310.0000    1    2.000   1.0000       realRep
312.0000    3    2.000   1.0000     pseudoRep
314.0000    3    2.000   1.0000     pseudoRep
316.0000    4    2.000   1.0000     pseudoNov
318.0000    0    2.000   1.0000          NULL 
320.0000    4    2.000   1.0000     pseudoNov
322.0000    0    2.000   1.0000          NULL 
324.0000    1    2.000   1.0000       realRep
326.0000    2    2.000   1.0000       realNov
328.0000    2    2.000   1.0000       realNov
330.0000    4    2.000   1.0000     pseudoNov
332.0000    2    2.000   1.0000       realNov
334.0000    1    2.000   1.0000       realRep
336.0000    0    2.000   1.0000          NULL 
338.0000    1    2.000   1.0000       realRep
340.0000    3    2.000   1.0000     pseudoRep
342.0000    2    2.000   1.0000       realNov
344.0000    3    2.000   1.0000     pseudoRep
346.0000    3    2.000   1.0000     pseudoRep
348.0000    0    2.000   1.0000          NULL 
350.0000    2    2.000   1.0000       realNov
352.0000    0    2.000   1.0000          NULL 
354.0000    1    2.000   1.0000       realRep
356.0000    4    2.000   1.0000     pseudoNov
358.0000    4    2.000   1.0000     pseudoNov
360.0000    2    2.000   1.0000       realNov
362.0000    4    2.000   1.0000     pseudoNov
364.0000    0    2.000   1.0000          NULL 
366.0000    1    2.000   1.0000       realRep
368.0000    3    2.000   1.0000     pseudoRep
370.0000    4    2.000   1.0000     pseudoNov
372.0000    3    2.000   1.0000     pseudoRep
374.0000    4    2.000   1.0000     pseudoNov
376.0000    3    2.000   1.0000     pseudoRep
378.0000    4    2.000   1.0000     pseudoNov
380.0000    4    2.000   1.0000     pseudoNov
382.0000    1    2.000   1.0000       realRep
384.0000    4    2.000   1.0000     pseudoNov
386.0000    4    2.000   1.0000     pseudoNov
388.0000    0    2.000   1.0000          NULL 
390.0000    4    2.000   1.0000     pseudoNov
392.0000    1    2.000   1.0000       realRep
394.0000    3    2.000   1.0000     pseudoRep
396.0000    3    2.000   1.0000     pseudoRep
398.0000    2    2.000   1.0000       realNov
