  0.0000    4    2.000   1.0000     pseudoNov
  2.0000    3    2.000   1.0000     pseudoRep
  4.0000    3    2.000   1.0000     pseudoRep
  6.0000    1    2.000   1.0000       realRep
  8.0000    1    2.000   1.0000       realRep
 10.0000    4    2.000   1.0000     pseudoNov
 12.0000    2    2.000   1.0000       realNov
 14.0000    0    4.000   1.0000          NULL 
 18.0000    2    2.000   1.0000       realNov
 20.0000    1    2.000   1.0000       realRep
 22.0000    3    2.000   1.0000     pseudoRep
 24.0000    1    2.000   1.0000       realRep
 26.0000    2    2.000   1.0000       realNov
 28.0000    4    2.000   1.0000     pseudoNov
 30.0000    0    2.000   1.0000          NULL 
 32.0000    3    2.000   1.0000     pseudoRep
 34.0000    4    2.000   1.0000     pseudoNov
 36.0000    2    2.000   1.0000       realNov
 38.0000    1    2.000   1.0000       realRep
 40.0000    0    2.000   1.0000          NULL 
 42.0000    1    2.000   1.0000       realRep
 44.0000    1    2.000   1.0000       realRep
 46.0000    1    2.000   1.0000       realRep
 48.0000    1    2.000   1.0000       realRep
 50.0000    3    2.000   1.0000     pseudoRep
 52.0000    2    2.000   1.0000       realNov
 54.0000    0    2.000   1.0000          NULL 
 56.0000    4    2.000   1.0000     pseudoNov
 58.0000    0    4.000   1.0000          NULL 
 62.0000    2    2.000   1.0000       realNov
 64.0000    4    2.000   1.0000     pseudoNov
 66.0000    1    2.000   1.0000       realRep
 68.0000    4    2.000   1.0000     pseudoNov
 70.0000    2    2.000   1.0000       realNov
 72.0000    4    2.000   1.0000     pseudoNov
 74.0000    2    2.000   1.0000       realNov
 76.0000    2    2.000   1.0000       realNov
 78.0000    4    2.000   1.0000     pseudoNov
 80.0000    4    2.000   1.0000     pseudoNov
 82.0000    3    2.000   1.0000     pseudoRep
 84.0000    3    2.000   1.0000     pseudoRep
 86.0000    1    2.000   1.0000       realRep
 88.0000    3    2.000   1.0000     pseudoRep
 90.0000    1    2.000   1.0000       realRep
 92.0000    2    2.000   1.0000       realNov
 94.0000    1    2.000   1.0000       realRep
 96.0000    2    2.000   1.0000       realNov
 98.0000    0    2.000   1.0000          NULL 
100.0000    4    2.000   1.0000     pseudoNov
102.0000    2    2.000   1.0000       realNov
104.0000    2    2.000   1.0000       realNov
106.0000    2    2.000   1.0000       realNov
108.0000    2    2.000   1.0000       realNov
110.0000    3    2.000   1.0000     pseudoRep
112.0000    0    2.000   1.0000          NULL 
114.0000    3    2.000   1.0000     pseudoRep
116.0000    2    2.000   1.0000       realNov
118.0000    1    2.000   1.0000       realRep
120.0000    2    2.000   1.0000       realNov
122.0000    4    2.000   1.0000     pseudoNov
124.0000    3    2.000   1.0000     pseudoRep
126.0000    0    2.000   1.0000          NULL 
128.0000    1    2.000   1.0000       realRep
130.0000    1    2.000   1.0000       realRep
132.0000    0    2.000   1.0000          NULL 
134.0000    1    2.000   1.0000       realRep
136.0000    1    2.000   1.0000       realRep
138.0000    0    4.000   1.0000          NULL 
142.0000    3    2.000   1.0000     pseudoRep
144.0000    4    2.000   1.0000     pseudoNov
146.0000    0    2.000   1.0000          NULL 
148.0000    1    2.000   1.0000       realRep
150.0000    1    2.000   1.0000       realRep
152.0000    2    2.000   1.0000       realNov
154.0000    2    2.000   1.0000       realNov
156.0000    4    2.000   1.0000     pseudoNov
158.0000    3    2.000   1.0000     pseudoRep
160.0000    1    2.000   1.0000       realRep
162.0000    3    2.000   1.0000     pseudoRep
164.0000    1    2.000   1.0000       realRep
166.0000    0    2.000   1.0000          NULL 
168.0000    2    2.000   1.0000       realNov
170.0000    3    2.000   1.0000     pseudoRep
172.0000    4    2.000   1.0000     pseudoNov
174.0000    2    2.000   1.0000       realNov
176.0000    0    2.000   1.0000          NULL 
178.0000    2    2.000   1.0000       realNov
180.0000    2    2.000   1.0000       realNov
182.0000    3    2.000   1.0000     pseudoRep
184.0000    3    2.000   1.0000     pseudoRep
186.0000    2    2.000   1.0000       realNov
188.0000    3    2.000   1.0000     pseudoRep
190.0000    4    2.000   1.0000     pseudoNov
192.0000    4    2.000   1.0000     pseudoNov
194.0000    2    2.000   1.0000       realNov
196.0000    1    2.000   1.0000       realRep
198.0000    0    2.000   1.0000          NULL 
200.0000    3    2.000   1.0000     pseudoRep
202.0000    1    2.000   1.0000       realRep
204.0000    0    2.000   1.0000          NULL 
206.0000    3    2.000   1.0000     pseudoRep
208.0000    0    2.000   1.0000          NULL 
210.0000    4    2.000   1.0000     pseudoNov
212.0000    4    2.000   1.0000     pseudoNov
214.0000    2    2.000   1.0000       realNov
216.0000    0    2.000   1.0000          NULL 
218.0000    1    2.000   1.0000       realRep
220.0000    2    2.000   1.0000       realNov
222.0000    4    2.000   1.0000     pseudoNov
224.0000    2    2.000   1.0000       realNov
226.0000    2    2.000   1.0000       realNov
228.0000    4    2.000   1.0000     pseudoNov
230.0000    1    2.000   1.0000       realRep
232.0000    2    2.000   1.0000       realNov
234.0000    4    2.000   1.0000     pseudoNov
236.0000    4    2.000   1.0000     pseudoNov
238.0000    2    2.000   1.0000       realNov
240.0000    0    2.000   1.0000          NULL 
242.0000    1    2.000   1.0000       realRep
244.0000    4    2.000   1.0000     pseudoNov
246.0000    3    2.000   1.0000     pseudoRep
248.0000    1    2.000   1.0000       realRep
250.0000    3    2.000   1.0000     pseudoRep
252.0000    2    2.000   1.0000       realNov
254.0000    4    2.000   1.0000     pseudoNov
256.0000    1    2.000   1.0000       realRep
258.0000    4    2.000   1.0000     pseudoNov
260.0000    3    2.000   1.0000     pseudoRep
262.0000    3    2.000   1.0000     pseudoRep
264.0000    0    2.000   1.0000          NULL 
266.0000    1    2.000   1.0000       realRep
268.0000    4    2.000   1.0000     pseudoNov
270.0000    2    2.000   1.0000       realNov
272.0000    0    2.000   1.0000          NULL 
274.0000    3    2.000   1.0000     pseudoRep
276.0000    4    2.000   1.0000     pseudoNov
278.0000    0    2.000   1.0000          NULL 
280.0000    4    2.000   1.0000     pseudoNov
282.0000    0    2.000   1.0000          NULL 
284.0000    4    2.000   1.0000     pseudoNov
286.0000    3    2.000   1.0000     pseudoRep
288.0000    2    2.000   1.0000       realNov
290.0000    2    2.000   1.0000       realNov
292.0000    0    2.000   1.0000          NULL 
294.0000    1    2.000   1.0000       realRep
296.0000    3    2.000   1.0000     pseudoRep
298.0000    3    2.000   1.0000     pseudoRep
300.0000    4    2.000   1.0000     pseudoNov
302.0000    0    2.000   1.0000          NULL 
304.0000    3    2.000   1.0000     pseudoRep
306.0000    0    2.000   1.0000          NULL 
308.0000    1    2.000   1.0000       realRep
310.0000    2    2.000   1.0000       realNov
312.0000    1    2.000   1.0000       realRep
314.0000    0    2.000   1.0000          NULL 
316.0000    4    2.000   1.0000     pseudoNov
318.0000    1    2.000   1.0000       realRep
320.0000    0    6.000   1.0000          NULL 
326.0000    1    2.000   1.0000       realRep
328.0000    4    2.000   1.0000     pseudoNov
330.0000    3    2.000   1.0000     pseudoRep
332.0000    3    2.000   1.0000     pseudoRep
334.0000    4    2.000   1.0000     pseudoNov
336.0000    0    2.000   1.0000          NULL 
338.0000    3    2.000   1.0000     pseudoRep
340.0000    3    2.000   1.0000     pseudoRep
342.0000    1    2.000   1.0000       realRep
344.0000    4    2.000   1.0000     pseudoNov
346.0000    0    2.000   1.0000          NULL 
348.0000    3    2.000   1.0000     pseudoRep
350.0000    0    4.000   1.0000          NULL 
354.0000    4    2.000   1.0000     pseudoNov
356.0000    4    2.000   1.0000     pseudoNov
358.0000    4    2.000   1.0000     pseudoNov
360.0000    4    2.000   1.0000     pseudoNov
362.0000    0    2.000   1.0000          NULL 
364.0000    1    2.000   1.0000       realRep
366.0000    3    2.000   1.0000     pseudoRep
368.0000    4    2.000   1.0000     pseudoNov
370.0000    0    2.000   1.0000          NULL 
372.0000    1    2.000   1.0000       realRep
374.0000    1    2.000   1.0000       realRep
376.0000    2    2.000   1.0000       realNov
378.0000    2    2.000   1.0000       realNov
380.0000    3    2.000   1.0000     pseudoRep
382.0000    2    2.000   1.0000       realNov
384.0000    3    2.000   1.0000     pseudoRep
386.0000    0    2.000   1.0000          NULL 
388.0000    3    2.000   1.0000     pseudoRep
390.0000    3    2.000   1.0000     pseudoRep
392.0000    0    2.000   1.0000          NULL 
394.0000    2    2.000   1.0000       realNov
396.0000    3    2.000   1.0000     pseudoRep
398.0000    1    2.000   1.0000       realRep
