  0.0000    1    2.000   1.0000       realRep
  2.0000    0    2.000   1.0000          NULL 
  4.0000    2    2.000   1.0000       realNov
  6.0000    1    2.000   1.0000       realRep
  8.0000    3    2.000   1.0000     pseudoRep
 10.0000    3    2.000   1.0000     pseudoRep
 12.0000    3    2.000   1.0000     pseudoRep
 14.0000    0    4.000   1.0000          NULL 
 18.0000    1    2.000   1.0000       realRep
 20.0000    4    2.000   1.0000     pseudoNov
 22.0000    4    2.000   1.0000     pseudoNov
 24.0000    2    2.000   1.0000       realNov
 26.0000    1    2.000   1.0000       realRep
 28.0000    1    2.000   1.0000       realRep
 30.0000    3    2.000   1.0000     pseudoRep
 32.0000    1    2.000   1.0000       realRep
 34.0000    0    2.000   1.0000          NULL 
 36.0000    2    2.000   1.0000       realNov
 38.0000    0    2.000   1.0000          NULL 
 40.0000    2    2.000   1.0000       realNov
 42.0000    3    2.000   1.0000     pseudoRep
 44.0000    1    2.000   1.0000       realRep
 46.0000    2    2.000   1.0000       realNov
 48.0000    1    2.000   1.0000       realRep
 50.0000    1    2.000   1.0000       realRep
 52.0000    0    2.000   1.0000          NULL 
 54.0000    1    2.000   1.0000       realRep
 56.0000    4    2.000   1.0000     pseudoNov
 58.0000    2    2.000   1.0000       realNov
 60.0000    2    2.000   1.0000       realNov
 62.0000    4    2.000   1.0000     pseudoNov
 64.0000    1    2.000   1.0000       realRep
 66.0000    0    2.000   1.0000          NULL 
 68.0000    2    2.000   1.0000       realNov
 70.0000    3    2.000   1.0000     pseudoRep
 72.0000    3    2.000   1.0000     pseudoRep
 74.0000    3    2.000   1.0000     pseudoRep
 76.0000    2    2.000   1.0000       realNov
 78.0000    1    2.000   1.0000       realRep
 80.0000    3    2.000   1.0000     pseudoRep
 82.0000    3    2.000   1.0000     pseudoRep
 84.0000    0    2.000   1.0000          NULL 
 86.0000    4    2.000   1.0000     pseudoNov
 88.0000    0    2.000   1.0000          NULL 
 90.0000    3    2.000   1.0000     pseudoRep
 92.0000    2    2.000   1.0000       realNov
 94.0000    3    2.000   1.0000     pseudoRep
 96.0000    0    2.000   1.0000          NULL 
 98.0000    2    2.000   1.0000       realNov
100.0000    0    2.000   1.0000          NULL 
102.0000    1    2.000   1.0000       realRep
104.0000    0    2.000   1.0000          NULL 
106.0000    4    2.000   1.0000     pseudoNov
108.0000    4    2.000   1.0000     pseudoNov
110.0000    2    2.000   1.0000       realNov
112.0000    0    2.000   1.0000          NULL 
114.0000    3    2.000   1.0000     pseudoRep
116.0000    4    2.000   1.0000     pseudoNov
118.0000    4    2.000   1.0000     pseudoNov
120.0000    2    2.000   1.0000       realNov
122.0000    4    2.000   1.0000     pseudoNov
124.0000    2    2.000   1.0000       realNov
126.0000    2    2.000   1.0000       realNov
128.0000    0    2.000   1.0000          NULL 
130.0000    3    2.000   1.0000     pseudoRep
132.0000    1    2.000   1.0000       realRep
134.0000    1    2.000   1.0000       realRep
136.0000    1    2.000   1.0000       realRep
138.0000    1    2.000   1.0000       realRep
140.0000    0    2.000   1.0000          NULL 
142.0000    3    2.000   1.0000     pseudoRep
144.0000    3    2.000   1.0000     pseudoRep
146.0000    2    2.000   1.0000       realNov
148.0000    4    2.000   1.0000     pseudoNov
150.0000    3    2.000   1.0000     pseudoRep
152.0000    4    2.000   1.0000     pseudoNov
154.0000    4    2.000   1.0000     pseudoNov
156.0000    0    2.000   1.0000          NULL 
158.0000    3    2.000   1.0000     pseudoRep
160.0000    0    2.000   1.0000          NULL 
162.0000    2    2.000   1.0000       realNov
164.0000    3    2.000   1.0000     pseudoRep
166.0000    1    2.000   1.0000       realRep
168.0000    1    2.000   1.0000       realRep
170.0000    0    6.000   1.0000          NULL 
176.0000    4    2.000   1.0000     pseudoNov
178.0000    4    2.000   1.0000     pseudoNov
180.0000    3    2.000   1.0000     pseudoRep
182.0000    3    2.000   1.0000     pseudoRep
184.0000    1    2.000   1.0000       realRep
186.0000    2    2.000   1.0000       realNov
188.0000    1    2.000   1.0000       realRep
190.0000    0    2.000   1.0000          NULL 
192.0000    4    2.000   1.0000     pseudoNov
194.0000    3    2.000   1.0000     pseudoRep
196.0000    0    2.000   1.0000          NULL 
198.0000    1    2.000   1.0000       realRep
200.0000    2    2.000   1.0000       realNov
202.0000    4    2.000   1.0000     pseudoNov
204.0000    1    2.000   1.0000       realRep
206.0000    1    2.000   1.0000       realRep
208.0000    4    2.000   1.0000     pseudoNov
210.0000    2    2.000   1.0000       realNov
212.0000    3    2.000   1.0000     pseudoRep
214.0000    0    2.000   1.0000          NULL 
216.0000    1    2.000   1.0000       realRep
218.0000    4    2.000   1.0000     pseudoNov
220.0000    0    2.000   1.0000          NULL 
222.0000    3    2.000   1.0000     pseudoRep
224.0000    4    2.000   1.0000     pseudoNov
226.0000    4    2.000   1.0000     pseudoNov
228.0000    4    2.000   1.0000     pseudoNov
230.0000    3    2.000   1.0000     pseudoRep
232.0000    3    2.000   1.0000     pseudoRep
234.0000    0    2.000   1.0000          NULL 
236.0000    2    2.000   1.0000       realNov
238.0000    3    2.000   1.0000     pseudoRep
240.0000    2    2.000   1.0000       realNov
242.0000    4    2.000   1.0000     pseudoNov
244.0000    2    2.000   1.0000       realNov
246.0000    4    2.000   1.0000     pseudoNov
248.0000    2    2.000   1.0000       realNov
250.0000    0    2.000   1.0000          NULL 
252.0000    1    2.000   1.0000       realRep
254.0000    0    2.000   1.0000          NULL 
256.0000    4    2.000   1.0000     pseudoNov
258.0000    4    2.000   1.0000     pseudoNov
260.0000    1    2.000   1.0000       realRep
262.0000    0    2.000   1.0000          NULL 
264.0000    3    2.000   1.0000     pseudoRep
266.0000    1    2.000   1.0000       realRep
268.0000    3    2.000   1.0000     pseudoRep
270.0000    4    2.000   1.0000     pseudoNov
272.0000    0    2.000   1.0000          NULL 
274.0000    2    2.000   1.0000       realNov
276.0000    0    4.000   1.0000          NULL 
280.0000    1    2.000   1.0000       realRep
282.0000    4    2.000   1.0000     pseudoNov
284.0000    1    2.000   1.0000       realRep
286.0000    1    2.000   1.0000       realRep
288.0000    4    2.000   1.0000     pseudoNov
290.0000    0    4.000   1.0000          NULL 
294.0000    1    2.000   1.0000       realRep
296.0000    3    2.000   1.0000     pseudoRep
298.0000    1    2.000   1.0000       realRep
300.0000    2    2.000   1.0000       realNov
302.0000    4    2.000   1.0000     pseudoNov
304.0000    2    2.000   1.0000       realNov
306.0000    2    2.000   1.0000       realNov
308.0000    3    2.000   1.0000     pseudoRep
310.0000    4    2.000   1.0000     pseudoNov
312.0000    4    2.000   1.0000     pseudoNov
314.0000    1    2.000   1.0000       realRep
316.0000    4    2.000   1.0000     pseudoNov
318.0000    0    2.000   1.0000          NULL 
320.0000    4    2.000   1.0000     pseudoNov
322.0000    0    2.000   1.0000          NULL 
324.0000    1    2.000   1.0000       realRep
326.0000    1    2.000   1.0000       realRep
328.0000    2    2.000   1.0000       realNov
330.0000    3    2.000   1.0000     pseudoRep
332.0000    1    2.000   1.0000       realRep
334.0000    2    2.000   1.0000       realNov
336.0000    2    2.000   1.0000       realNov
338.0000    1    2.000   1.0000       realRep
340.0000    2    2.000   1.0000       realNov
342.0000    2    2.000   1.0000       realNov
344.0000    2    2.000   1.0000       realNov
346.0000    2    2.000   1.0000       realNov
348.0000    2    2.000   1.0000       realNov
350.0000    4    2.000   1.0000     pseudoNov
352.0000    3    2.000   1.0000     pseudoRep
354.0000    4    2.000   1.0000     pseudoNov
356.0000    1    2.000   1.0000       realRep
358.0000    3    2.000   1.0000     pseudoRep
360.0000    0    2.000   1.0000          NULL 
362.0000    3    2.000   1.0000     pseudoRep
364.0000    3    2.000   1.0000     pseudoRep
366.0000    2    2.000   1.0000       realNov
368.0000    0    4.000   1.0000          NULL 
372.0000    3    2.000   1.0000     pseudoRep
374.0000    3    2.000   1.0000     pseudoRep
376.0000    4    2.000   1.0000     pseudoNov
378.0000    0    4.000   1.0000          NULL 
382.0000    2    2.000   1.0000       realNov
384.0000    4    2.000   1.0000     pseudoNov
386.0000    2    2.000   1.0000       realNov
388.0000    3    2.000   1.0000     pseudoRep
390.0000    2    2.000   1.0000       realNov
392.0000    3    2.000   1.0000     pseudoRep
394.0000    4    2.000   1.0000     pseudoNov
396.0000    1    2.000   1.0000       realRep
398.0000    4    2.000   1.0000     pseudoNov
