  0.0000    2    2.000   1.0000       realNov
  2.0000    1    2.000   1.0000       realRep
  4.0000    2    2.000   1.0000       realNov
  6.0000    1    2.000   1.0000       realRep
  8.0000    2    2.000   1.0000       realNov
 10.0000    2    2.000   1.0000       realNov
 12.0000    1    2.000   1.0000       realRep
 14.0000    2    2.000   1.0000       realNov
 16.0000    4    2.000   1.0000     pseudoNov
 18.0000    1    2.000   1.0000       realRep
 20.0000    2    2.000   1.0000       realNov
 22.0000    2    2.000   1.0000       realNov
 24.0000    0    2.000   1.0000          NULL 
 26.0000    1    2.000   1.0000       realRep
 28.0000    0    2.000   1.0000          NULL 
 30.0000    3    2.000   1.0000     pseudoRep
 32.0000    2    2.000   1.0000       realNov
 34.0000    4    2.000   1.0000     pseudoNov
 36.0000    0    2.000   1.0000          NULL 
 38.0000    1    2.000   1.0000       realRep
 40.0000    1    2.000   1.0000       realRep
 42.0000    3    2.000   1.0000     pseudoRep
 44.0000    3    2.000   1.0000     pseudoRep
 46.0000    3    2.000   1.0000     pseudoRep
 48.0000    3    2.000   1.0000     pseudoRep
 50.0000    0    2.000   1.0000          NULL 
 52.0000    4    2.000   1.0000     pseudoNov
 54.0000    4    2.000   1.0000     pseudoNov
 56.0000    1    2.000   1.0000       realRep
 58.0000    4    2.000   1.0000     pseudoNov
 60.0000    0    2.000   1.0000          NULL 
 62.0000    1    2.000   1.0000       realRep
 64.0000    3    2.000   1.0000     pseudoRep
 66.0000    0    2.000   1.0000          NULL 
 68.0000    4    2.000   1.0000     pseudoNov
 70.0000    0    2.000   1.0000          NULL 
 72.0000    2    2.000   1.0000       realNov
 74.0000    0    2.000   1.0000          NULL 
 76.0000    1    2.000   1.0000       realRep
 78.0000    1    2.000   1.0000       realRep
 80.0000    0    2.000   1.0000          NULL 
 82.0000    4    2.000   1.0000     pseudoNov
 84.0000    4    2.000   1.0000     pseudoNov
 86.0000    3    2.000   1.0000     pseudoRep
 88.0000    2    2.000   1.0000       realNov
 90.0000    2    2.000   1.0000       realNov
 92.0000    0    2.000   1.0000          NULL 
 94.0000    2    2.000   1.0000       realNov
 96.0000    1    2.000   1.0000       realRep
 98.0000    2    2.000   1.0000       realNov
100.0000    1    2.000   1.0000       realRep
102.0000    2    2.000   1.0000       realNov
104.0000    0    2.000   1.0000          NULL 
106.0000    4    2.000   1.0000     pseudoNov
108.0000    4    2.000   1.0000     pseudoNov
110.0000    2    2.000   1.0000       realNov
112.0000    1    2.000   1.0000       realRep
114.0000    4    2.000   1.0000     pseudoNov
116.0000    1    2.000   1.0000       realRep
118.0000    2    2.000   1.0000       realNov
120.0000    2    2.000   1.0000       realNov
122.0000    3    2.000   1.0000     pseudoRep
124.0000    0    2.000   1.0000          NULL 
126.0000    2    2.000   1.0000       realNov
128.0000    4    2.000   1.0000     pseudoNov
130.0000    3    2.000   1.0000     pseudoRep
132.0000    3    2.000   1.0000     pseudoRep
134.0000    0    2.000   1.0000          NULL 
136.0000    2    2.000   1.0000       realNov
138.0000    3    2.000   1.0000     pseudoRep
140.0000    3    2.000   1.0000     pseudoRep
142.0000    1    2.000   1.0000       realRep
144.0000    3    2.000   1.0000     pseudoRep
146.0000    0    2.000   1.0000          NULL 
148.0000    3    2.000   1.0000     pseudoRep
150.0000    1    2.000   1.0000       realRep
152.0000    1    2.000   1.0000       realRep
154.0000    0    2.000   1.0000          NULL 
156.0000    1    2.000   1.0000       realRep
158.0000    0    2.000   1.0000          NULL 
160.0000    1    2.000   1.0000       realRep
162.0000    0    2.000   1.0000          NULL 
164.0000    4    2.000   1.0000     pseudoNov
166.0000    3    2.000   1.0000     pseudoRep
168.0000    4    2.000   1.0000     pseudoNov
170.0000    4    2.000   1.0000     pseudoNov
172.0000    2    2.000   1.0000       realNov
174.0000    4    2.000   1.0000     pseudoNov
176.0000    3    2.000   1.0000     pseudoRep
178.0000    2    2.000   1.0000       realNov
180.0000    4    2.000   1.0000     pseudoNov
182.0000    0    2.000   1.0000          NULL 
184.0000    4    2.000   1.0000     pseudoNov
186.0000    0    4.000   1.0000          NULL 
190.0000    4    2.000   1.0000     pseudoNov
192.0000    4    2.000   1.0000     pseudoNov
194.0000    3    2.000   1.0000     pseudoRep
196.0000    2    2.000   1.0000       realNov
198.0000    3    2.000   1.0000     pseudoRep
200.0000    4    2.000   1.0000     pseudoNov
202.0000    3    2.000   1.0000     pseudoRep
204.0000    3    2.000   1.0000     pseudoRep
206.0000    1    2.000   1.0000       realRep
208.0000    4    2.000   1.0000     pseudoNov
210.0000    0    2.000   1.0000          NULL 
212.0000    1    2.000   1.0000       realRep
214.0000    4    2.000   1.0000     pseudoNov
216.0000    2    2.000   1.0000       realNov
218.0000    3    2.000   1.0000     pseudoRep
220.0000    4    2.000   1.0000     pseudoNov
222.0000    0    2.000   1.0000          NULL 
224.0000    1    2.000   1.0000       realRep
226.0000    2    2.000   1.0000       realNov
228.0000    3    2.000   1.0000     pseudoRep
230.0000    2    2.000   1.0000       realNov
232.0000    1    2.000   1.0000       realRep
234.0000    4    2.000   1.0000     pseudoNov
236.0000    3    2.000   1.0000     pseudoRep
238.0000    3    2.000   1.0000     pseudoRep
240.0000    2    2.000   1.0000       realNov
242.0000    1    2.000   1.0000       realRep
244.0000    4    2.000   1.0000     pseudoNov
246.0000    2    2.000   1.0000       realNov
248.0000    3    2.000   1.0000     pseudoRep
250.0000    4    2.000   1.0000     pseudoNov
252.0000    0    2.000   1.0000          NULL 
254.0000    3    2.000   1.0000     pseudoRep
256.0000    1    2.000   1.0000       realRep
258.0000    0    2.000   1.0000          NULL 
260.0000    2    2.000   1.0000       realNov
262.0000    3    2.000   1.0000     pseudoRep
264.0000    1    2.000   1.0000       realRep
266.0000    1    2.000   1.0000       realRep
268.0000    2    2.000   1.0000       realNov
270.0000    2    2.000   1.0000       realNov
272.0000    0    2.000   1.0000          NULL 
274.0000    3    2.000   1.0000     pseudoRep
276.0000    3    2.000   1.0000     pseudoRep
278.0000    0    4.000   1.0000          NULL 
282.0000    2    2.000   1.0000       realNov
284.0000    4    2.000   1.0000     pseudoNov
286.0000    0    4.000   1.0000          NULL 
290.0000    2    2.000   1.0000       realNov
292.0000    3    2.000   1.0000     pseudoRep
294.0000    0    2.000   1.0000          NULL 
296.0000    3    2.000   1.0000     pseudoRep
298.0000    3    2.000   1.0000     pseudoRep
300.0000    4    2.000   1.0000     pseudoNov
302.0000    0    2.000   1.0000          NULL 
304.0000    4    2.000   1.0000     pseudoNov
306.0000    3    2.000   1.0000     pseudoRep
308.0000    4    2.000   1.0000     pseudoNov
310.0000    2    2.000   1.0000       realNov
312.0000    4    2.000   1.0000     pseudoNov
314.0000    3    2.000   1.0000     pseudoRep
316.0000    3    2.000   1.0000     pseudoRep
318.0000    4    2.000   1.0000     pseudoNov
320.0000    2    2.000   1.0000       realNov
322.0000    4    2.000   1.0000     pseudoNov
324.0000    1    2.000   1.0000       realRep
326.0000    0    4.000   1.0000          NULL 
330.0000    2    2.000   1.0000       realNov
332.0000    0    2.000   1.0000          NULL 
334.0000    2    2.000   1.0000       realNov
336.0000    0    2.000   1.0000          NULL 
338.0000    4    2.000   1.0000     pseudoNov
340.0000    1    2.000   1.0000       realRep
342.0000    0    2.000   1.0000          NULL 
344.0000    2    2.000   1.0000       realNov
346.0000    3    2.000   1.0000     pseudoRep
348.0000    4    2.000   1.0000     pseudoNov
350.0000    4    2.000   1.0000     pseudoNov
352.0000    1    2.000   1.0000       realRep
354.0000    0    2.000   1.0000          NULL 
356.0000    3    2.000   1.0000     pseudoRep
358.0000    1    2.000   1.0000       realRep
360.0000    3    2.000   1.0000     pseudoRep
362.0000    3    2.000   1.0000     pseudoRep
364.0000    0    2.000   1.0000          NULL 
366.0000    4    2.000   1.0000     pseudoNov
368.0000    2    2.000   1.0000       realNov
370.0000    4    2.000   1.0000     pseudoNov
372.0000    1    2.000   1.0000       realRep
374.0000    1    2.000   1.0000       realRep
376.0000    0    2.000   1.0000          NULL 
378.0000    2    2.000   1.0000       realNov
380.0000    1    2.000   1.0000       realRep
382.0000    1    2.000   1.0000       realRep
384.0000    4    2.000   1.0000     pseudoNov
386.0000    2    2.000   1.0000       realNov
388.0000    1    2.000   1.0000       realRep
390.0000    3    2.000   1.0000     pseudoRep
392.0000    1    2.000   1.0000       realRep
394.0000    0    2.000   1.0000          NULL 
396.0000    1    2.000   1.0000       realRep
398.0000    1    2.000   1.0000       realRep
