  0.0000    3    2.000   1.0000     pseudoRep
  2.0000    1    2.000   1.0000       realRep
  4.0000    2    2.000   1.0000       realNov
  6.0000    4    2.000   1.0000     pseudoNov
  8.0000    1    2.000   1.0000       realRep
 10.0000    3    2.000   1.0000     pseudoRep
 12.0000    4    2.000   1.0000     pseudoNov
 14.0000    3    2.000   1.0000     pseudoRep
 16.0000    3    2.000   1.0000     pseudoRep
 18.0000    1    2.000   1.0000       realRep
 20.0000    1    2.000   1.0000       realRep
 22.0000    2    2.000   1.0000       realNov
 24.0000    0    6.000   1.0000          NULL 
 30.0000    3    2.000   1.0000     pseudoRep
 32.0000    3    2.000   1.0000     pseudoRep
 34.0000    2    2.000   1.0000       realNov
 36.0000    4    2.000   1.0000     pseudoNov
 38.0000    2    2.000   1.0000       realNov
 40.0000    4    2.000   1.0000     pseudoNov
 42.0000    1    2.000   1.0000       realRep
 44.0000    0    2.000   1.0000          NULL 
 46.0000    3    2.000   1.0000     pseudoRep
 48.0000    1    2.000   1.0000       realRep
 50.0000    4    2.000   1.0000     pseudoNov
 52.0000    3    2.000   1.0000     pseudoRep
 54.0000    4    2.000   1.0000     pseudoNov
 56.0000    3    2.000   1.0000     pseudoRep
 58.0000    1    2.000   1.0000       realRep
 60.0000    0    2.000   1.0000          NULL 
 62.0000    1    2.000   1.0000       realRep
 64.0000    2    2.000   1.0000       realNov
 66.0000    0    2.000   1.0000          NULL 
 68.0000    4    2.000   1.0000     pseudoNov
 70.0000    2    2.000   1.0000       realNov
 72.0000    1    2.000   1.0000       realRep
 74.0000    1    2.000   1.0000       realRep
 76.0000    4    2.000   1.0000     pseudoNov
 78.0000    4    2.000   1.0000     pseudoNov
 80.0000    3    2.000   1.0000     pseudoRep
 82.0000    2    2.000   1.0000       realNov
 84.0000    2    2.000   1.0000       realNov
 86.0000    4    2.000   1.0000     pseudoNov
 88.0000    1    2.000   1.0000       realRep
 90.0000    4    2.000   1.0000     pseudoNov
 92.0000    0    2.000   1.0000          NULL 
 94.0000    2    2.000   1.0000       realNov
 96.0000    0    2.000   1.0000          NULL 
 98.0000    2    2.000   1.0000       realNov
100.0000    3    2.000   1.0000     pseudoRep
102.0000    0    2.000   1.0000          NULL 
104.0000    2    2.000   1.0000       realNov
106.0000    2    2.000   1.0000       realNov
108.0000    1    2.000   1.0000       realRep
110.0000    1    2.000   1.0000       realRep
112.0000    3    2.000   1.0000     pseudoRep
114.0000    1    2.000   1.0000       realRep
116.0000    1    2.000   1.0000       realRep
118.0000    1    2.000   1.0000       realRep
120.0000    4    2.000   1.0000     pseudoNov
122.0000    0    2.000   1.0000          NULL 
124.0000    1    2.000   1.0000       realRep
126.0000    1    2.000   1.0000       realRep
128.0000    3    2.000   1.0000     pseudoRep
130.0000    3    2.000   1.0000     pseudoRep
132.0000    3    2.000   1.0000     pseudoRep
134.0000    2    2.000   1.0000       realNov
136.0000    0    4.000   1.0000          NULL 
140.0000    2    2.000   1.0000       realNov
142.0000    4    2.000   1.0000     pseudoNov
144.0000    4    2.000   1.0000     pseudoNov
146.0000    1    2.000   1.0000       realRep
148.0000    0    2.000   1.0000          NULL 
150.0000    4    2.000   1.0000     pseudoNov
152.0000    1    2.000   1.0000       realRep
154.0000    4    2.000   1.0000     pseudoNov
156.0000    1    2.000   1.0000       realRep
158.0000    2    2.000   1.0000       realNov
160.0000    0    2.000   1.0000          NULL 
162.0000    4    2.000   1.0000     pseudoNov
164.0000    3    2.000   1.0000     pseudoRep
166.0000    2    2.000   1.0000       realNov
168.0000    2    2.000   1.0000       realNov
170.0000    3    2.000   1.0000     pseudoRep
172.0000    3    2.000   1.0000     pseudoRep
174.0000    1    2.000   1.0000       realRep
176.0000    0    2.000   1.0000          NULL 
178.0000    1    2.000   1.0000       realRep
180.0000    3    2.000   1.0000     pseudoRep
182.0000    1    2.000   1.0000       realRep
184.0000    4    2.000   1.0000     pseudoNov
186.0000    0    2.000   1.0000          NULL 
188.0000    3    2.000   1.0000     pseudoRep
190.0000    0    2.000   1.0000          NULL 
192.0000    1    2.000   1.0000       realRep
194.0000    0    2.000   1.0000          NULL 
196.0000    2    2.000   1.0000       realNov
198.0000    1    2.000   1.0000       realRep
200.0000    2    2.000   1.0000       realNov
202.0000    1    2.000   1.0000       realRep
204.0000    0    2.000   1.0000          NULL 
206.0000    2    2.000   1.0000       realNov
208.0000    3    2.000   1.0000     pseudoRep
210.0000    2    2.000   1.0000       realNov
212.0000    3    2.000   1.0000     pseudoRep
214.0000    4    2.000   1.0000     pseudoNov
216.0000    1    2.000   1.0000       realRep
218.0000    2    2.000   1.0000       realNov
220.0000    0    2.000   1.0000          NULL 
222.0000    4    2.000   1.0000     pseudoNov
224.0000    4    2.000   1.0000     pseudoNov
226.0000    0    2.000   1.0000          NULL 
228.0000    1    2.000   1.0000       realRep
230.0000    4    2.000   1.0000     pseudoNov
232.0000    4    2.000   1.0000     pseudoNov
234.0000    3    2.000   1.0000     pseudoRep
236.0000    0    2.000   1.0000          NULL 
238.0000    4    2.000   1.0000     pseudoNov
240.0000    2    2.000   1.0000       realNov
242.0000    1    2.000   1.0000       realRep
244.0000    3    2.000   1.0000     pseudoRep
246.0000    1    2.000   1.0000       realRep
248.0000    4    2.000   1.0000     pseudoNov
250.0000    3    2.000   1.0000     pseudoRep
252.0000    2    2.000   1.0000       realNov
254.0000    0    2.000   1.0000          NULL 
256.0000    3    2.000   1.0000     pseudoRep
258.0000    4    2.000   1.0000     pseudoNov
260.0000    0    2.000   1.0000          NULL 
262.0000    4    2.000   1.0000     pseudoNov
264.0000    3    2.000   1.0000     pseudoRep
266.0000    3    2.000   1.0000     pseudoRep
268.0000    0    4.000   1.0000          NULL 
272.0000    3    2.000   1.0000     pseudoRep
274.0000    4    2.000   1.0000     pseudoNov
276.0000    2    2.000   1.0000       realNov
278.0000    4    2.000   1.0000     pseudoNov
280.0000    3    2.000   1.0000     pseudoRep
282.0000    2    2.000   1.0000       realNov
284.0000    2    2.000   1.0000       realNov
286.0000    2    2.000   1.0000       realNov
288.0000    3    2.000   1.0000     pseudoRep
290.0000    3    2.000   1.0000     pseudoRep
292.0000    0    2.000   1.0000          NULL 
294.0000    2    2.000   1.0000       realNov
296.0000    0    6.000   1.0000          NULL 
302.0000    1    2.000   1.0000       realRep
304.0000    2    2.000   1.0000       realNov
306.0000    2    2.000   1.0000       realNov
308.0000    0    2.000   1.0000          NULL 
310.0000    1    2.000   1.0000       realRep
312.0000    4    2.000   1.0000     pseudoNov
314.0000    0    2.000   1.0000          NULL 
316.0000    4    2.000   1.0000     pseudoNov
318.0000    2    2.000   1.0000       realNov
320.0000    4    2.000   1.0000     pseudoNov
322.0000    0    4.000   1.0000          NULL 
326.0000    2    2.000   1.0000       realNov
328.0000    3    2.000   1.0000     pseudoRep
330.0000    2    2.000   1.0000       realNov
332.0000    3    2.000   1.0000     pseudoRep
334.0000    4    2.000   1.0000     pseudoNov
336.0000    4    2.000   1.0000     pseudoNov
338.0000    1    2.000   1.0000       realRep
340.0000    2    2.000   1.0000       realNov
342.0000    3    2.000   1.0000     pseudoRep
344.0000    3    2.000   1.0000     pseudoRep
346.0000    0    2.000   1.0000          NULL 
348.0000    4    2.000   1.0000     pseudoNov
350.0000    0    2.000   1.0000          NULL 
352.0000    1    2.000   1.0000       realRep
354.0000    0    2.000   1.0000          NULL 
356.0000    4    2.000   1.0000     pseudoNov
358.0000    2    2.000   1.0000       realNov
360.0000    3    2.000   1.0000     pseudoRep
362.0000    2    2.000   1.0000       realNov
364.0000    0    2.000   1.0000          NULL 
366.0000    2    2.000   1.0000       realNov
368.0000    3    2.000   1.0000     pseudoRep
370.0000    1    2.000   1.0000       realRep
372.0000    4    2.000   1.0000     pseudoNov
374.0000    2    2.000   1.0000       realNov
376.0000    4    2.000   1.0000     pseudoNov
378.0000    4    2.000   1.0000     pseudoNov
380.0000    0    2.000   1.0000          NULL 
382.0000    3    2.000   1.0000     pseudoRep
384.0000    1    2.000   1.0000       realRep
386.0000    3    2.000   1.0000     pseudoRep
388.0000    0    2.000   1.0000          NULL 
390.0000    1    2.000   1.0000       realRep
392.0000    2    2.000   1.0000       realNov
394.0000    1    2.000   1.0000       realRep
396.0000    4    2.000   1.0000     pseudoNov
398.0000    1    2.000   1.0000       realRep
