  0.0000    3    2.000   1.0000     pseudoRep
  2.0000    1    2.000   1.0000       realRep
  4.0000    1    2.000   1.0000       realRep
  6.0000    4    2.000   1.0000     pseudoNov
  8.0000    3    2.000   1.0000     pseudoRep
 10.0000    4    2.000   1.0000     pseudoNov
 12.0000    4    2.000   1.0000     pseudoNov
 14.0000    0    4.000   1.0000          NULL 
 18.0000    3    2.000   1.0000     pseudoRep
 20.0000    0    2.000   1.0000          NULL 
 22.0000    1    2.000   1.0000       realRep
 24.0000    2    2.000   1.0000       realNov
 26.0000    4    2.000   1.0000     pseudoNov
 28.0000    1    2.000   1.0000       realRep
 30.0000    2    2.000   1.0000       realNov
 32.0000    4    2.000   1.0000     pseudoNov
 34.0000    3    2.000   1.0000     pseudoRep
 36.0000    2    2.000   1.0000       realNov
 38.0000    0    2.000   1.0000          NULL 
 40.0000    2    2.000   1.0000       realNov
 42.0000    0    2.000   1.0000          NULL 
 44.0000    2    2.000   1.0000       realNov
 46.0000    1    2.000   1.0000       realRep
 48.0000    4    2.000   1.0000     pseudoNov
 50.0000    0    4.000   1.0000          NULL 
 54.0000    1    2.000   1.0000       realRep
 56.0000    0    2.000   1.0000          NULL 
 58.0000    4    2.000   1.0000     pseudoNov
 60.0000    3    2.000   1.0000     pseudoRep
 62.0000    0    2.000   1.0000          NULL 
 64.0000    2    2.000   1.0000       realNov
 66.0000    2    2.000   1.0000       realNov
 68.0000    3    2.000   1.0000     pseudoRep
 70.0000    0    2.000   1.0000          NULL 
 72.0000    3    2.000   1.0000     pseudoRep
 74.0000    0    2.000   1.0000          NULL 
 76.0000    3    2.000   1.0000     pseudoRep
 78.0000    3    2.000   1.0000     pseudoRep
 80.0000    0    2.000   1.0000          NULL 
 82.0000    2    2.000   1.0000       realNov
 84.0000    1    2.000   1.0000       realRep
 86.0000    0    2.000   1.0000          NULL 
 88.0000    2    2.000   1.0000       realNov
 90.0000    1    2.000   1.0000       realRep
 92.0000    0    2.000   1.0000          NULL 
 94.0000    4    2.000   1.0000     pseudoNov
 96.0000    3    2.000   1.0000     pseudoRep
 98.0000    2    2.000   1.0000       realNov
100.0000    1    2.000   1.0000       realRep
102.0000    4    2.000   1.0000     pseudoNov
104.0000    1    2.000   1.0000       realRep
106.0000    3    2.000   1.0000     pseudoRep
108.0000    3    2.000   1.0000     pseudoRep
110.0000    4    2.000   1.0000     pseudoNov
112.0000    4    2.000   1.0000     pseudoNov
114.0000    1    2.000   1.0000       realRep
116.0000    3    2.000   1.0000     pseudoRep
118.0000    0    2.000   1.0000          NULL 
120.0000    2    2.000   1.0000       realNov
122.0000    2    2.000   1.0000       realNov
124.0000    2    2.000   1.0000       realNov
126.0000    3    2.000   1.0000     pseudoRep
128.0000    2    2.000   1.0000       realNov
130.0000    0    2.000   1.0000          NULL 
132.0000    2    2.000   1.0000       realNov
134.0000    4    2.000   1.0000     pseudoNov
136.0000    4    2.000   1.0000     pseudoNov
138.0000    2    2.000   1.0000       realNov
140.0000    4    2.000   1.0000     pseudoNov
142.0000    2    2.000   1.0000       realNov
144.0000    3    2.000   1.0000     pseudoRep
146.0000    1    2.000   1.0000       realRep
148.0000    1    2.000   1.0000       realRep
150.0000    2    2.000   1.0000       realNov
152.0000    2    2.000   1.0000       realNov
154.0000    3    2.000   1.0000     pseudoRep
156.0000    3    2.000   1.0000     pseudoRep
158.0000    0    2.000   1.0000          NULL 
160.0000    4    2.000   1.0000     pseudoNov
162.0000    3    2.000   1.0000     pseudoRep
164.0000    3    2.000   1.0000     pseudoRep
166.0000    0    2.000   1.0000          NULL 
168.0000    4    2.000   1.0000     pseudoNov
170.0000    1    2.000   1.0000       realRep
172.0000    2    2.000   1.0000       realNov
174.0000    3    2.000   1.0000     pseudoRep
176.0000    1    2.000   1.0000       realRep
178.0000    2    2.000   1.0000       realNov
180.0000    3    2.000   1.0000     pseudoRep
182.0000    4    2.000   1.0000     pseudoNov
184.0000    0    2.000   1.0000          NULL 
186.0000    2    2.000   1.0000       realNov
188.0000    2    2.000   1.0000       realNov
190.0000    2    2.000   1.0000       realNov
192.0000    0    2.000   1.0000          NULL 
194.0000    3    2.000   1.0000     pseudoRep
196.0000    2    2.000   1.0000       realNov
198.0000    4    2.000   1.0000     pseudoNov
200.0000    0    2.000   1.0000          NULL 
202.0000    1    2.000   1.0000       realRep
204.0000    3    2.000   1.0000     pseudoRep
206.0000    1    2.000   1.0000       realRep
208.0000    4    2.000   1.0000     pseudoNov
210.0000    4    2.000   1.0000     pseudoNov
212.0000    0    2.000   1.0000          NULL 
214.0000    1    2.000   1.0000       realRep
216.0000    2    2.000   1.0000       realNov
218.0000    3    2.000   1.0000     pseudoRep
220.0000    3    2.000   1.0000     pseudoRep
222.0000    1    2.000   1.0000       realRep
224.0000    3    2.000   1.0000     pseudoRep
226.0000    0    2.000   1.0000          NULL 
228.0000    4    2.000   1.0000     pseudoNov
230.0000    4    2.000   1.0000     pseudoNov
232.0000    2    2.000   1.0000       realNov
234.0000    1    2.000   1.0000       realRep
236.0000    1    2.000   1.0000       realRep
238.0000    4    2.000   1.0000     pseudoNov
240.0000    0    2.000   1.0000          NULL 
242.0000    3    2.000   1.0000     pseudoRep
244.0000    3    2.000   1.0000     pseudoRep
246.0000    4    2.000   1.0000     pseudoNov
248.0000    0    2.000   1.0000          NULL 
250.0000    1    2.000   1.0000       realRep
252.0000    4    2.000   1.0000     pseudoNov
254.0000    1    2.000   1.0000       realRep
256.0000    3    2.000   1.0000     pseudoRep
258.0000    2    2.000   1.0000       realNov
260.0000    2    2.000   1.0000       realNov
262.0000    0    2.000   1.0000          NULL 
264.0000    3    2.000   1.0000     pseudoRep
266.0000    1    2.000   1.0000       realRep
268.0000    1    2.000   1.0000       realRep
270.0000    0    2.000   1.0000          NULL 
272.0000    1    2.000   1.0000       realRep
274.0000    0    2.000   1.0000          NULL 
276.0000    4    2.000   1.0000     pseudoNov
278.0000    4    2.000   1.0000     pseudoNov
280.0000    1    2.000   1.0000       realRep
282.0000    4    2.000   1.0000     pseudoNov
284.0000    3    2.000   1.0000     pseudoRep
286.0000    4    2.000   1.0000     pseudoNov
288.0000    0    2.000   1.0000          NULL 
290.0000    4    2.000   1.0000     pseudoNov
292.0000    1    2.000   1.0000       realRep
294.0000    0    2.000   1.0000          NULL 
296.0000    1    2.000   1.0000       realRep
298.0000    3    2.000   1.0000     pseudoRep
300.0000    0    2.000   1.0000          NULL 
302.0000    3    2.000   1.0000     pseudoRep
304.0000    1    2.000   1.0000       realRep
306.0000    1    2.000   1.0000       realRep
308.0000    1    2.000   1.0000       realRep
310.0000    0    4.000   1.0000          NULL 
314.0000    3    2.000   1.0000     pseudoRep
316.0000    4    2.000   1.0000     pseudoNov
318.0000    0    2.000   1.0000          NULL 
320.0000    3    2.000   1.0000     pseudoRep
322.0000    2    2.000   1.0000       realNov
324.0000    2    2.000   1.0000       realNov
326.0000    4    2.000   1.0000     pseudoNov
328.0000    4    2.000   1.0000     pseudoNov
330.0000    4    2.000   1.0000     pseudoNov
332.0000    3    2.000   1.0000     pseudoRep
334.0000    2    2.000   1.0000       realNov
336.0000    2    2.000   1.0000       realNov
338.0000    2    2.000   1.0000       realNov
340.0000    0    6.000   1.0000          NULL 
346.0000    3    2.000   1.0000     pseudoRep
348.0000    1    2.000   1.0000       realRep
350.0000    1    2.000   1.0000       realRep
352.0000    4    2.000   1.0000     pseudoNov
354.0000    2    2.000   1.0000       realNov
356.0000    1    2.000   1.0000       realRep
358.0000    0    4.000   1.0000          NULL 
362.0000    1    2.000   1.0000       realRep
364.0000    2    2.000   1.0000       realNov
366.0000    4    2.000   1.0000     pseudoNov
368.0000    3    2.000   1.0000     pseudoRep
370.0000    1    2.000   1.0000       realRep
372.0000    4    2.000   1.0000     pseudoNov
374.0000    2    2.000   1.0000       realNov
376.0000    1    2.000   1.0000       realRep
378.0000    3    2.000   1.0000     pseudoRep
380.0000    1    2.000   1.0000       realRep
382.0000    1    2.000   1.0000       realRep
384.0000    3    2.000   1.0000     pseudoRep
386.0000    2    2.000   1.0000       realNov
388.0000    0    2.000   1.0000          NULL 
390.0000    4    2.000   1.0000     pseudoNov
392.0000    2    2.000   1.0000       realNov
394.0000    2    2.000   1.0000       realNov
396.0000    4    2.000   1.0000     pseudoNov
398.0000    4    2.000   1.0000     pseudoNov
