  0.0000    3    2.000   1.0000     pseudoRep
  2.0000    4    2.000   1.0000     pseudoNov
  4.0000    4    2.000   1.0000     pseudoNov
  6.0000    1    2.000   1.0000       realRep
  8.0000    1    2.000   1.0000       realRep
 10.0000    0    2.000   1.0000          NULL 
 12.0000    3    2.000   1.0000     pseudoRep
 14.0000    4    2.000   1.0000     pseudoNov
 16.0000    1    2.000   1.0000       realRep
 18.0000    2    2.000   1.0000       realNov
 20.0000    1    2.000   1.0000       realRep
 22.0000    3    2.000   1.0000     pseudoRep
 24.0000    3    2.000   1.0000     pseudoRep
 26.0000    1    2.000   1.0000       realRep
 28.0000    1    2.000   1.0000       realRep
 30.0000    4    2.000   1.0000     pseudoNov
 32.0000    0    2.000   1.0000          NULL 
 34.0000    1    2.000   1.0000       realRep
 36.0000    2    2.000   1.0000       realNov
 38.0000    3    2.000   1.0000     pseudoRep
 40.0000    0    2.000   1.0000          NULL 
 42.0000    4    2.000   1.0000     pseudoNov
 44.0000    1    2.000   1.0000       realRep
 46.0000    3    2.000   1.0000     pseudoRep
 48.0000    2    2.000   1.0000       realNov
 50.0000    4    2.000   1.0000     pseudoNov
 52.0000    0    2.000   1.0000          NULL 
 54.0000    2    2.000   1.0000       realNov
 56.0000    2    2.000   1.0000       realNov
 58.0000    2    2.000   1.0000       realNov
 60.0000    4    2.000   1.0000     pseudoNov
 62.0000    0    2.000   1.0000          NULL 
 64.0000    2    2.000   1.0000       realNov
 66.0000    2    2.000   1.0000       realNov
 68.0000    0    2.000   1.0000          NULL 
 70.0000    2    2.000   1.0000       realNov
 72.0000    4    2.000   1.0000     pseudoNov
 74.0000    0    4.000   1.0000          NULL 
 78.0000    4    2.000   1.0000     pseudoNov
 80.0000    3    2.000   1.0000     pseudoRep
 82.0000    3    2.000   1.0000     pseudoRep
 84.0000    2    2.000   1.0000       realNov
 86.0000    3    2.000   1.0000     pseudoRep
 88.0000    4    2.000   1.0000     pseudoNov
 90.0000    0    2.000   1.0000          NULL 
 92.0000    2    2.000   1.0000       realNov
 94.0000    3    2.000   1.0000     pseudoRep
 96.0000    2    2.000   1.0000       realNov
 98.0000    3    2.000   1.0000     pseudoRep
100.0000    2    2.000   1.0000       realNov
102.0000    3    2.000   1.0000     pseudoRep
104.0000    3    2.000   1.0000     pseudoRep
106.0000    4    2.000   1.0000     pseudoNov
108.0000    0    2.000   1.0000          NULL 
110.0000    1    2.000   1.0000       realRep
112.0000    2    2.000   1.0000       realNov
114.0000    0    2.000   1.0000          NULL 
116.0000    3    2.000   1.0000     pseudoRep
118.0000    3    2.000   1.0000     pseudoRep
120.0000    4    2.000   1.0000     pseudoNov
122.0000    4    2.000   1.0000     pseudoNov
124.0000    0    2.000   1.0000          NULL 
126.0000    1    2.000   1.0000       realRep
128.0000    1    2.000   1.0000       realRep
130.0000    1    2.000   1.0000       realRep
132.0000    4    2.000   1.0000     pseudoNov
134.0000    4    2.000   1.0000     pseudoNov
136.0000    4    2.000   1.0000     pseudoNov
138.0000    0    4.000   1.0000          NULL 
142.0000    3    2.000   1.0000     pseudoRep
144.0000    3    2.000   1.0000     pseudoRep
146.0000    4    2.000   1.0000     pseudoNov
148.0000    2    2.000   1.0000       realNov
150.0000    1    2.000   1.0000       realRep
152.0000    3    2.000   1.0000     pseudoRep
154.0000    1    2.000   1.0000       realRep
156.0000    1    2.000   1.0000       realRep
158.0000    1    2.000   1.0000       realRep
160.0000    1    2.000   1.0000       realRep
162.0000    1    2.000   1.0000       realRep
164.0000    2    2.000   1.0000       realNov
166.0000    3    2.000   1.0000     pseudoRep
168.0000    0    2.000   1.0000          NULL 
170.0000    1    2.000   1.0000       realRep
172.0000    3    2.000   1.0000     pseudoRep
174.0000    1    2.000   1.0000       realRep
176.0000    2    2.000   1.0000       realNov
178.0000    3    2.000   1.0000     pseudoRep
180.0000    3    2.000   1.0000     pseudoRep
182.0000    0    2.000   1.0000          NULL 
184.0000    2    2.000   1.0000       realNov
186.0000    2    2.000   1.0000       realNov
188.0000    3    2.000   1.0000     pseudoRep
190.0000    4    2.000   1.0000     pseudoNov
192.0000    0    2.000   1.0000          NULL 
194.0000    4    2.000   1.0000     pseudoNov
196.0000    4    2.000   1.0000     pseudoNov
198.0000    0    2.000   1.0000          NULL 
200.0000    4    2.000   1.0000     pseudoNov
202.0000    1    2.000   1.0000       realRep
204.0000    4    2.000   1.0000     pseudoNov
206.0000    3    2.000   1.0000     pseudoRep
208.0000    2    2.000   1.0000       realNov
210.0000    4    2.000   1.0000     pseudoNov
212.0000    4    2.000   1.0000     pseudoNov
214.0000    2    2.000   1.0000       realNov
216.0000    4    2.000   1.0000     pseudoNov
218.0000    4    2.000   1.0000     pseudoNov
220.0000    0    2.000   1.0000          NULL 
222.0000    3    2.000   1.0000     pseudoRep
224.0000    2    2.000   1.0000       realNov
226.0000    1    2.000   1.0000       realRep
228.0000    2    2.000   1.0000       realNov
230.0000    1    2.000   1.0000       realRep
232.0000    0    2.000   1.0000          NULL 
234.0000    4    2.000   1.0000     pseudoNov
236.0000    2    2.000   1.0000       realNov
238.0000    0    2.000   1.0000          NULL 
240.0000    1    2.000   1.0000       realRep
242.0000    1    2.000   1.0000       realRep
244.0000    3    2.000   1.0000     pseudoRep
246.0000    0    4.000   1.0000          NULL 
250.0000    4    2.000   1.0000     pseudoNov
252.0000    2    2.000   1.0000       realNov
254.0000    3    2.000   1.0000     pseudoRep
256.0000    0    2.000   1.0000          NULL 
258.0000    2    2.000   1.0000       realNov
260.0000    3    2.000   1.0000     pseudoRep
262.0000    3    2.000   1.0000     pseudoRep
264.0000    4    2.000   1.0000     pseudoNov
266.0000    2    2.000   1.0000       realNov
268.0000    0    2.000   1.0000          NULL 
270.0000    3    2.000   1.0000     pseudoRep
272.0000    1    2.000   1.0000       realRep
274.0000    0    6.000   1.0000          NULL 
280.0000    2    2.000   1.0000       realNov
282.0000    4    2.000   1.0000     pseudoNov
284.0000    4    2.000   1.0000     pseudoNov
286.0000    1    2.000   1.0000       realRep
288.0000    1    2.000   1.0000       realRep
290.0000    3    2.000   1.0000     pseudoRep
292.0000    0    2.000   1.0000          NULL 
294.0000    4    2.000   1.0000     pseudoNov
296.0000    2    2.000   1.0000       realNov
298.0000    4    2.000   1.0000     pseudoNov
300.0000    1    2.000   1.0000       realRep
302.0000    1    2.000   1.0000       realRep
304.0000    4    2.000   1.0000     pseudoNov
306.0000    4    2.000   1.0000     pseudoNov
308.0000    2    2.000   1.0000       realNov
310.0000    0    2.000   1.0000          NULL 
312.0000    2    2.000   1.0000       realNov
314.0000    1    2.000   1.0000       realRep
316.0000    0    4.000   1.0000          NULL 
320.0000    4    2.000   1.0000     pseudoNov
322.0000    2    2.000   1.0000       realNov
324.0000    2    2.000   1.0000       realNov
326.0000    2    2.000   1.0000       realNov
328.0000    0    2.000   1.0000          NULL 
330.0000    1    2.000   1.0000       realRep
332.0000    0    2.000   1.0000          NULL 
334.0000    2    2.000   1.0000       realNov
336.0000    3    2.000   1.0000     pseudoRep
338.0000    2    2.000   1.0000       realNov
340.0000    0    2.000   1.0000          NULL 
342.0000    3    2.000   1.0000     pseudoRep
344.0000    0    4.000   1.0000          NULL 
348.0000    1    2.000   1.0000       realRep
350.0000    1    2.000   1.0000       realRep
352.0000    2    2.000   1.0000       realNov
354.0000    1    2.000   1.0000       realRep
356.0000    3    2.000   1.0000     pseudoRep
358.0000    4    2.000   1.0000     pseudoNov
360.0000    1    2.000   1.0000       realRep
362.0000    1    2.000   1.0000       realRep
364.0000    0    2.000   1.0000          NULL 
366.0000    4    2.000   1.0000     pseudoNov
368.0000    1    2.000   1.0000       realRep
370.0000    4    2.000   1.0000     pseudoNov
372.0000    4    2.000   1.0000     pseudoNov
374.0000    0    2.000   1.0000          NULL 
376.0000    3    2.000   1.0000     pseudoRep
378.0000    0    2.000   1.0000          NULL 
380.0000    2    2.000   1.0000       realNov
382.0000    3    2.000   1.0000     pseudoRep
384.0000    1    2.000   1.0000       realRep
386.0000    3    2.000   1.0000     pseudoRep
388.0000    3    2.000   1.0000     pseudoRep
390.0000    1    2.000   1.0000       realRep
392.0000    3    2.000   1.0000     pseudoRep
394.0000    2    2.000   1.0000       realNov
396.0000    2    2.000   1.0000       realNov
398.0000    3    2.000   1.0000     pseudoRep
