  0.0000    1    2.000   1.0000       realRep
  2.0000    2    2.000   1.0000       realNov
  4.0000    2    2.000   1.0000       realNov
  6.0000    3    2.000   1.0000     pseudoRep
  8.0000    1    2.000   1.0000       realRep
 10.0000    1    2.000   1.0000       realRep
 12.0000    2    2.000   1.0000       realNov
 14.0000    3    2.000   1.0000     pseudoRep
 16.0000    1    2.000   1.0000       realRep
 18.0000    4    2.000   1.0000     pseudoNov
 20.0000    0    2.000   1.0000          NULL 
 22.0000    3    2.000   1.0000     pseudoRep
 24.0000    0    2.000   1.0000          NULL 
 26.0000    4    2.000   1.0000     pseudoNov
 28.0000    4    2.000   1.0000     pseudoNov
 30.0000    3    2.000   1.0000     pseudoRep
 32.0000    2    2.000   1.0000       realNov
 34.0000    1    2.000   1.0000       realRep
 36.0000    0    2.000   1.0000          NULL 
 38.0000    2    2.000   1.0000       realNov
 40.0000    0    2.000   1.0000          NULL 
 42.0000    3    2.000   1.0000     pseudoRep
 44.0000    1    2.000   1.0000       realRep
 46.0000    4    2.000   1.0000     pseudoNov
 48.0000    1    2.000   1.0000       realRep
 50.0000    0    2.000   1.0000          NULL 
 52.0000    3    2.000   1.0000     pseudoRep
 54.0000    3    2.000   1.0000     pseudoRep
 56.0000    4    2.000   1.0000     pseudoNov
 58.0000    3    2.000   1.0000     pseudoRep
 60.0000    4    2.000   1.0000     pseudoNov
 62.0000    1    2.000   1.0000       realRep
 64.0000    4    2.000   1.0000     pseudoNov
 66.0000    4    2.000   1.0000     pseudoNov
 68.0000    2    2.000   1.0000       realNov
 70.0000    2    2.000   1.0000       realNov
 72.0000    1    2.000   1.0000       realRep
 74.0000    0    2.000   1.0000          NULL 
 76.0000    2    2.000   1.0000       realNov
 78.0000    0    4.000   1.0000          NULL 
 82.0000    3    2.000   1.0000     pseudoRep
 84.0000    4    2.000   1.0000     pseudoNov
 86.0000    2    2.000   1.0000       realNov
 88.0000    3    2.000   1.0000     pseudoRep
 90.0000    1    2.000   1.0000       realRep
 92.0000    1    2.000   1.0000       realRep
 94.0000    2    2.000   1.0000       realNov
 96.0000    0    2.000   1.0000          NULL 
 98.0000    1    2.000   1.0000       realRep
100.0000    3    2.000   1.0000     pseudoRep
102.0000    4    2.000   1.0000     pseudoNov
104.0000    3    2.000   1.0000     pseudoRep
106.0000    2    2.000   1.0000       realNov
108.0000    3    2.000   1.0000     pseudoRep
110.0000    4    2.000   1.0000     pseudoNov
112.0000    3    2.000   1.0000     pseudoRep
114.0000    2    2.000   1.0000       realNov
116.0000    2    2.000   1.0000       realNov
118.0000    1    2.000   1.0000       realRep
120.0000    3    2.000   1.0000     pseudoRep
122.0000    3    2.000   1.0000     pseudoRep
124.0000    0    4.000   1.0000          NULL 
128.0000    1    2.000   1.0000       realRep
130.0000    2    2.000   1.0000       realNov
132.0000    4    2.000   1.0000     pseudoNov
134.0000    4    2.000   1.0000     pseudoNov
136.0000    1    2.000   1.0000       realRep
138.0000    2    2.000   1.0000       realNov
140.0000    4    2.000   1.0000     pseudoNov
142.0000    2    2.000   1.0000       realNov
144.0000    1    2.000   1.0000       realRep
146.0000    3    2.000   1.0000     pseudoRep
148.0000    0    2.000   1.0000          NULL 
150.0000    4    2.000   1.0000     pseudoNov
152.0000    0    2.000   1.0000          NULL 
154.0000    4    2.000   1.0000     pseudoNov
156.0000    3    2.000   1.0000     pseudoRep
158.0000    3    2.000   1.0000     pseudoRep
160.0000    3    2.000   1.0000     pseudoRep
162.0000    1    2.000   1.0000       realRep
164.0000    1    2.000   1.0000       realRep
166.0000    4    2.000   1.0000     pseudoNov
168.0000    4    2.000   1.0000     pseudoNov
170.0000    0    2.000   1.0000          NULL 
172.0000    2    2.000   1.0000       realNov
174.0000    0    2.000   1.0000          NULL 
176.0000    1    2.000   1.0000       realRep
178.0000    1    2.000   1.0000       realRep
180.0000    3    2.000   1.0000     pseudoRep
182.0000    0    2.000   1.0000          NULL 
184.0000    2    2.000   1.0000       realNov
186.0000    2    2.000   1.0000       realNov
188.0000    2    2.000   1.0000       realNov
190.0000    2    2.000   1.0000       realNov
192.0000    2    2.000   1.0000       realNov
194.0000    2    2.000   1.0000       realNov
196.0000    3    2.000   1.0000     pseudoRep
198.0000    0    2.000   1.0000          NULL 
200.0000    2    2.000   1.0000       realNov
202.0000    1    2.000   1.0000       realRep
204.0000    3    2.000   1.0000     pseudoRep
206.0000    2    2.000   1.0000       realNov
208.0000    0    2.000   1.0000          NULL 
210.0000    4    2.000   1.0000     pseudoNov
212.0000    1    2.000   1.0000       realRep
214.0000    4    2.000   1.0000     pseudoNov
216.0000    2    2.000   1.0000       realNov
218.0000    2    2.000   1.0000       realNov
220.0000    0    2.000   1.0000          NULL 
222.0000    4    2.000   1.0000     pseudoNov
224.0000    3    2.000   1.0000     pseudoRep
226.0000    0    4.000   1.0000          NULL 
230.0000    4    2.000   1.0000     pseudoNov
232.0000    4    2.000   1.0000     pseudoNov
234.0000    4    2.000   1.0000     pseudoNov
236.0000    0    2.000   1.0000          NULL 
238.0000    4    2.000   1.0000     pseudoNov
240.0000    4    2.000   1.0000     pseudoNov
242.0000    3    2.000   1.0000     pseudoRep
244.0000    2    2.000   1.0000       realNov
246.0000    0    2.000   1.0000          NULL 
248.0000    4    2.000   1.0000     pseudoNov
250.0000    1    2.000   1.0000       realRep
252.0000    1    2.000   1.0000       realRep
254.0000    1    2.000   1.0000       realRep
256.0000    0    2.000   1.0000          NULL 
258.0000    4    2.000   1.0000     pseudoNov
260.0000    0    4.000   1.0000          NULL 
264.0000    3    2.000   1.0000     pseudoRep
266.0000    2    2.000   1.0000       realNov
268.0000    3    2.000   1.0000     pseudoRep
270.0000    4    2.000   1.0000     pseudoNov
272.0000    4    2.000   1.0000     pseudoNov
274.0000    0    2.000   1.0000          NULL 
276.0000    1    2.000   1.0000       realRep
278.0000    2    2.000   1.0000       realNov
280.0000    0    2.000   1.0000          NULL 
282.0000    3    2.000   1.0000     pseudoRep
284.0000    2    2.000   1.0000       realNov
286.0000    0    2.000   1.0000          NULL 
288.0000    3    2.000   1.0000     pseudoRep
290.0000    0    2.000   1.0000          NULL 
292.0000    1    2.000   1.0000       realRep
294.0000    4    2.000   1.0000     pseudoNov
296.0000    1    2.000   1.0000       realRep
298.0000    4    2.000   1.0000     pseudoNov
300.0000    4    2.000   1.0000     pseudoNov
302.0000    1    2.000   1.0000       realRep
304.0000    4    2.000   1.0000     pseudoNov
306.0000    2    2.000   1.0000       realNov
308.0000    1    2.000   1.0000       realRep
310.0000    3    2.000   1.0000     pseudoRep
312.0000    3    2.000   1.0000     pseudoRep
314.0000    2    2.000   1.0000       realNov
316.0000    4    2.000   1.0000     pseudoNov
318.0000    0    4.000   1.0000          NULL 
322.0000    1    2.000   1.0000       realRep
324.0000    4    2.000   1.0000     pseudoNov
326.0000    0    2.000   1.0000          NULL 
328.0000    3    2.000   1.0000     pseudoRep
330.0000    2    2.000   1.0000       realNov
332.0000    2    2.000   1.0000       realNov
334.0000    0    2.000   1.0000          NULL 
336.0000    4    2.000   1.0000     pseudoNov
338.0000    1    2.000   1.0000       realRep
340.0000    2    2.000   1.0000       realNov
342.0000    1    2.000   1.0000       realRep
344.0000    3    2.000   1.0000     pseudoRep
346.0000    1    2.000   1.0000       realRep
348.0000    0    2.000   1.0000          NULL 
350.0000    2    2.000   1.0000       realNov
352.0000    1    2.000   1.0000       realRep
354.0000    0    2.000   1.0000          NULL 
356.0000    3    2.000   1.0000     pseudoRep
358.0000    0    2.000   1.0000          NULL 
360.0000    2    2.000   1.0000       realNov
362.0000    4    2.000   1.0000     pseudoNov
364.0000    1    2.000   1.0000       realRep
366.0000    0    2.000   1.0000          NULL 
368.0000    3    2.000   1.0000     pseudoRep
370.0000    1    2.000   1.0000       realRep
372.0000    3    2.000   1.0000     pseudoRep
374.0000    1    2.000   1.0000       realRep
376.0000    1    2.000   1.0000       realRep
378.0000    3    2.000   1.0000     pseudoRep
380.0000    3    2.000   1.0000     pseudoRep
382.0000    1    2.000   1.0000       realRep
384.0000    2    2.000   1.0000       realNov
386.0000    0    2.000   1.0000          NULL 
388.0000    4    2.000   1.0000     pseudoNov
390.0000    3    2.000   1.0000     pseudoRep
392.0000    0    2.000   1.0000          NULL 
394.0000    4    2.000   1.0000     pseudoNov
396.0000    2    2.000   1.0000       realNov
398.0000    3    2.000   1.0000     pseudoRep
