  0.0000    4    2.000   1.0000     pseudoNov
  2.0000    1    2.000   1.0000       realRep
  4.0000    3    2.000   1.0000     pseudoRep
  6.0000    2    2.000   1.0000       realNov
  8.0000    0    2.000   1.0000          NULL 
 10.0000    3    2.000   1.0000     pseudoRep
 12.0000    2    2.000   1.0000       realNov
 14.0000    2    2.000   1.0000       realNov
 16.0000    2    2.000   1.0000       realNov
 18.0000    4    2.000   1.0000     pseudoNov
 20.0000    0    4.000   1.0000          NULL 
 24.0000    2    2.000   1.0000       realNov
 26.0000    1    2.000   1.0000       realRep
 28.0000    0    2.000   1.0000          NULL 
 30.0000    2    2.000   1.0000       realNov
 32.0000    2    2.000   1.0000       realNov
 34.0000    0    2.000   1.0000          NULL 
 36.0000    2    2.000   1.0000       realNov
 38.0000    3    2.000   1.0000     pseudoRep
 40.0000    2    2.000   1.0000       realNov
 42.0000    4    2.000   1.0000     pseudoNov
 44.0000    1    2.000   1.0000       realRep
 46.0000    3    2.000   1.0000     pseudoRep
 48.0000    3    2.000   1.0000     pseudoRep
 50.0000    0    2.000   1.0000          NULL 
 52.0000    1    2.000   1.0000       realRep
 54.0000    2    2.000   1.0000       realNov
 56.0000    1    2.000   1.0000       realRep
 58.0000    0    2.000   1.0000          NULL 
 60.0000    3    2.000   1.0000     pseudoRep
 62.0000    3    2.000   1.0000     pseudoRep
 64.0000    1    2.000   1.0000       realRep
 66.0000    3    2.000   1.0000     pseudoRep
 68.0000    4    2.000   1.0000     pseudoNov
 70.0000    2    2.000   1.0000       realNov
 72.0000    3    2.000   1.0000     pseudoRep
 74.0000    1    2.000   1.0000       realRep
 76.0000    4    2.000   1.0000     pseudoNov
 78.0000    4    2.000   1.0000     pseudoNov
 80.0000    3    2.000   1.0000     pseudoRep
 82.0000    4    2.000   1.0000     pseudoNov
 84.0000    4    2.000   1.0000     pseudoNov
 86.0000    4    2.000   1.0000     pseudoNov
 88.0000    0    2.000   1.0000          NULL 
 90.0000    4    2.000   1.0000     pseudoNov
 92.0000    2    2.000   1.0000       realNov
 94.0000    2    2.000   1.0000       realNov
 96.0000    2    2.000   1.0000       realNov
 98.0000    3    2.000   1.0000     pseudoRep
100.0000    4    2.000   1.0000     pseudoNov
102.0000    1    2.000   1.0000       realRep
104.0000    0    4.000   1.0000          NULL 
108.0000    3    2.000   1.0000     pseudoRep
110.0000    2    2.000   1.0000       realNov
112.0000    3    2.000   1.0000     pseudoRep
114.0000    3    2.000   1.0000     pseudoRep
116.0000    3    2.000   1.0000     pseudoRep
118.0000    2    2.000   1.0000       realNov
120.0000    3    2.000   1.0000     pseudoRep
122.0000    2    2.000   1.0000       realNov
124.0000    4    2.000   1.0000     pseudoNov
126.0000    0    2.000   1.0000          NULL 
128.0000    4    2.000   1.0000     pseudoNov
130.0000    1    2.000   1.0000       realRep
132.0000    2    2.000   1.0000       realNov
134.0000    1    2.000   1.0000       realRep
136.0000    2    2.000   1.0000       realNov
138.0000    3    2.000   1.0000     pseudoRep
140.0000    4    2.000   1.0000     pseudoNov
142.0000    2    2.000   1.0000       realNov
144.0000    4    2.000   1.0000     pseudoNov
146.0000    1    2.000   1.0000       realRep
148.0000    0    2.000   1.0000          NULL 
150.0000    2    2.000   1.0000       realNov
152.0000    1    2.000   1.0000       realRep
154.0000    1    2.000   1.0000       realRep
156.0000    1    2.000   1.0000       realRep
158.0000    2    2.000   1.0000       realNov
160.0000    1    2.000   1.0000       realRep
162.0000    3    2.000   1.0000     pseudoRep
164.0000    4    2.000   1.0000     pseudoNov
166.0000    0    2.000   1.0000          NULL 
168.0000    3    2.000   1.0000     pseudoRep
170.0000    0    2.000   1.0000          NULL 
172.0000    2    2.000   1.0000       realNov
174.0000    4    2.000   1.0000     pseudoNov
176.0000    0    2.000   1.0000          NULL 
178.0000    3    2.000   1.0000     pseudoRep
180.0000    1    2.000   1.0000       realRep
182.0000    0    2.000   1.0000          NULL 
184.0000    3    2.000   1.0000     pseudoRep
186.0000    1    2.000   1.0000       realRep
188.0000    1    2.000   1.0000       realRep
190.0000    0    2.000   1.0000          NULL 
192.0000    4    2.000   1.0000     pseudoNov
194.0000    2    2.000   1.0000       realNov
196.0000    1    2.000   1.0000       realRep
198.0000    3    2.000   1.0000     pseudoRep
200.0000    1    2.000   1.0000       realRep
202.0000    0    4.000   1.0000          NULL 
206.0000    4    2.000   1.0000     pseudoNov
208.0000    4    2.000   1.0000     pseudoNov
210.0000    3    2.000   1.0000     pseudoRep
212.0000    0    2.000   1.0000          NULL 
214.0000    1    2.000   1.0000       realRep
216.0000    0    2.000   1.0000          NULL 
218.0000    3    2.000   1.0000     pseudoRep
220.0000    1    2.000   1.0000       realRep
222.0000    1    2.000   1.0000       realRep
224.0000    3    2.000   1.0000     pseudoRep
226.0000    0    2.000   1.0000          NULL 
228.0000    2    2.000   1.0000       realNov
230.0000    0    4.000   1.0000          NULL 
234.0000    4    2.000   1.0000     pseudoNov
236.0000    4    2.000   1.0000     pseudoNov
238.0000    3    2.000   1.0000     pseudoRep
240.0000    2    2.000   1.0000       realNov
242.0000    1    2.000   1.0000       realRep
244.0000    0    2.000   1.0000          NULL 
246.0000    3    2.000   1.0000     pseudoRep
248.0000    4    2.000   1.0000     pseudoNov
250.0000    2    2.000   1.0000       realNov
252.0000    1    2.000   1.0000       realRep
254.0000    0    2.000   1.0000          NULL 
256.0000    4    2.000   1.0000     pseudoNov
258.0000    2    2.000   1.0000       realNov
260.0000    4    2.000   1.0000     pseudoNov
262.0000    3    2.000   1.0000     pseudoRep
264.0000    0    2.000   1.0000          NULL 
266.0000    1    2.000   1.0000       realRep
268.0000    3    2.000   1.0000     pseudoRep
270.0000    4    2.000   1.0000     pseudoNov
272.0000    1    2.000   1.0000       realRep
274.0000    3    2.000   1.0000     pseudoRep
276.0000    4    2.000   1.0000     pseudoNov
278.0000    1    2.000   1.0000       realRep
280.0000    2    2.000   1.0000       realNov
282.0000    1    2.000   1.0000       realRep
284.0000    1    2.000   1.0000       realRep
286.0000    4    2.000   1.0000     pseudoNov
288.0000    0    2.000   1.0000          NULL 
290.0000    4    2.000   1.0000     pseudoNov
292.0000    1    2.000   1.0000       realRep
294.0000    2    2.000   1.0000       realNov
296.0000    0    2.000   1.0000          NULL 
298.0000    2    2.000   1.0000       realNov
300.0000    0    2.000   1.0000          NULL 
302.0000    2    2.000   1.0000       realNov
304.0000    2    2.000   1.0000       realNov
306.0000    2    2.000   1.0000       realNov
308.0000    0    2.000   1.0000          NULL 
310.0000    4    2.000   1.0000     pseudoNov
312.0000    3    2.000   1.0000     pseudoRep
314.0000    4    2.000   1.0000     pseudoNov
316.0000    4    2.000   1.0000     pseudoNov
318.0000    0    4.000   1.0000          NULL 
322.0000    3    2.000   1.0000     pseudoRep
324.0000    4    2.000   1.0000     pseudoNov
326.0000    3    2.000   1.0000     pseudoRep
328.0000    4    2.000   1.0000     pseudoNov
330.0000    0    2.000   1.0000          NULL 
332.0000    1    2.000   1.0000       realRep
334.0000    2    2.000   1.0000       realNov
336.0000    3    2.000   1.0000     pseudoRep
338.0000    0    4.000   1.0000          NULL 
342.0000    3    2.000   1.0000     pseudoRep
344.0000    3    2.000   1.0000     pseudoRep
346.0000    0    2.000   1.0000          NULL 
348.0000    1    2.000   1.0000       realRep
350.0000    4    2.000   1.0000     pseudoNov
352.0000    4    2.000   1.0000     pseudoNov
354.0000    2    2.000   1.0000       realNov
356.0000    2    2.000   1.0000       realNov
358.0000    1    2.000   1.0000       realRep
360.0000    0    2.000   1.0000          NULL 
362.0000    1    2.000   1.0000       realRep
364.0000    2    2.000   1.0000       realNov
366.0000    3    2.000   1.0000     pseudoRep
368.0000    4    2.000   1.0000     pseudoNov
370.0000    4    2.000   1.0000     pseudoNov
372.0000    1    2.000   1.0000       realRep
374.0000    0    2.000   1.0000          NULL 
376.0000    1    2.000   1.0000       realRep
378.0000    3    2.000   1.0000     pseudoRep
380.0000    1    2.000   1.0000       realRep
382.0000    1    2.000   1.0000       realRep
384.0000    4    2.000   1.0000     pseudoNov
386.0000    1    2.000   1.0000       realRep
388.0000    0    2.000   1.0000          NULL 
390.0000    2    2.000   1.0000       realNov
392.0000    4    2.000   1.0000     pseudoNov
394.0000    3    2.000   1.0000     pseudoRep
396.0000    3    2.000   1.0000     pseudoRep
398.0000    2    2.000   1.0000       realNov
