  0.0000    1    2.000   1.0000       realRep
  2.0000    2    2.000   1.0000       realNov
  4.0000    2    2.000   1.0000       realNov
  6.0000    4    2.000   1.0000     pseudoNov
  8.0000    4    2.000   1.0000     pseudoNov
 10.0000    2    2.000   1.0000       realNov
 12.0000    1    2.000   1.0000       realRep
 14.0000    0    2.000   1.0000          NULL 
 16.0000    4    2.000   1.0000     pseudoNov
 18.0000    3    2.000   1.0000     pseudoRep
 20.0000    1    2.000   1.0000       realRep
 22.0000    3    2.000   1.0000     pseudoRep
 24.0000    2    2.000   1.0000       realNov
 26.0000    3    2.000   1.0000     pseudoRep
 28.0000    3    2.000   1.0000     pseudoRep
 30.0000    0    2.000   1.0000          NULL 
 32.0000    3    2.000   1.0000     pseudoRep
 34.0000    2    2.000   1.0000       realNov
 36.0000    0    4.000   1.0000          NULL 
 40.0000    2    2.000   1.0000       realNov
 42.0000    2    2.000   1.0000       realNov
 44.0000    1    2.000   1.0000       realRep
 46.0000    3    2.000   1.0000     pseudoRep
 48.0000    4    2.000   1.0000     pseudoNov
 50.0000    3    2.000   1.0000     pseudoRep
 52.0000    2    2.000   1.0000       realNov
 54.0000    1    2.000   1.0000       realRep
 56.0000    4    2.000   1.0000     pseudoNov
 58.0000    4    2.000   1.0000     pseudoNov
 60.0000    2    2.000   1.0000       realNov
 62.0000    2    2.000   1.0000       realNov
 64.0000    2    2.000   1.0000       realNov
 66.0000    0    2.000   1.0000          NULL 
 68.0000    1    2.000   1.0000       realRep
 70.0000    2    2.000   1.0000       realNov
 72.0000    1    2.000   1.0000       realRep
 74.0000    3    2.000   1.0000     pseudoRep
 76.0000    2    2.000   1.0000       realNov
 78.0000    3    2.000   1.0000     pseudoRep
 80.0000    0    2.000   1.0000          NULL 
 82.0000    2    2.000   1.0000       realNov
 84.0000    3    2.000   1.0000     pseudoRep
 86.0000    1    2.000   1.0000       realRep
 88.0000    2    2.000   1.0000       realNov
 90.0000    2    2.000   1.0000       realNov
 92.0000    3    2.000   1.0000     pseudoRep
 94.0000    2    2.000   1.0000       realNov
 96.0000    4    2.000   1.0000     pseudoNov
 98.0000    4    2.000   1.0000     pseudoNov
100.0000    2    2.000   1.0000       realNov
102.0000    0    2.000   1.0000          NULL 
104.0000    4    2.000   1.0000     pseudoNov
106.0000    3    2.000   1.0000     pseudoRep
108.0000    4    2.000   1.0000     pseudoNov
110.0000    2    2.000   1.0000       realNov
112.0000    4    2.000   1.0000     pseudoNov
114.0000    3    2.000   1.0000     pseudoRep
116.0000    1    2.000   1.0000       realRep
118.0000    4    2.000   1.0000     pseudoNov
120.0000    3    2.000   1.0000     pseudoRep
122.0000    2    2.000   1.0000       realNov
124.0000    0    2.000   1.0000          NULL 
126.0000    2    2.000   1.0000       realNov
128.0000    4    2.000   1.0000     pseudoNov
130.0000    3    2.000   1.0000     pseudoRep
132.0000    3    2.000   1.0000     pseudoRep
134.0000    1    2.000   1.0000       realRep
136.0000    0    2.000   1.0000          NULL 
138.0000    4    2.000   1.0000     pseudoNov
140.0000    1    2.000   1.0000       realRep
142.0000    2    2.000   1.0000       realNov
144.0000    0    2.000   1.0000          NULL 
146.0000    3    2.000   1.0000     pseudoRep
148.0000    3    2.000   1.0000     pseudoRep
150.0000    1    2.000   1.0000       realRep
152.0000    4    2.000   1.0000     pseudoNov
154.0000    1    2.000   1.0000       realRep
156.0000    1    2.000   1.0000       realRep
158.0000    1    2.000   1.0000       realRep
160.0000    0    4.000   1.0000          NULL 
164.0000    3    2.000   1.0000     pseudoRep
166.0000    3    2.000   1.0000     pseudoRep
168.0000    4    2.000   1.0000     pseudoNov
170.0000    0    2.000   1.0000          NULL 
172.0000    3    2.000   1.0000     pseudoRep
174.0000    3    2.000   1.0000     pseudoRep
176.0000    3    2.000   1.0000     pseudoRep
178.0000    0    2.000   1.0000          NULL 
180.0000    4    2.000   1.0000     pseudoNov
182.0000    1    2.000   1.0000       realRep
184.0000    4    2.000   1.0000     pseudoNov
186.0000    1    2.000   1.0000       realRep
188.0000    4    2.000   1.0000     pseudoNov
190.0000    4    2.000   1.0000     pseudoNov
192.0000    3    2.000   1.0000     pseudoRep
194.0000    0    2.000   1.0000          NULL 
196.0000    2    2.000   1.0000       realNov
198.0000    1    2.000   1.0000       realRep
200.0000    1    2.000   1.0000       realRep
202.0000    3    2.000   1.0000     pseudoRep
204.0000    0    2.000   1.0000          NULL 
206.0000    1    2.000   1.0000       realRep
208.0000    0    2.000   1.0000          NULL 
210.0000    1    2.000   1.0000       realRep
212.0000    3    2.000   1.0000     pseudoRep
214.0000    1    2.000   1.0000       realRep
216.0000    1    2.000   1.0000       realRep
218.0000    1    2.000   1.0000       realRep
220.0000    2    2.000   1.0000       realNov
222.0000    0    2.000   1.0000          NULL 
224.0000    1    2.000   1.0000       realRep
226.0000    1    2.000   1.0000       realRep
228.0000    2    2.000   1.0000       realNov
230.0000    1    2.000   1.0000       realRep
232.0000    0    2.000   1.0000          NULL 
234.0000    1    2.000   1.0000       realRep
236.0000    2    2.000   1.0000       realNov
238.0000    4    2.000   1.0000     pseudoNov
240.0000    1    2.000   1.0000       realRep
242.0000    0    2.000   1.0000          NULL 
244.0000    2    2.000   1.0000       realNov
246.0000    2    2.000   1.0000       realNov
248.0000    3    2.000   1.0000     pseudoRep
250.0000    4    2.000   1.0000     pseudoNov
252.0000    4    2.000   1.0000     pseudoNov
254.0000    0    2.000   1.0000          NULL 
256.0000    2    2.000   1.0000       realNov
258.0000    4    2.000   1.0000     pseudoNov
260.0000    1    2.000   1.0000       realRep
262.0000    0    2.000   1.0000          NULL 
264.0000    3    2.000   1.0000     pseudoRep
266.0000    4    2.000   1.0000     pseudoNov
268.0000    3    2.000   1.0000     pseudoRep
270.0000    4    2.000   1.0000     pseudoNov
272.0000    4    2.000   1.0000     pseudoNov
274.0000    1    2.000   1.0000       realRep
276.0000    1    2.000   1.0000       realRep
278.0000    2    2.000   1.0000       realNov
280.0000    3    2.000   1.0000     pseudoRep
282.0000    1    2.000   1.0000       realRep
284.0000    0    2.000   1.0000          NULL 
286.0000    4    2.000   1.0000     pseudoNov
288.0000    0    2.000   1.0000          NULL 
290.0000    4    2.000   1.0000     pseudoNov
292.0000    4    2.000   1.0000     pseudoNov
294.0000    0    2.000   1.0000          NULL 
296.0000    1    2.000   1.0000       realRep
298.0000    0    2.000   1.0000          NULL 
300.0000    4    2.000   1.0000     pseudoNov
302.0000    2    2.000   1.0000       realNov
304.0000    2    2.000   1.0000       realNov
306.0000    3    2.000   1.0000     pseudoRep
308.0000    2    2.000   1.0000       realNov
310.0000    0    2.000   1.0000          NULL 
312.0000    1    2.000   1.0000       realRep
314.0000    0    4.000   1.0000          NULL 
318.0000    2    2.000   1.0000       realNov
320.0000    1    2.000   1.0000       realRep
322.0000    4    2.000   1.0000     pseudoNov
324.0000    2    2.000   1.0000       realNov
326.0000    4    2.000   1.0000     pseudoNov
328.0000    0    4.000   1.0000          NULL 
332.0000    1    2.000   1.0000       realRep
334.0000    2    2.000   1.0000       realNov
336.0000    1    2.000   1.0000       realRep
338.0000    4    2.000   1.0000     pseudoNov
340.0000    3    2.000   1.0000     pseudoRep
342.0000    1    2.000   1.0000       realRep
344.0000    3    2.000   1.0000     pseudoRep
346.0000    2    2.000   1.0000       realNov
348.0000    0    2.000   1.0000          NULL 
350.0000    4    2.000   1.0000     pseudoNov
352.0000    3    2.000   1.0000     pseudoRep
354.0000    3    2.000   1.0000     pseudoRep
356.0000    0    4.000   1.0000          NULL 
360.0000    4    2.000   1.0000     pseudoNov
362.0000    4    2.000   1.0000     pseudoNov
364.0000    0    2.000   1.0000          NULL 
366.0000    3    2.000   1.0000     pseudoRep
368.0000    1    2.000   1.0000       realRep
370.0000    0    2.000   1.0000          NULL 
372.0000    2    2.000   1.0000       realNov
374.0000    3    2.000   1.0000     pseudoRep
376.0000    4    2.000   1.0000     pseudoNov
378.0000    0    2.000   1.0000          NULL 
380.0000    4    2.000   1.0000     pseudoNov
382.0000    2    2.000   1.0000       realNov
384.0000    0    2.000   1.0000          NULL 
386.0000    3    2.000   1.0000     pseudoRep
388.0000    2    2.000   1.0000       realNov
390.0000    3    2.000   1.0000     pseudoRep
392.0000    0    4.000   1.0000          NULL 
396.0000    4    2.000   1.0000     pseudoNov
398.0000    3    2.000   1.0000     pseudoRep
