  0.0000    2    2.000   1.0000       realNov
  2.0000    1    2.000   1.0000       realRep
  4.0000    3    2.000   1.0000     pseudoRep
  6.0000    1    2.000   1.0000       realRep
  8.0000    2    2.000   1.0000       realNov
 10.0000    1    2.000   1.0000       realRep
 12.0000    0    2.000   1.0000          NULL 
 14.0000    1    2.000   1.0000       realRep
 16.0000    0    2.000   1.0000          NULL 
 18.0000    1    2.000   1.0000       realRep
 20.0000    1    2.000   1.0000       realRep
 22.0000    2    2.000   1.0000       realNov
 24.0000    4    2.000   1.0000     pseudoNov
 26.0000    3    2.000   1.0000     pseudoRep
 28.0000    2    2.000   1.0000       realNov
 30.0000    3    2.000   1.0000     pseudoRep
 32.0000    0    2.000   1.0000          NULL 
 34.0000    2    2.000   1.0000       realNov
 36.0000    0    2.000   1.0000          NULL 
 38.0000    2    2.000   1.0000       realNov
 40.0000    4    2.000   1.0000     pseudoNov
 42.0000    1    2.000   1.0000       realRep
 44.0000    0    2.000   1.0000          NULL 
 46.0000    2    2.000   1.0000       realNov
 48.0000    2    2.000   1.0000       realNov
 50.0000    4    2.000   1.0000     pseudoNov
 52.0000    0    2.000   1.0000          NULL 
 54.0000    1    2.000   1.0000       realRep
 56.0000    4    2.000   1.0000     pseudoNov
 58.0000    4    2.000   1.0000     pseudoNov
 60.0000    2    2.000   1.0000       realNov
 62.0000    4    2.000   1.0000     pseudoNov
 64.0000    4    2.000   1.0000     pseudoNov
 66.0000    0    2.000   1.0000          NULL 
 68.0000    3    2.000   1.0000     pseudoRep
 70.0000    0    2.000   1.0000          NULL 
 72.0000    4    2.000   1.0000     pseudoNov
 74.0000    2    2.000   1.0000       realNov
 76.0000    2    2.000   1.0000       realNov
 78.0000    2    2.000   1.0000       realNov
 80.0000    4    2.000   1.0000     pseudoNov
 82.0000    3    2.000   1.0000     pseudoRep
 84.0000    2    2.000   1.0000       realNov
 86.0000    0    2.000   1.0000          NULL 
 88.0000    3    2.000   1.0000     pseudoRep
 90.0000    3    2.000   1.0000     pseudoRep
 92.0000    4    2.000   1.0000     pseudoNov
 94.0000    2    2.000   1.0000       realNov
 96.0000    2    2.000   1.0000       realNov
 98.0000    2    2.000   1.0000       realNov
100.0000    0    2.000   1.0000          NULL 
102.0000    3    2.000   1.0000     pseudoRep
104.0000    3    2.000   1.0000     pseudoRep
106.0000    3    2.000   1.0000     pseudoRep
108.0000    3    2.000   1.0000     pseudoRep
110.0000    0    2.000   1.0000          NULL 
112.0000    1    2.000   1.0000       realRep
114.0000    3    2.000   1.0000     pseudoRep
116.0000    0    2.000   1.0000          NULL 
118.0000    3    2.000   1.0000     pseudoRep
120.0000    4    2.000   1.0000     pseudoNov
122.0000    3    2.000   1.0000     pseudoRep
124.0000    2    2.000   1.0000       realNov
126.0000    2    2.000   1.0000       realNov
128.0000    3    2.000   1.0000     pseudoRep
130.0000    1    2.000   1.0000       realRep
132.0000    0    2.000   1.0000          NULL 
134.0000    4    2.000   1.0000     pseudoNov
136.0000    4    2.000   1.0000     pseudoNov
138.0000    4    2.000   1.0000     pseudoNov
140.0000    3    2.000   1.0000     pseudoRep
142.0000    3    2.000   1.0000     pseudoRep
144.0000    0    2.000   1.0000          NULL 
146.0000    3    2.000   1.0000     pseudoRep
148.0000    3    2.000   1.0000     pseudoRep
150.0000    1    2.000   1.0000       realRep
152.0000    0    2.000   1.0000          NULL 
154.0000    2    2.000   1.0000       realNov
156.0000    3    2.000   1.0000     pseudoRep
158.0000    0    2.000   1.0000          NULL 
160.0000    3    2.000   1.0000     pseudoRep
162.0000    2    2.000   1.0000       realNov
164.0000    3    2.000   1.0000     pseudoRep
166.0000    0    2.000   1.0000          NULL 
168.0000    1    2.000   1.0000       realRep
170.0000    1    2.000   1.0000       realRep
172.0000    3    2.000   1.0000     pseudoRep
174.0000    4    2.000   1.0000     pseudoNov
176.0000    1    2.000   1.0000       realRep
178.0000    1    2.000   1.0000       realRep
180.0000    3    2.000   1.0000     pseudoRep
182.0000    3    2.000   1.0000     pseudoRep
184.0000    3    2.000   1.0000     pseudoRep
186.0000    4    2.000   1.0000     pseudoNov
188.0000    0    2.000   1.0000          NULL 
190.0000    4    2.000   1.0000     pseudoNov
192.0000    0    2.000   1.0000          NULL 
194.0000    1    2.000   1.0000       realRep
196.0000    4    2.000   1.0000     pseudoNov
198.0000    2    2.000   1.0000       realNov
200.0000    2    2.000   1.0000       realNov
202.0000    3    2.000   1.0000     pseudoRep
204.0000    4    2.000   1.0000     pseudoNov
206.0000    4    2.000   1.0000     pseudoNov
208.0000    1    2.000   1.0000       realRep
210.0000    1    2.000   1.0000       realRep
212.0000    0    2.000   1.0000          NULL 
214.0000    1    2.000   1.0000       realRep
216.0000    2    2.000   1.0000       realNov
218.0000    0    2.000   1.0000          NULL 
220.0000    4    2.000   1.0000     pseudoNov
222.0000    3    2.000   1.0000     pseudoRep
224.0000    3    2.000   1.0000     pseudoRep
226.0000    1    2.000   1.0000       realRep
228.0000    2    2.000   1.0000       realNov
230.0000    4    2.000   1.0000     pseudoNov
232.0000    1    2.000   1.0000       realRep
234.0000    1    2.000   1.0000       realRep
236.0000    0    2.000   1.0000          NULL 
238.0000    4    2.000   1.0000     pseudoNov
240.0000    0    2.000   1.0000          NULL 
242.0000    2    2.000   1.0000       realNov
244.0000    1    2.000   1.0000       realRep
246.0000    2    2.000   1.0000       realNov
248.0000    2    2.000   1.0000       realNov
250.0000    3    2.000   1.0000     pseudoRep
252.0000    2    2.000   1.0000       realNov
254.0000    4    2.000   1.0000     pseudoNov
256.0000    1    2.000   1.0000       realRep
258.0000    2    2.000   1.0000       realNov
260.0000    0    2.000   1.0000          NULL 
262.0000    2    2.000   1.0000       realNov
264.0000    0    2.000   1.0000          NULL 
266.0000    1    2.000   1.0000       realRep
268.0000    4    2.000   1.0000     pseudoNov
270.0000    3    2.000   1.0000     pseudoRep
272.0000    1    2.000   1.0000       realRep
274.0000    1    2.000   1.0000       realRep
276.0000    4    2.000   1.0000     pseudoNov
278.0000    2    2.000   1.0000       realNov
280.0000    3    2.000   1.0000     pseudoRep
282.0000    3    2.000   1.0000     pseudoRep
284.0000    0    4.000   1.0000          NULL 
288.0000    1    2.000   1.0000       realRep
290.0000    1    2.000   1.0000       realRep
292.0000    4    2.000   1.0000     pseudoNov
294.0000    3    2.000   1.0000     pseudoRep
296.0000    0    2.000   1.0000          NULL 
298.0000    2    2.000   1.0000       realNov
300.0000    0    2.000   1.0000          NULL 
302.0000    1    2.000   1.0000       realRep
304.0000    0    2.000   1.0000          NULL 
306.0000    4    2.000   1.0000     pseudoNov
308.0000    2    2.000   1.0000       realNov
310.0000    2    2.000   1.0000       realNov
312.0000    2    2.000   1.0000       realNov
314.0000    2    2.000   1.0000       realNov
316.0000    0    4.000   1.0000          NULL 
320.0000    1    2.000   1.0000       realRep
322.0000    4    2.000   1.0000     pseudoNov
324.0000    4    2.000   1.0000     pseudoNov
326.0000    4    2.000   1.0000     pseudoNov
328.0000    3    2.000   1.0000     pseudoRep
330.0000    3    2.000   1.0000     pseudoRep
332.0000    4    2.000   1.0000     pseudoNov
334.0000    4    2.000   1.0000     pseudoNov
336.0000    1    2.000   1.0000       realRep
338.0000    1    2.000   1.0000       realRep
340.0000    3    2.000   1.0000     pseudoRep
342.0000    4    2.000   1.0000     pseudoNov
344.0000    0    2.000   1.0000          NULL 
346.0000    3    2.000   1.0000     pseudoRep
348.0000    2    2.000   1.0000       realNov
350.0000    2    2.000   1.0000       realNov
352.0000    2    2.000   1.0000       realNov
354.0000    1    2.000   1.0000       realRep
356.0000    0    2.000   1.0000          NULL 
358.0000    4    2.000   1.0000     pseudoNov
360.0000    1    2.000   1.0000       realRep
362.0000    3    2.000   1.0000     pseudoRep
364.0000    1    2.000   1.0000       realRep
366.0000    0    4.000   1.0000          NULL 
370.0000    4    2.000   1.0000     pseudoNov
372.0000    0    2.000   1.0000          NULL 
374.0000    2    2.000   1.0000       realNov
376.0000    1    2.000   1.0000       realRep
378.0000    4    2.000   1.0000     pseudoNov
380.0000    4    2.000   1.0000     pseudoNov
382.0000    1    2.000   1.0000       realRep
384.0000    0    4.000   1.0000          NULL 
388.0000    4    2.000   1.0000     pseudoNov
390.0000    4    2.000   1.0000     pseudoNov
392.0000    0    2.000   1.0000          NULL 
394.0000    1    2.000   1.0000       realRep
396.0000    3    2.000   1.0000     pseudoRep
398.0000    1    2.000   1.0000       realRep
