  0.0000    1    2.000   1.0000       realRep
  2.0000    2    2.000   1.0000       realNov
  4.0000    2    2.000   1.0000       realNov
  6.0000    3    2.000   1.0000     pseudoRep
  8.0000    2    2.000   1.0000       realNov
 10.0000    4    2.000   1.0000     pseudoNov
 12.0000    2    2.000   1.0000       realNov
 14.0000    4    2.000   1.0000     pseudoNov
 16.0000    1    2.000   1.0000       realRep
 18.0000    1    2.000   1.0000       realRep
 20.0000    2    2.000   1.0000       realNov
 22.0000    3    2.000   1.0000     pseudoRep
 24.0000    2    2.000   1.0000       realNov
 26.0000    0    2.000   1.0000          NULL 
 28.0000    1    2.000   1.0000       realRep
 30.0000    1    2.000   1.0000       realRep
 32.0000    0    2.000   1.0000          NULL 
 34.0000    1    2.000   1.0000       realRep
 36.0000    3    2.000   1.0000     pseudoRep
 38.0000    3    2.000   1.0000     pseudoRep
 40.0000    0    2.000   1.0000          NULL 
 42.0000    3    2.000   1.0000     pseudoRep
 44.0000    0    2.000   1.0000          NULL 
 46.0000    2    2.000   1.0000       realNov
 48.0000    4    2.000   1.0000     pseudoNov
 50.0000    2    2.000   1.0000       realNov
 52.0000    1    2.000   1.0000       realRep
 54.0000    2    2.000   1.0000       realNov
 56.0000    2    2.000   1.0000       realNov
 58.0000    0    2.000   1.0000          NULL 
 60.0000    3    2.000   1.0000     pseudoRep
 62.0000    4    2.000   1.0000     pseudoNov
 64.0000    1    2.000   1.0000       realRep
 66.0000    0    2.000   1.0000          NULL 
 68.0000    2    2.000   1.0000       realNov
 70.0000    0    2.000   1.0000          NULL 
 72.0000    2    2.000   1.0000       realNov
 74.0000    2    2.000   1.0000       realNov
 76.0000    3    2.000   1.0000     pseudoRep
 78.0000    4    2.000   1.0000     pseudoNov
 80.0000    4    2.000   1.0000     pseudoNov
 82.0000    2    2.000   1.0000       realNov
 84.0000    2    2.000   1.0000       realNov
 86.0000    4    2.000   1.0000     pseudoNov
 88.0000    0    2.000   1.0000          NULL 
 90.0000    1    2.000   1.0000       realRep
 92.0000    3    2.000   1.0000     pseudoRep
 94.0000    3    2.000   1.0000     pseudoRep
 96.0000    0    2.000   1.0000          NULL 
 98.0000    2    2.000   1.0000       realNov
100.0000    1    2.000   1.0000       realRep
102.0000    3    2.000   1.0000     pseudoRep
104.0000    0    4.000   1.0000          NULL 
108.0000    4    2.000   1.0000     pseudoNov
110.0000    4    2.000   1.0000     pseudoNov
112.0000    3    2.000   1.0000     pseudoRep
114.0000    2    2.000   1.0000       realNov
116.0000    4    2.000   1.0000     pseudoNov
118.0000    3    2.000   1.0000     pseudoRep
120.0000    4    2.000   1.0000     pseudoNov
122.0000    0    2.000   1.0000          NULL 
124.0000    2    2.000   1.0000       realNov
126.0000    0    2.000   1.0000          NULL 
128.0000    2    2.000   1.0000       realNov
130.0000    0    2.000   1.0000          NULL 
132.0000    4    2.000   1.0000     pseudoNov
134.0000    3    2.000   1.0000     pseudoRep
136.0000    0    2.000   1.0000          NULL 
138.0000    3    2.000   1.0000     pseudoRep
140.0000    4    2.000   1.0000     pseudoNov
142.0000    4    2.000   1.0000     pseudoNov
144.0000    2    2.000   1.0000       realNov
146.0000    1    2.000   1.0000       realRep
148.0000    4    2.000   1.0000     pseudoNov
150.0000    4    2.000   1.0000     pseudoNov
152.0000    2    2.000   1.0000       realNov
154.0000    1    2.000   1.0000       realRep
156.0000    3    2.000   1.0000     pseudoRep
158.0000    2    2.000   1.0000       realNov
160.0000    2    2.000   1.0000       realNov
162.0000    1    2.000   1.0000       realRep
164.0000    0    2.000   1.0000          NULL 
166.0000    1    2.000   1.0000       realRep
168.0000    2    2.000   1.0000       realNov
170.0000    2    2.000   1.0000       realNov
172.0000    1    2.000   1.0000       realRep
174.0000    1    2.000   1.0000       realRep
176.0000    2    2.000   1.0000       realNov
178.0000    3    2.000   1.0000     pseudoRep
180.0000    1    2.000   1.0000       realRep
182.0000    0    2.000   1.0000          NULL 
184.0000    1    2.000   1.0000       realRep
186.0000    2    2.000   1.0000       realNov
188.0000    1    2.000   1.0000       realRep
190.0000    4    2.000   1.0000     pseudoNov
192.0000    0    6.000   1.0000          NULL 
198.0000    2    2.000   1.0000       realNov
200.0000    4    2.000   1.0000     pseudoNov
202.0000    3    2.000   1.0000     pseudoRep
204.0000    1    2.000   1.0000       realRep
206.0000    2    2.000   1.0000       realNov
208.0000    3    2.000   1.0000     pseudoRep
210.0000    0    2.000   1.0000          NULL 
212.0000    3    2.000   1.0000     pseudoRep
214.0000    4    2.000   1.0000     pseudoNov
216.0000    3    2.000   1.0000     pseudoRep
218.0000    4    2.000   1.0000     pseudoNov
220.0000    4    2.000   1.0000     pseudoNov
222.0000    1    2.000   1.0000       realRep
224.0000    1    2.000   1.0000       realRep
226.0000    0    2.000   1.0000          NULL 
228.0000    2    2.000   1.0000       realNov
230.0000    3    2.000   1.0000     pseudoRep
232.0000    0    2.000   1.0000          NULL 
234.0000    1    2.000   1.0000       realRep
236.0000    4    2.000   1.0000     pseudoNov
238.0000    3    2.000   1.0000     pseudoRep
240.0000    1    2.000   1.0000       realRep
242.0000    3    2.000   1.0000     pseudoRep
244.0000    2    2.000   1.0000       realNov
246.0000    1    2.000   1.0000       realRep
248.0000    0    2.000   1.0000          NULL 
250.0000    3    2.000   1.0000     pseudoRep
252.0000    3    2.000   1.0000     pseudoRep
254.0000    3    2.000   1.0000     pseudoRep
256.0000    3    2.000   1.0000     pseudoRep
258.0000    3    2.000   1.0000     pseudoRep
260.0000    0    2.000   1.0000          NULL 
262.0000    3    2.000   1.0000     pseudoRep
264.0000    0    2.000   1.0000          NULL 
266.0000    2    2.000   1.0000       realNov
268.0000    4    2.000   1.0000     pseudoNov
270.0000    3    2.000   1.0000     pseudoRep
272.0000    2    2.000   1.0000       realNov
274.0000    4    2.000   1.0000     pseudoNov
276.0000    0    2.000   1.0000          NULL 
278.0000    4    2.000   1.0000     pseudoNov
280.0000    2    2.000   1.0000       realNov
282.0000    4    2.000   1.0000     pseudoNov
284.0000    1    2.000   1.0000       realRep
286.0000    2    2.000   1.0000       realNov
288.0000    1    2.000   1.0000       realRep
290.0000    0    2.000   1.0000          NULL 
292.0000    4    2.000   1.0000     pseudoNov
294.0000    4    2.000   1.0000     pseudoNov
296.0000    4    2.000   1.0000     pseudoNov
298.0000    4    2.000   1.0000     pseudoNov
300.0000    3    2.000   1.0000     pseudoRep
302.0000    3    2.000   1.0000     pseudoRep
304.0000    3    2.000   1.0000     pseudoRep
306.0000    0    4.000   1.0000          NULL 
310.0000    1    2.000   1.0000       realRep
312.0000    4    2.000   1.0000     pseudoNov
314.0000    4    2.000   1.0000     pseudoNov
316.0000    0    2.000   1.0000          NULL 
318.0000    1    2.000   1.0000       realRep
320.0000    4    2.000   1.0000     pseudoNov
322.0000    3    2.000   1.0000     pseudoRep
324.0000    2    2.000   1.0000       realNov
326.0000    0    2.000   1.0000          NULL 
328.0000    4    2.000   1.0000     pseudoNov
330.0000    0    2.000   1.0000          NULL 
332.0000    4    2.000   1.0000     pseudoNov
334.0000    0    4.000   1.0000          NULL 
338.0000    3    2.000   1.0000     pseudoRep
340.0000    1    2.000   1.0000       realRep
342.0000    4    2.000   1.0000     pseudoNov
344.0000    4    2.000   1.0000     pseudoNov
346.0000    0    4.000   1.0000          NULL 
350.0000    1    2.000   1.0000       realRep
352.0000    1    2.000   1.0000       realRep
354.0000    0    2.000   1.0000          NULL 
356.0000    3    2.000   1.0000     pseudoRep
358.0000    2    2.000   1.0000       realNov
360.0000    2    2.000   1.0000       realNov
362.0000    4    2.000   1.0000     pseudoNov
364.0000    1    2.000   1.0000       realRep
366.0000    1    2.000   1.0000       realRep
368.0000    1    2.000   1.0000       realRep
370.0000    1    2.000   1.0000       realRep
372.0000    1    2.000   1.0000       realRep
374.0000    4    2.000   1.0000     pseudoNov
376.0000    1    2.000   1.0000       realRep
378.0000    0    2.000   1.0000          NULL 
380.0000    3    2.000   1.0000     pseudoRep
382.0000    2    2.000   1.0000       realNov
384.0000    3    2.000   1.0000     pseudoRep
386.0000    4    2.000   1.0000     pseudoNov
388.0000    1    2.000   1.0000       realRep
390.0000    3    2.000   1.0000     pseudoRep
392.0000    1    2.000   1.0000       realRep
394.0000    2    2.000   1.0000       realNov
396.0000    0    2.000   1.0000          NULL 
398.0000    3    2.000   1.0000     pseudoRep
