  0.0000    2    2.000   1.0000       realNov
  2.0000    2    2.000   1.0000       realNov
  4.0000    1    2.000   1.0000       realRep
  6.0000    0    4.000   1.0000          NULL 
 10.0000    4    2.000   1.0000     pseudoNov
 12.0000    2    2.000   1.0000       realNov
 14.0000    4    2.000   1.0000     pseudoNov
 16.0000    2    2.000   1.0000       realNov
 18.0000    4    2.000   1.0000     pseudoNov
 20.0000    3    2.000   1.0000     pseudoRep
 22.0000    0    2.000   1.0000          NULL 
 24.0000    4    2.000   1.0000     pseudoNov
 26.0000    0    2.000   1.0000          NULL 
 28.0000    2    2.000   1.0000       realNov
 30.0000    0    4.000   1.0000          NULL 
 34.0000    4    2.000   1.0000     pseudoNov
 36.0000    2    2.000   1.0000       realNov
 38.0000    2    2.000   1.0000       realNov
 40.0000    4    2.000   1.0000     pseudoNov
 42.0000    1    2.000   1.0000       realRep
 44.0000    2    2.000   1.0000       realNov
 46.0000    4    2.000   1.0000     pseudoNov
 48.0000    1    2.000   1.0000       realRep
 50.0000    3    2.000   1.0000     pseudoRep
 52.0000    2    2.000   1.0000       realNov
 54.0000    1    2.000   1.0000       realRep
 56.0000    2    2.000   1.0000       realNov
 58.0000    2    2.000   1.0000       realNov
 60.0000    1    2.000   1.0000       realRep
 62.0000    3    2.000   1.0000     pseudoRep
 64.0000    2    2.000   1.0000       realNov
 66.0000    1    2.000   1.0000       realRep
 68.0000    3    2.000   1.0000     pseudoRep
 70.0000    1    2.000   1.0000       realRep
 72.0000    3    2.000   1.0000     pseudoRep
 74.0000    1    2.000   1.0000       realRep
 76.0000    1    2.000   1.0000       realRep
 78.0000    4    2.000   1.0000     pseudoNov
 80.0000    2    2.000   1.0000       realNov
 82.0000    4    2.000   1.0000     pseudoNov
 84.0000    2    2.000   1.0000       realNov
 86.0000    3    2.000   1.0000     pseudoRep
 88.0000    1    2.000   1.0000       realRep
 90.0000    4    2.000   1.0000     pseudoNov
 92.0000    1    2.000   1.0000       realRep
 94.0000    2    2.000   1.0000       realNov
 96.0000    0    2.000   1.0000          NULL 
 98.0000    1    2.000   1.0000       realRep
100.0000    0    6.000   1.0000          NULL 
106.0000    2    2.000   1.0000       realNov
108.0000    4    2.000   1.0000     pseudoNov
110.0000    1    2.000   1.0000       realRep
112.0000    0    2.000   1.0000          NULL 
114.0000    3    2.000   1.0000     pseudoRep
116.0000    3    2.000   1.0000     pseudoRep
118.0000    1    2.000   1.0000       realRep
120.0000    4    2.000   1.0000     pseudoNov
122.0000    4    2.000   1.0000     pseudoNov
124.0000    0    2.000   1.0000          NULL 
126.0000    2    2.000   1.0000       realNov
128.0000    0    4.000   1.0000          NULL 
132.0000    3    2.000   1.0000     pseudoRep
134.0000    1    2.000   1.0000       realRep
136.0000    3    2.000   1.0000     pseudoRep
138.0000    0    2.000   1.0000          NULL 
140.0000    2    2.000   1.0000       realNov
142.0000    4    2.000   1.0000     pseudoNov
144.0000    0    2.000   1.0000          NULL 
146.0000    2    2.000   1.0000       realNov
148.0000    0    2.000   1.0000          NULL 
150.0000    1    2.000   1.0000       realRep
152.0000    1    2.000   1.0000       realRep
154.0000    0    2.000   1.0000          NULL 
156.0000    1    2.000   1.0000       realRep
158.0000    3    2.000   1.0000     pseudoRep
160.0000    4    2.000   1.0000     pseudoNov
162.0000    3    2.000   1.0000     pseudoRep
164.0000    1    2.000   1.0000       realRep
166.0000    2    2.000   1.0000       realNov
168.0000    4    2.000   1.0000     pseudoNov
170.0000    4    2.000   1.0000     pseudoNov
172.0000    0    4.000   1.0000          NULL 
176.0000    2    2.000   1.0000       realNov
178.0000    4    2.000   1.0000     pseudoNov
180.0000    3    2.000   1.0000     pseudoRep
182.0000    3    2.000   1.0000     pseudoRep
184.0000    3    2.000   1.0000     pseudoRep
186.0000    0    2.000   1.0000          NULL 
188.0000    3    2.000   1.0000     pseudoRep
190.0000    3    2.000   1.0000     pseudoRep
192.0000    3    2.000   1.0000     pseudoRep
194.0000    2    2.000   1.0000       realNov
196.0000    1    2.000   1.0000       realRep
198.0000    0    2.000   1.0000          NULL 
200.0000    4    2.000   1.0000     pseudoNov
202.0000    1    2.000   1.0000       realRep
204.0000    3    2.000   1.0000     pseudoRep
206.0000    3    2.000   1.0000     pseudoRep
208.0000    2    2.000   1.0000       realNov
210.0000    1    2.000   1.0000       realRep
212.0000    4    2.000   1.0000     pseudoNov
214.0000    2    2.000   1.0000       realNov
216.0000    2    2.000   1.0000       realNov
218.0000    3    2.000   1.0000     pseudoRep
220.0000    3    2.000   1.0000     pseudoRep
222.0000    3    2.000   1.0000     pseudoRep
224.0000    2    2.000   1.0000       realNov
226.0000    0    2.000   1.0000          NULL 
228.0000    3    2.000   1.0000     pseudoRep
230.0000    4    2.000   1.0000     pseudoNov
232.0000    4    2.000   1.0000     pseudoNov
234.0000    2    2.000   1.0000       realNov
236.0000    1    2.000   1.0000       realRep
238.0000    0    2.000   1.0000          NULL 
240.0000    3    2.000   1.0000     pseudoRep
242.0000    2    2.000   1.0000       realNov
244.0000    1    2.000   1.0000       realRep
246.0000    2    2.000   1.0000       realNov
248.0000    0    4.000   1.0000          NULL 
252.0000    1    2.000   1.0000       realRep
254.0000    0    2.000   1.0000          NULL 
256.0000    3    2.000   1.0000     pseudoRep
258.0000    2    2.000   1.0000       realNov
260.0000    3    2.000   1.0000     pseudoRep
262.0000    2    2.000   1.0000       realNov
264.0000    0    2.000   1.0000          NULL 
266.0000    3    2.000   1.0000     pseudoRep
268.0000    4    2.000   1.0000     pseudoNov
270.0000    4    2.000   1.0000     pseudoNov
272.0000    3    2.000   1.0000     pseudoRep
274.0000    4    2.000   1.0000     pseudoNov
276.0000    0    2.000   1.0000          NULL 
278.0000    1    2.000   1.0000       realRep
280.0000    3    2.000   1.0000     pseudoRep
282.0000    4    2.000   1.0000     pseudoNov
284.0000    0    2.000   1.0000          NULL 
286.0000    1    2.000   1.0000       realRep
288.0000    3    2.000   1.0000     pseudoRep
290.0000    0    2.000   1.0000          NULL 
292.0000    2    2.000   1.0000       realNov
294.0000    0    2.000   1.0000          NULL 
296.0000    4    2.000   1.0000     pseudoNov
298.0000    1    2.000   1.0000       realRep
300.0000    0    4.000   1.0000          NULL 
304.0000    1    2.000   1.0000       realRep
306.0000    1    2.000   1.0000       realRep
308.0000    2    2.000   1.0000       realNov
310.0000    3    2.000   1.0000     pseudoRep
312.0000    4    2.000   1.0000     pseudoNov
314.0000    4    2.000   1.0000     pseudoNov
316.0000    0    2.000   1.0000          NULL 
318.0000    4    2.000   1.0000     pseudoNov
320.0000    4    2.000   1.0000     pseudoNov
322.0000    0    2.000   1.0000          NULL 
324.0000    1    2.000   1.0000       realRep
326.0000    3    2.000   1.0000     pseudoRep
328.0000    4    2.000   1.0000     pseudoNov
330.0000    4    2.000   1.0000     pseudoNov
332.0000    4    2.000   1.0000     pseudoNov
334.0000    1    2.000   1.0000       realRep
336.0000    1    2.000   1.0000       realRep
338.0000    1    2.000   1.0000       realRep
340.0000    4    2.000   1.0000     pseudoNov
342.0000    0    2.000   1.0000          NULL 
344.0000    3    2.000   1.0000     pseudoRep
346.0000    3    2.000   1.0000     pseudoRep
348.0000    0    2.000   1.0000          NULL 
350.0000    1    2.000   1.0000       realRep
352.0000    1    2.000   1.0000       realRep
354.0000    4    2.000   1.0000     pseudoNov
356.0000    3    2.000   1.0000     pseudoRep
358.0000    3    2.000   1.0000     pseudoRep
360.0000    1    2.000   1.0000       realRep
362.0000    2    2.000   1.0000       realNov
364.0000    4    2.000   1.0000     pseudoNov
366.0000    3    2.000   1.0000     pseudoRep
368.0000    2    2.000   1.0000       realNov
370.0000    2    2.000   1.0000       realNov
372.0000    2    2.000   1.0000       realNov
374.0000    3    2.000   1.0000     pseudoRep
376.0000    0    2.000   1.0000          NULL 
378.0000    1    2.000   1.0000       realRep
380.0000    4    2.000   1.0000     pseudoNov
382.0000    1    2.000   1.0000       realRep
384.0000    2    2.000   1.0000       realNov
386.0000    2    2.000   1.0000       realNov
388.0000    1    2.000   1.0000       realRep
390.0000    2    2.000   1.0000       realNov
392.0000    4    2.000   1.0000     pseudoNov
394.0000    4    2.000   1.0000     pseudoNov
396.0000    3    2.000   1.0000     pseudoRep
398.0000    0    2.000   1.0000          NULL 
