  0.0000    4    2.000   1.0000     pseudoNov
  2.0000    4    2.000   1.0000     pseudoNov
  4.0000    0    2.000   1.0000          NULL 
  6.0000    3    2.000   1.0000     pseudoRep
  8.0000    4    2.000   1.0000     pseudoNov
 10.0000    0    4.000   1.0000          NULL 
 14.0000    1    2.000   1.0000       realRep
 16.0000    2    2.000   1.0000       realNov
 18.0000    4    2.000   1.0000     pseudoNov
 20.0000    3    2.000   1.0000     pseudoRep
 22.0000    2    2.000   1.0000       realNov
 24.0000    0    4.000   1.0000          NULL 
 28.0000    2    2.000   1.0000       realNov
 30.0000    3    2.000   1.0000     pseudoRep
 32.0000    2    2.000   1.0000       realNov
 34.0000    0    2.000   1.0000          NULL 
 36.0000    2    2.000   1.0000       realNov
 38.0000    3    2.000   1.0000     pseudoRep
 40.0000    2    2.000   1.0000       realNov
 42.0000    3    2.000   1.0000     pseudoRep
 44.0000    1    2.000   1.0000       realRep
 46.0000    0    2.000   1.0000          NULL 
 48.0000    2    2.000   1.0000       realNov
 50.0000    4    2.000   1.0000     pseudoNov
 52.0000    3    2.000   1.0000     pseudoRep
 54.0000    3    2.000   1.0000     pseudoRep
 56.0000    2    2.000   1.0000       realNov
 58.0000    1    2.000   1.0000       realRep
 60.0000    4    2.000   1.0000     pseudoNov
 62.0000    1    2.000   1.0000       realRep
 64.0000    1    2.000   1.0000       realRep
 66.0000    3    2.000   1.0000     pseudoRep
 68.0000    2    2.000   1.0000       realNov
 70.0000    1    2.000   1.0000       realRep
 72.0000    1    2.000   1.0000       realRep
 74.0000    3    2.000   1.0000     pseudoRep
 76.0000    3    2.000   1.0000     pseudoRep
 78.0000    0    4.000   1.0000          NULL 
 82.0000    2    2.000   1.0000       realNov
 84.0000    3    2.000   1.0000     pseudoRep
 86.0000    3    2.000   1.0000     pseudoRep
 88.0000    3    2.000   1.0000     pseudoRep
 90.0000    0    2.000   1.0000          NULL 
 92.0000    4    2.000   1.0000     pseudoNov
 94.0000    4    2.000   1.0000     pseudoNov
 96.0000    4    2.000   1.0000     pseudoNov
 98.0000    3    2.000   1.0000     pseudoRep
100.0000    0    2.000   1.0000          NULL 
102.0000    3    2.000   1.0000     pseudoRep
104.0000    4    2.000   1.0000     pseudoNov
106.0000    1    2.000   1.0000       realRep
108.0000    2    2.000   1.0000       realNov
110.0000    0    2.000   1.0000          NULL 
112.0000    1    2.000   1.0000       realRep
114.0000    0    4.000   1.0000          NULL 
118.0000    1    2.000   1.0000       realRep
120.0000    2    2.000   1.0000       realNov
122.0000    2    2.000   1.0000       realNov
124.0000    4    2.000   1.0000     pseudoNov
126.0000    4    2.000   1.0000     pseudoNov
128.0000    1    2.000   1.0000       realRep
130.0000    3    2.000   1.0000     pseudoRep
132.0000    1    2.000   1.0000       realRep
134.0000    1    2.000   1.0000       realRep
136.0000    3    2.000   1.0000     pseudoRep
138.0000    2    2.000   1.0000       realNov
140.0000    1    2.000   1.0000       realRep
142.0000    4    2.000   1.0000     pseudoNov
144.0000    0    4.000   1.0000          NULL 
148.0000    3    2.000   1.0000     pseudoRep
150.0000    0    2.000   1.0000          NULL 
152.0000    2    2.000   1.0000       realNov
154.0000    2    2.000   1.0000       realNov
156.0000    1    2.000   1.0000       realRep
158.0000    3    2.000   1.0000     pseudoRep
160.0000    0    2.000   1.0000          NULL 
162.0000    4    2.000   1.0000     pseudoNov
164.0000    1    2.000   1.0000       realRep
166.0000    1    2.000   1.0000       realRep
168.0000    0    2.000   1.0000          NULL 
170.0000    3    2.000   1.0000     pseudoRep
172.0000    2    2.000   1.0000       realNov
174.0000    2    2.000   1.0000       realNov
176.0000    4    2.000   1.0000     pseudoNov
178.0000    2    2.000   1.0000       realNov
180.0000    2    2.000   1.0000       realNov
182.0000    0    2.000   1.0000          NULL 
184.0000    4    2.000   1.0000     pseudoNov
186.0000    0    4.000   1.0000          NULL 
190.0000    2    2.000   1.0000       realNov
192.0000    1    2.000   1.0000       realRep
194.0000    2    2.000   1.0000       realNov
196.0000    4    2.000   1.0000     pseudoNov
198.0000    2    2.000   1.0000       realNov
200.0000    1    2.000   1.0000       realRep
202.0000    0    2.000   1.0000          NULL 
204.0000    1    2.000   1.0000       realRep
206.0000    3    2.000   1.0000     pseudoRep
208.0000    4    2.000   1.0000     pseudoNov
210.0000    4    2.000   1.0000     pseudoNov
212.0000    4    2.000   1.0000     pseudoNov
214.0000    3    2.000   1.0000     pseudoRep
216.0000    0    2.000   1.0000          NULL 
218.0000    2    2.000   1.0000       realNov
220.0000    2    2.000   1.0000       realNov
222.0000    1    2.000   1.0000       realRep
224.0000    1    2.000   1.0000       realRep
226.0000    4    2.000   1.0000     pseudoNov
228.0000    4    2.000   1.0000     pseudoNov
230.0000    1    2.000   1.0000       realRep
232.0000    0    2.000   1.0000          NULL 
234.0000    1    2.000   1.0000       realRep
236.0000    1    2.000   1.0000       realRep
238.0000    4    2.000   1.0000     pseudoNov
240.0000    2    2.000   1.0000       realNov
242.0000    0    4.000   1.0000          NULL 
246.0000    1    2.000   1.0000       realRep
248.0000    3    2.000   1.0000     pseudoRep
250.0000    3    2.000   1.0000     pseudoRep
252.0000    3    2.000   1.0000     pseudoRep
254.0000    4    2.000   1.0000     pseudoNov
256.0000    3    2.000   1.0000     pseudoRep
258.0000    1    2.000   1.0000       realRep
260.0000    2    2.000   1.0000       realNov
262.0000    3    2.000   1.0000     pseudoRep
264.0000    0    2.000   1.0000          NULL 
266.0000    3    2.000   1.0000     pseudoRep
268.0000    3    2.000   1.0000     pseudoRep
270.0000    2    2.000   1.0000       realNov
272.0000    2    2.000   1.0000       realNov
274.0000    4    2.000   1.0000     pseudoNov
276.0000    4    2.000   1.0000     pseudoNov
278.0000    4    2.000   1.0000     pseudoNov
280.0000    3    2.000   1.0000     pseudoRep
282.0000    3    2.000   1.0000     pseudoRep
284.0000    0    2.000   1.0000          NULL 
286.0000    2    2.000   1.0000       realNov
288.0000    0    2.000   1.0000          NULL 
290.0000    1    2.000   1.0000       realRep
292.0000    1    2.000   1.0000       realRep
294.0000    4    2.000   1.0000     pseudoNov
296.0000    0    2.000   1.0000          NULL 
298.0000    3    2.000   1.0000     pseudoRep
300.0000    0    2.000   1.0000          NULL 
302.0000    4    2.000   1.0000     pseudoNov
304.0000    3    2.000   1.0000     pseudoRep
306.0000    4    2.000   1.0000     pseudoNov
308.0000    1    2.000   1.0000       realRep
310.0000    1    2.000   1.0000       realRep
312.0000    4    2.000   1.0000     pseudoNov
314.0000    2    2.000   1.0000       realNov
316.0000    2    2.000   1.0000       realNov
318.0000    4    2.000   1.0000     pseudoNov
320.0000    2    2.000   1.0000       realNov
322.0000    0    2.000   1.0000          NULL 
324.0000    2    2.000   1.0000       realNov
326.0000    1    2.000   1.0000       realRep
328.0000    4    2.000   1.0000     pseudoNov
330.0000    0    2.000   1.0000          NULL 
332.0000    4    2.000   1.0000     pseudoNov
334.0000    4    2.000   1.0000     pseudoNov
336.0000    4    2.000   1.0000     pseudoNov
338.0000    3    2.000   1.0000     pseudoRep
340.0000    3    2.000   1.0000     pseudoRep
342.0000    1    2.000   1.0000       realRep
344.0000    3    2.000   1.0000     pseudoRep
346.0000    0    2.000   1.0000          NULL 
348.0000    4    2.000   1.0000     pseudoNov
350.0000    3    2.000   1.0000     pseudoRep
352.0000    2    2.000   1.0000       realNov
354.0000    2    2.000   1.0000       realNov
356.0000    3    2.000   1.0000     pseudoRep
358.0000    1    2.000   1.0000       realRep
360.0000    3    2.000   1.0000     pseudoRep
362.0000    1    2.000   1.0000       realRep
364.0000    2    2.000   1.0000       realNov
366.0000    3    2.000   1.0000     pseudoRep
368.0000    1    2.000   1.0000       realRep
370.0000    2    2.000   1.0000       realNov
372.0000    4    2.000   1.0000     pseudoNov
374.0000    0    4.000   1.0000          NULL 
378.0000    4    2.000   1.0000     pseudoNov
380.0000    0    2.000   1.0000          NULL 
382.0000    1    2.000   1.0000       realRep
384.0000    1    2.000   1.0000       realRep
386.0000    0    2.000   1.0000          NULL 
388.0000    1    2.000   1.0000       realRep
390.0000    1    2.000   1.0000       realRep
392.0000    4    2.000   1.0000     pseudoNov
394.0000    0    2.000   1.0000          NULL 
396.0000    2    2.000   1.0000       realNov
398.0000    2    2.000   1.0000       realNov
