  0.0000    4    2.000   1.0000     pseudoNov
  2.0000    3    2.000   1.0000     pseudoRep
  4.0000    2    2.000   1.0000       realNov
  6.0000    4    2.000   1.0000     pseudoNov
  8.0000    1    2.000   1.0000       realRep
 10.0000    2    2.000   1.0000       realNov
 12.0000    1    2.000   1.0000       realRep
 14.0000    3    2.000   1.0000     pseudoRep
 16.0000    2    2.000   1.0000       realNov
 18.0000    1    2.000   1.0000       realRep
 20.0000    0    2.000   1.0000          NULL 
 22.0000    4    2.000   1.0000     pseudoNov
 24.0000    0    2.000   1.0000          NULL 
 26.0000    4    2.000   1.0000     pseudoNov
 28.0000    1    2.000   1.0000       realRep
 30.0000    2    2.000   1.0000       realNov
 32.0000    2    2.000   1.0000       realNov
 34.0000    3    2.000   1.0000     pseudoRep
 36.0000    4    2.000   1.0000     pseudoNov
 38.0000    4    2.000   1.0000     pseudoNov
 40.0000    3    2.000   1.0000     pseudoRep
 42.0000    1    2.000   1.0000       realRep
 44.0000    3    2.000   1.0000     pseudoRep
 46.0000    1    2.000   1.0000       realRep
 48.0000    0    2.000   1.0000          NULL 
 50.0000    2    2.000   1.0000       realNov
 52.0000    2    2.000   1.0000       realNov
 54.0000    0    2.000   1.0000          NULL 
 56.0000    2    2.000   1.0000       realNov
 58.0000    2    2.000   1.0000       realNov
 60.0000    0    2.000   1.0000          NULL 
 62.0000    2    2.000   1.0000       realNov
 64.0000    2    2.000   1.0000       realNov
 66.0000    2    2.000   1.0000       realNov
 68.0000    0    2.000   1.0000          NULL 
 70.0000    3    2.000   1.0000     pseudoRep
 72.0000    3    2.000   1.0000     pseudoRep
 74.0000    1    2.000   1.0000       realRep
 76.0000    0    2.000   1.0000          NULL 
 78.0000    2    2.000   1.0000       realNov
 80.0000    0    2.000   1.0000          NULL 
 82.0000    4    2.000   1.0000     pseudoNov
 84.0000    4    2.000   1.0000     pseudoNov
 86.0000    2    2.000   1.0000       realNov
 88.0000    3    2.000   1.0000     pseudoRep
 90.0000    0    2.000   1.0000          NULL 
 92.0000    1    2.000   1.0000       realRep
 94.0000    3    2.000   1.0000     pseudoRep
 96.0000    1    2.000   1.0000       realRep
 98.0000    2    2.000   1.0000       realNov
100.0000    4    2.000   1.0000     pseudoNov
102.0000    1    2.000   1.0000       realRep
104.0000    3    2.000   1.0000     pseudoRep
106.0000    2    2.000   1.0000       realNov
108.0000    1    2.000   1.0000       realRep
110.0000    4    2.000   1.0000     pseudoNov
112.0000    0    4.000   1.0000          NULL 
116.0000    2    2.000   1.0000       realNov
118.0000    1    2.000   1.0000       realRep
120.0000    4    2.000   1.0000     pseudoNov
122.0000    1    2.000   1.0000       realRep
124.0000    4    2.000   1.0000     pseudoNov
126.0000    3    2.000   1.0000     pseudoRep
128.0000    2    2.000   1.0000       realNov
130.0000    0    2.000   1.0000          NULL 
132.0000    3    2.000   1.0000     pseudoRep
134.0000    1    2.000   1.0000       realRep
136.0000    3    2.000   1.0000     pseudoRep
138.0000    3    2.000   1.0000     pseudoRep
140.0000    3    2.000   1.0000     pseudoRep
142.0000    1    2.000   1.0000       realRep
144.0000    1    2.000   1.0000       realRep
146.0000    1    2.000   1.0000       realRep
148.0000    3    2.000   1.0000     pseudoRep
150.0000    3    2.000   1.0000     pseudoRep
152.0000    1    2.000   1.0000       realRep
154.0000    3    2.000   1.0000     pseudoRep
156.0000    0    2.000   1.0000          NULL 
158.0000    4    2.000   1.0000     pseudoNov
160.0000    1    2.000   1.0000       realRep
162.0000    0    2.000   1.0000          NULL 
164.0000    3    2.000   1.0000     pseudoRep
166.0000    0    2.000   1.0000          NULL 
168.0000    1    2.000   1.0000       realRep
170.0000    4    2.000   1.0000     pseudoNov
172.0000    2    2.000   1.0000       realNov
174.0000    1    2.000   1.0000       realRep
176.0000    1    2.000   1.0000       realRep
178.0000    3    2.000   1.0000     pseudoRep
180.0000    3    2.000   1.0000     pseudoRep
182.0000    2    2.000   1.0000       realNov
184.0000    3    2.000   1.0000     pseudoRep
186.0000    2    2.000   1.0000       realNov
188.0000    0    2.000   1.0000          NULL 
190.0000    1    2.000   1.0000       realRep
192.0000    0    4.000   1.0000          NULL 
196.0000    2    2.000   1.0000       realNov
198.0000    3    2.000   1.0000     pseudoRep
200.0000    0    2.000   1.0000          NULL 
202.0000    1    2.000   1.0000       realRep
204.0000    1    2.000   1.0000       realRep
206.0000    3    2.000   1.0000     pseudoRep
208.0000    0    2.000   1.0000          NULL 
210.0000    1    2.000   1.0000       realRep
212.0000    1    2.000   1.0000       realRep
214.0000    0    2.000   1.0000          NULL 
216.0000    1    2.000   1.0000       realRep
218.0000    0    2.000   1.0000          NULL 
220.0000    2    2.000   1.0000       realNov
222.0000    3    2.000   1.0000     pseudoRep
224.0000    2    2.000   1.0000       realNov
226.0000    4    2.000   1.0000     pseudoNov
228.0000    2    2.000   1.0000       realNov
230.0000    1    2.000   1.0000       realRep
232.0000    2    2.000   1.0000       realNov
234.0000    4    2.000   1.0000     pseudoNov
236.0000    1    2.000   1.0000       realRep
238.0000    1    2.000   1.0000       realRep
240.0000    0    2.000   1.0000          NULL 
242.0000    3    2.000   1.0000     pseudoRep
244.0000    2    2.000   1.0000       realNov
246.0000    4    2.000   1.0000     pseudoNov
248.0000    4    2.000   1.0000     pseudoNov
250.0000    0    4.000   1.0000          NULL 
254.0000    3    2.000   1.0000     pseudoRep
256.0000    4    2.000   1.0000     pseudoNov
258.0000    4    2.000   1.0000     pseudoNov
260.0000    4    2.000   1.0000     pseudoNov
262.0000    3    2.000   1.0000     pseudoRep
264.0000    1    2.000   1.0000       realRep
266.0000    4    2.000   1.0000     pseudoNov
268.0000    0    2.000   1.0000          NULL 
270.0000    4    2.000   1.0000     pseudoNov
272.0000    1    2.000   1.0000       realRep
274.0000    2    2.000   1.0000       realNov
276.0000    2    2.000   1.0000       realNov
278.0000    3    2.000   1.0000     pseudoRep
280.0000    4    2.000   1.0000     pseudoNov
282.0000    0    2.000   1.0000          NULL 
284.0000    3    2.000   1.0000     pseudoRep
286.0000    2    2.000   1.0000       realNov
288.0000    2    2.000   1.0000       realNov
290.0000    3    2.000   1.0000     pseudoRep
292.0000    1    2.000   1.0000       realRep
294.0000    4    2.000   1.0000     pseudoNov
296.0000    4    2.000   1.0000     pseudoNov
298.0000    0    4.000   1.0000          NULL 
302.0000    2    2.000   1.0000       realNov
304.0000    4    2.000   1.0000     pseudoNov
306.0000    3    2.000   1.0000     pseudoRep
308.0000    3    2.000   1.0000     pseudoRep
310.0000    0    2.000   1.0000          NULL 
312.0000    1    2.000   1.0000       realRep
314.0000    0    2.000   1.0000          NULL 
316.0000    1    2.000   1.0000       realRep
318.0000    4    2.000   1.0000     pseudoNov
320.0000    0    2.000   1.0000          NULL 
322.0000    4    2.000   1.0000     pseudoNov
324.0000    1    2.000   1.0000       realRep
326.0000    4    2.000   1.0000     pseudoNov
328.0000    2    2.000   1.0000       realNov
330.0000    1    2.000   1.0000       realRep
332.0000    3    2.000   1.0000     pseudoRep
334.0000    4    2.000   1.0000     pseudoNov
336.0000    2    2.000   1.0000       realNov
338.0000    4    2.000   1.0000     pseudoNov
340.0000    2    2.000   1.0000       realNov
342.0000    0    2.000   1.0000          NULL 
344.0000    3    2.000   1.0000     pseudoRep
346.0000    2    2.000   1.0000       realNov
348.0000    4    2.000   1.0000     pseudoNov
350.0000    2    2.000   1.0000       realNov
352.0000    2    2.000   1.0000       realNov
354.0000    0    2.000   1.0000          NULL 
356.0000    4    2.000   1.0000     pseudoNov
358.0000    4    2.000   1.0000     pseudoNov
360.0000    2    2.000   1.0000       realNov
362.0000    2    2.000   1.0000       realNov
364.0000    3    2.000   1.0000     pseudoRep
366.0000    4    2.000   1.0000     pseudoNov
368.0000    0    4.000   1.0000          NULL 
372.0000    3    2.000   1.0000     pseudoRep
374.0000    0    2.000   1.0000          NULL 
376.0000    3    2.000   1.0000     pseudoRep
378.0000    4    2.000   1.0000     pseudoNov
380.0000    1    2.000   1.0000       realRep
382.0000    3    2.000   1.0000     pseudoRep
384.0000    4    2.000   1.0000     pseudoNov
386.0000    0    2.000   1.0000          NULL 
388.0000    4    2.000   1.0000     pseudoNov
390.0000    4    2.000   1.0000     pseudoNov
392.0000    3    2.000   1.0000     pseudoRep
394.0000    0    4.000   1.0000          NULL 
398.0000    1    2.000   1.0000       realRep
