  0.0000    4    2.000   1.0000     pseudoNov
  2.0000    3    2.000   1.0000     pseudoRep
  4.0000    3    2.000   1.0000     pseudoRep
  6.0000    0    2.000   1.0000          NULL 
  8.0000    3    2.000   1.0000     pseudoRep
 10.0000    3    2.000   1.0000     pseudoRep
 12.0000    4    2.000   1.0000     pseudoNov
 14.0000    0    2.000   1.0000          NULL 
 16.0000    4    2.000   1.0000     pseudoNov
 18.0000    0    2.000   1.0000          NULL 
 20.0000    3    2.000   1.0000     pseudoRep
 22.0000    2    2.000   1.0000       realNov
 24.0000    2    2.000   1.0000       realNov
 26.0000    4    2.000   1.0000     pseudoNov
 28.0000    2    2.000   1.0000       realNov
 30.0000    2    2.000   1.0000       realNov
 32.0000    4    2.000   1.0000     pseudoNov
 34.0000    0    2.000   1.0000          NULL 
 36.0000    4    2.000   1.0000     pseudoNov
 38.0000    1    2.000   1.0000       realRep
 40.0000    4    2.000   1.0000     pseudoNov
 42.0000    4    2.000   1.0000     pseudoNov
 44.0000    3    2.000   1.0000     pseudoRep
 46.0000    2    2.000   1.0000       realNov
 48.0000    2    2.000   1.0000       realNov
 50.0000    4    2.000   1.0000     pseudoNov
 52.0000    0    2.000   1.0000          NULL 
 54.0000    2    2.000   1.0000       realNov
 56.0000    4    2.000   1.0000     pseudoNov
 58.0000    3    2.000   1.0000     pseudoRep
 60.0000    1    2.000   1.0000       realRep
 62.0000    3    2.000   1.0000     pseudoRep
 64.0000    2    2.000   1.0000       realNov
 66.0000    2    2.000   1.0000       realNov
 68.0000    0    2.000   1.0000          NULL 
 70.0000    2    2.000   1.0000       realNov
 72.0000    0    2.000   1.0000          NULL 
 74.0000    3    2.000   1.0000     pseudoRep
 76.0000    1    2.000   1.0000       realRep
 78.0000    3    2.000   1.0000     pseudoRep
 80.0000    0    2.000   1.0000          NULL 
 82.0000    2    2.000   1.0000       realNov
 84.0000    2    2.000   1.0000       realNov
 86.0000    1    2.000   1.0000       realRep
 88.0000    1    2.000   1.0000       realRep
 90.0000    1    2.000   1.0000       realRep
 92.0000    3    2.000   1.0000     pseudoRep
 94.0000    4    2.000   1.0000     pseudoNov
 96.0000    4    2.000   1.0000     pseudoNov
 98.0000    2    2.000   1.0000       realNov
100.0000    1    2.000   1.0000       realRep
102.0000    0    2.000   1.0000          NULL 
104.0000    1    2.000   1.0000       realRep
106.0000    4    2.000   1.0000     pseudoNov
108.0000    1    2.000   1.0000       realRep
110.0000    2    2.000   1.0000       realNov
112.0000    4    2.000   1.0000     pseudoNov
114.0000    1    2.000   1.0000       realRep
116.0000    2    2.000   1.0000       realNov
118.0000    4    2.000   1.0000     pseudoNov
120.0000    2    2.000   1.0000       realNov
122.0000    1    2.000   1.0000       realRep
124.0000    4    2.000   1.0000     pseudoNov
126.0000    3    2.000   1.0000     pseudoRep
128.0000    0    4.000   1.0000          NULL 
132.0000    3    2.000   1.0000     pseudoRep
134.0000    2    2.000   1.0000       realNov
136.0000    2    2.000   1.0000       realNov
138.0000    3    2.000   1.0000     pseudoRep
140.0000    4    2.000   1.0000     pseudoNov
142.0000    1    2.000   1.0000       realRep
144.0000    0    2.000   1.0000          NULL 
146.0000    4    2.000   1.0000     pseudoNov
148.0000    0    4.000   1.0000          NULL 
152.0000    2    2.000   1.0000       realNov
154.0000    2    2.000   1.0000       realNov
156.0000    4    2.000   1.0000     pseudoNov
158.0000    3    2.000   1.0000     pseudoRep
160.0000    1    2.000   1.0000       realRep
162.0000    3    2.000   1.0000     pseudoRep
164.0000    1    2.000   1.0000       realRep
166.0000    1    2.000   1.0000       realRep
168.0000    0    2.000   1.0000          NULL 
170.0000    4    2.000   1.0000     pseudoNov
172.0000    1    2.000   1.0000       realRep
174.0000    1    2.000   1.0000       realRep
176.0000    0    2.000   1.0000          NULL 
178.0000    1    2.000   1.0000       realRep
180.0000    3    2.000   1.0000     pseudoRep
182.0000    0    2.000   1.0000          NULL 
184.0000    3    2.000   1.0000     pseudoRep
186.0000    1    2.000   1.0000       realRep
188.0000    0    2.000   1.0000          NULL 
190.0000    4    2.000   1.0000     pseudoNov
192.0000    4    2.000   1.0000     pseudoNov
194.0000    1    2.000   1.0000       realRep
196.0000    1    2.000   1.0000       realRep
198.0000    1    2.000   1.0000       realRep
200.0000    3    2.000   1.0000     pseudoRep
202.0000    2    2.000   1.0000       realNov
204.0000    0    2.000   1.0000          NULL 
206.0000    3    2.000   1.0000     pseudoRep
208.0000    0    2.000   1.0000          NULL 
210.0000    4    2.000   1.0000     pseudoNov
212.0000    1    2.000   1.0000       realRep
214.0000    1    2.000   1.0000       realRep
216.0000    4    2.000   1.0000     pseudoNov
218.0000    0    2.000   1.0000          NULL 
220.0000    1    2.000   1.0000       realRep
222.0000    3    2.000   1.0000     pseudoRep
224.0000    4    2.000   1.0000     pseudoNov
226.0000    2    2.000   1.0000       realNov
228.0000    4    2.000   1.0000     pseudoNov
230.0000    3    2.000   1.0000     pseudoRep
232.0000    0    2.000   1.0000          NULL 
234.0000    2    2.000   1.0000       realNov
236.0000    0    2.000   1.0000          NULL 
238.0000    2    2.000   1.0000       realNov
240.0000    3    2.000   1.0000     pseudoRep
242.0000    3    2.000   1.0000     pseudoRep
244.0000    4    2.000   1.0000     pseudoNov
246.0000    0    4.000   1.0000          NULL 
250.0000    3    2.000   1.0000     pseudoRep
252.0000    2    2.000   1.0000       realNov
254.0000    4    2.000   1.0000     pseudoNov
256.0000    1    2.000   1.0000       realRep
258.0000    0    2.000   1.0000          NULL 
260.0000    4    2.000   1.0000     pseudoNov
262.0000    4    2.000   1.0000     pseudoNov
264.0000    0    2.000   1.0000          NULL 
266.0000    3    2.000   1.0000     pseudoRep
268.0000    3    2.000   1.0000     pseudoRep
270.0000    0    2.000   1.0000          NULL 
272.0000    1    2.000   1.0000       realRep
274.0000    1    2.000   1.0000       realRep
276.0000    0    2.000   1.0000          NULL 
278.0000    3    2.000   1.0000     pseudoRep
280.0000    1    2.000   1.0000       realRep
282.0000    2    2.000   1.0000       realNov
284.0000    1    2.000   1.0000       realRep
286.0000    1    2.000   1.0000       realRep
288.0000    0    2.000   1.0000          NULL 
290.0000    2    2.000   1.0000       realNov
292.0000    3    2.000   1.0000     pseudoRep
294.0000    0    4.000   1.0000          NULL 
298.0000    2    2.000   1.0000       realNov
300.0000    4    2.000   1.0000     pseudoNov
302.0000    2    2.000   1.0000       realNov
304.0000    4    2.000   1.0000     pseudoNov
306.0000    0    2.000   1.0000          NULL 
308.0000    2    2.000   1.0000       realNov
310.0000    0    2.000   1.0000          NULL 
312.0000    2    2.000   1.0000       realNov
314.0000    2    2.000   1.0000       realNov
316.0000    3    2.000   1.0000     pseudoRep
318.0000    3    2.000   1.0000     pseudoRep
320.0000    0    2.000   1.0000          NULL 
322.0000    1    2.000   1.0000       realRep
324.0000    3    2.000   1.0000     pseudoRep
326.0000    2    2.000   1.0000       realNov
328.0000    1    2.000   1.0000       realRep
330.0000    0    2.000   1.0000          NULL 
332.0000    2    2.000   1.0000       realNov
334.0000    1    2.000   1.0000       realRep
336.0000    0    2.000   1.0000          NULL 
338.0000    1    2.000   1.0000       realRep
340.0000    2    2.000   1.0000       realNov
342.0000    3    2.000   1.0000     pseudoRep
344.0000    2    2.000   1.0000       realNov
346.0000    4    2.000   1.0000     pseudoNov
348.0000    1    2.000   1.0000       realRep
350.0000    2    2.000   1.0000       realNov
352.0000    3    2.000   1.0000     pseudoRep
354.0000    3    2.000   1.0000     pseudoRep
356.0000    4    2.000   1.0000     pseudoNov
358.0000    3    2.000   1.0000     pseudoRep
360.0000    0    2.000   1.0000          NULL 
362.0000    2    2.000   1.0000       realNov
364.0000    0    2.000   1.0000          NULL 
366.0000    4    2.000   1.0000     pseudoNov
368.0000    4    2.000   1.0000     pseudoNov
370.0000    3    2.000   1.0000     pseudoRep
372.0000    1    2.000   1.0000       realRep
374.0000    2    2.000   1.0000       realNov
376.0000    3    2.000   1.0000     pseudoRep
378.0000    4    2.000   1.0000     pseudoNov
380.0000    4    2.000   1.0000     pseudoNov
382.0000    3    2.000   1.0000     pseudoRep
384.0000    0    2.000   1.0000          NULL 
386.0000    4    2.000   1.0000     pseudoNov
388.0000    1    2.000   1.0000       realRep
390.0000    4    2.000   1.0000     pseudoNov
392.0000    1    2.000   1.0000       realRep
394.0000    3    2.000   1.0000     pseudoRep
396.0000    2    2.000   1.0000       realNov
398.0000    1    2.000   1.0000       realRep
