  0.0000    2    2.000   1.0000       realNov
  2.0000    4    2.000   1.0000     pseudoNov
  4.0000    0    2.000   1.0000          NULL 
  6.0000    2    2.000   1.0000       realNov
  8.0000    1    2.000   1.0000       realRep
 10.0000    2    2.000   1.0000       realNov
 12.0000    1    2.000   1.0000       realRep
 14.0000    1    2.000   1.0000       realRep
 16.0000    2    2.000   1.0000       realNov
 18.0000    2    2.000   1.0000       realNov
 20.0000    4    2.000   1.0000     pseudoNov
 22.0000    1    2.000   1.0000       realRep
 24.0000    0    2.000   1.0000          NULL 
 26.0000    3    2.000   1.0000     pseudoRep
 28.0000    2    2.000   1.0000       realNov
 30.0000    0    2.000   1.0000          NULL 
 32.0000    4    2.000   1.0000     pseudoNov
 34.0000    3    2.000   1.0000     pseudoRep
 36.0000    1    2.000   1.0000       realRep
 38.0000    3    2.000   1.0000     pseudoRep
 40.0000    2    2.000   1.0000       realNov
 42.0000    1    2.000   1.0000       realRep
 44.0000    0    2.000   1.0000          NULL 
 46.0000    3    2.000   1.0000     pseudoRep
 48.0000    1    2.000   1.0000       realRep
 50.0000    2    2.000   1.0000       realNov
 52.0000    4    2.000   1.0000     pseudoNov
 54.0000    2    2.000   1.0000       realNov
 56.0000    4    2.000   1.0000     pseudoNov
 58.0000    1    2.000   1.0000       realRep
 60.0000    0    2.000   1.0000          NULL 
 62.0000    3    2.000   1.0000     pseudoRep
 64.0000    4    2.000   1.0000     pseudoNov
 66.0000    2    2.000   1.0000       realNov
 68.0000    3    2.000   1.0000     pseudoRep
 70.0000    3    2.000   1.0000     pseudoRep
 72.0000    4    2.000   1.0000     pseudoNov
 74.0000    3    2.000   1.0000     pseudoRep
 76.0000    2    2.000   1.0000       realNov
 78.0000    4    2.000   1.0000     pseudoNov
 80.0000    2    2.000   1.0000       realNov
 82.0000    4    2.000   1.0000     pseudoNov
 84.0000    0    2.000   1.0000          NULL 
 86.0000    3    2.000   1.0000     pseudoRep
 88.0000    3    2.000   1.0000     pseudoRep
 90.0000    3    2.000   1.0000     pseudoRep
 92.0000    0    2.000   1.0000          NULL 
 94.0000    3    2.000   1.0000     pseudoRep
 96.0000    2    2.000   1.0000       realNov
 98.0000    3    2.000   1.0000     pseudoRep
100.0000    4    2.000   1.0000     pseudoNov
102.0000    0    2.000   1.0000          NULL 
104.0000    1    2.000   1.0000       realRep
106.0000    3    2.000   1.0000     pseudoRep
108.0000    4    2.000   1.0000     pseudoNov
110.0000    4    2.000   1.0000     pseudoNov
112.0000    4    2.000   1.0000     pseudoNov
114.0000    0    2.000   1.0000          NULL 
116.0000    2    2.000   1.0000       realNov
118.0000    1    2.000   1.0000       realRep
120.0000    1    2.000   1.0000       realRep
122.0000    1    2.000   1.0000       realRep
124.0000    4    2.000   1.0000     pseudoNov
126.0000    3    2.000   1.0000     pseudoRep
128.0000    2    2.000   1.0000       realNov
130.0000    2    2.000   1.0000       realNov
132.0000    0    2.000   1.0000          NULL 
134.0000    2    2.000   1.0000       realNov
136.0000    4    2.000   1.0000     pseudoNov
138.0000    4    2.000   1.0000     pseudoNov
140.0000    1    2.000   1.0000       realRep
142.0000    2    2.000   1.0000       realNov
144.0000    0    2.000   1.0000          NULL 
146.0000    1    2.000   1.0000       realRep
148.0000    2    2.000   1.0000       realNov
150.0000    3    2.000   1.0000     pseudoRep
152.0000    1    2.000   1.0000       realRep
154.0000    1    2.000   1.0000       realRep
156.0000    2    2.000   1.0000       realNov
158.0000    0    2.000   1.0000          NULL 
160.0000    3    2.000   1.0000     pseudoRep
162.0000    1    2.000   1.0000       realRep
164.0000    4    2.000   1.0000     pseudoNov
166.0000    4    2.000   1.0000     pseudoNov
168.0000    1    2.000   1.0000       realRep
170.0000    0    2.000   1.0000          NULL 
172.0000    1    2.000   1.0000       realRep
174.0000    3    2.000   1.0000     pseudoRep
176.0000    1    2.000   1.0000       realRep
178.0000    3    2.000   1.0000     pseudoRep
180.0000    0    2.000   1.0000          NULL 
182.0000    2    2.000   1.0000       realNov
184.0000    3    2.000   1.0000     pseudoRep
186.0000    0    2.000   1.0000          NULL 
188.0000    2    2.000   1.0000       realNov
190.0000    2    2.000   1.0000       realNov
192.0000    0    2.000   1.0000          NULL 
194.0000    3    2.000   1.0000     pseudoRep
196.0000    2    2.000   1.0000       realNov
198.0000    2    2.000   1.0000       realNov
200.0000    3    2.000   1.0000     pseudoRep
202.0000    1    2.000   1.0000       realRep
204.0000    3    2.000   1.0000     pseudoRep
206.0000    1    2.000   1.0000       realRep
208.0000    1    2.000   1.0000       realRep
210.0000    2    2.000   1.0000       realNov
212.0000    2    2.000   1.0000       realNov
214.0000    4    2.000   1.0000     pseudoNov
216.0000    3    2.000   1.0000     pseudoRep
218.0000    2    2.000   1.0000       realNov
220.0000    0    2.000   1.0000          NULL 
222.0000    4    2.000   1.0000     pseudoNov
224.0000    4    2.000   1.0000     pseudoNov
226.0000    0    2.000   1.0000          NULL 
228.0000    1    2.000   1.0000       realRep
230.0000    2    2.000   1.0000       realNov
232.0000    3    2.000   1.0000     pseudoRep
234.0000    0    2.000   1.0000          NULL 
236.0000    1    2.000   1.0000       realRep
238.0000    0    2.000   1.0000          NULL 
240.0000    4    2.000   1.0000     pseudoNov
242.0000    3    2.000   1.0000     pseudoRep
244.0000    3    2.000   1.0000     pseudoRep
246.0000    4    2.000   1.0000     pseudoNov
248.0000    0    2.000   1.0000          NULL 
250.0000    2    2.000   1.0000       realNov
252.0000    3    2.000   1.0000     pseudoRep
254.0000    4    2.000   1.0000     pseudoNov
256.0000    2    2.000   1.0000       realNov
258.0000    4    2.000   1.0000     pseudoNov
260.0000    0    2.000   1.0000          NULL 
262.0000    3    2.000   1.0000     pseudoRep
264.0000    1    2.000   1.0000       realRep
266.0000    4    2.000   1.0000     pseudoNov
268.0000    2    2.000   1.0000       realNov
270.0000    2    2.000   1.0000       realNov
272.0000    3    2.000   1.0000     pseudoRep
274.0000    0    2.000   1.0000          NULL 
276.0000    2    2.000   1.0000       realNov
278.0000    2    2.000   1.0000       realNov
280.0000    3    2.000   1.0000     pseudoRep
282.0000    0    2.000   1.0000          NULL 
284.0000    2    2.000   1.0000       realNov
286.0000    4    2.000   1.0000     pseudoNov
288.0000    1    2.000   1.0000       realRep
290.0000    3    2.000   1.0000     pseudoRep
292.0000    4    2.000   1.0000     pseudoNov
294.0000    2    2.000   1.0000       realNov
296.0000    4    2.000   1.0000     pseudoNov
298.0000    1    2.000   1.0000       realRep
300.0000    0    4.000   1.0000          NULL 
304.0000    4    2.000   1.0000     pseudoNov
306.0000    1    2.000   1.0000       realRep
308.0000    4    2.000   1.0000     pseudoNov
310.0000    0    2.000   1.0000          NULL 
312.0000    1    2.000   1.0000       realRep
314.0000    3    2.000   1.0000     pseudoRep
316.0000    4    2.000   1.0000     pseudoNov
318.0000    4    2.000   1.0000     pseudoNov
320.0000    4    2.000   1.0000     pseudoNov
322.0000    3    2.000   1.0000     pseudoRep
324.0000    1    2.000   1.0000       realRep
326.0000    0    2.000   1.0000          NULL 
328.0000    3    2.000   1.0000     pseudoRep
330.0000    1    2.000   1.0000       realRep
332.0000    2    2.000   1.0000       realNov
334.0000    0    2.000   1.0000          NULL 
336.0000    1    2.000   1.0000       realRep
338.0000    1    2.000   1.0000       realRep
340.0000    3    2.000   1.0000     pseudoRep
342.0000    0    2.000   1.0000          NULL 
344.0000    1    2.000   1.0000       realRep
346.0000    4    2.000   1.0000     pseudoNov
348.0000    1    2.000   1.0000       realRep
350.0000    0    8.000   1.0000          NULL 
358.0000    1    2.000   1.0000       realRep
360.0000    4    2.000   1.0000     pseudoNov
362.0000    3    2.000   1.0000     pseudoRep
364.0000    4    2.000   1.0000     pseudoNov
366.0000    0    2.000   1.0000          NULL 
368.0000    4    2.000   1.0000     pseudoNov
370.0000    2    2.000   1.0000       realNov
372.0000    1    2.000   1.0000       realRep
374.0000    3    2.000   1.0000     pseudoRep
376.0000    0    6.000   1.0000          NULL 
382.0000    4    2.000   1.0000     pseudoNov
384.0000    0    2.000   1.0000          NULL 
386.0000    2    2.000   1.0000       realNov
388.0000    1    2.000   1.0000       realRep
390.0000    3    2.000   1.0000     pseudoRep
392.0000    1    2.000   1.0000       realRep
394.0000    4    2.000   1.0000     pseudoNov
396.0000    3    2.000   1.0000     pseudoRep
398.0000    0    2.000   1.0000          NULL 
