  0.0000    4    2.000   1.0000     pseudoNov
  2.0000    1    2.000   1.0000       realRep
  4.0000    1    2.000   1.0000       realRep
  6.0000    3    2.000   1.0000     pseudoRep
  8.0000    3    2.000   1.0000     pseudoRep
 10.0000    4    2.000   1.0000     pseudoNov
 12.0000    3    2.000   1.0000     pseudoRep
 14.0000    2    2.000   1.0000       realNov
 16.0000    0    2.000   1.0000          NULL 
 18.0000    2    2.000   1.0000       realNov
 20.0000    2    2.000   1.0000       realNov
 22.0000    3    2.000   1.0000     pseudoRep
 24.0000    2    2.000   1.0000       realNov
 26.0000    3    2.000   1.0000     pseudoRep
 28.0000    0    2.000   1.0000          NULL 
 30.0000    2    2.000   1.0000       realNov
 32.0000    2    2.000   1.0000       realNov
 34.0000    1    2.000   1.0000       realRep
 36.0000    3    2.000   1.0000     pseudoRep
 38.0000    3    2.000   1.0000     pseudoRep
 40.0000    0    6.000   1.0000          NULL 
 46.0000    1    2.000   1.0000       realRep
 48.0000    2    2.000   1.0000       realNov
 50.0000    2    2.000   1.0000       realNov
 52.0000    3    2.000   1.0000     pseudoRep
 54.0000    0    2.000   1.0000          NULL 
 56.0000    2    2.000   1.0000       realNov
 58.0000    4    2.000   1.0000     pseudoNov
 60.0000    3    2.000   1.0000     pseudoRep
 62.0000    2    2.000   1.0000       realNov
 64.0000    0    2.000   1.0000          NULL 
 66.0000    4    2.000   1.0000     pseudoNov
 68.0000    2    2.000   1.0000       realNov
 70.0000    0    2.000   1.0000          NULL 
 72.0000    4    2.000   1.0000     pseudoNov
 74.0000    1    2.000   1.0000       realRep
 76.0000    1    2.000   1.0000       realRep
 78.0000    4    2.000   1.0000     pseudoNov
 80.0000    1    2.000   1.0000       realRep
 82.0000    3    2.000   1.0000     pseudoRep
 84.0000    2    2.000   1.0000       realNov
 86.0000    1    2.000   1.0000       realRep
 88.0000    2    2.000   1.0000       realNov
 90.0000    4    2.000   1.0000     pseudoNov
 92.0000    2    2.000   1.0000       realNov
 94.0000    2    2.000   1.0000       realNov
 96.0000    1    2.000   1.0000       realRep
 98.0000    2    2.000   1.0000       realNov
100.0000    0    2.000   1.0000          NULL 
102.0000    1    2.000   1.0000       realRep
104.0000    0    2.000   1.0000          NULL 
106.0000    1    2.000   1.0000       realRep
108.0000    0    2.000   1.0000          NULL 
110.0000    1    2.000   1.0000       realRep
112.0000    3    2.000   1.0000     pseudoRep
114.0000    4    2.000   1.0000     pseudoNov
116.0000    4    2.000   1.0000     pseudoNov
118.0000    3    2.000   1.0000     pseudoRep
120.0000    0    2.000   1.0000          NULL 
122.0000    4    2.000   1.0000     pseudoNov
124.0000    4    2.000   1.0000     pseudoNov
126.0000    3    2.000   1.0000     pseudoRep
128.0000    2    2.000   1.0000       realNov
130.0000    4    2.000   1.0000     pseudoNov
132.0000    0    2.000   1.0000          NULL 
134.0000    2    2.000   1.0000       realNov
136.0000    2    2.000   1.0000       realNov
138.0000    2    2.000   1.0000       realNov
140.0000    1    2.000   1.0000       realRep
142.0000    3    2.000   1.0000     pseudoRep
144.0000    1    2.000   1.0000       realRep
146.0000    0    4.000   1.0000          NULL 
150.0000    4    2.000   1.0000     pseudoNov
152.0000    1    2.000   1.0000       realRep
154.0000    2    2.000   1.0000       realNov
156.0000    4    2.000   1.0000     pseudoNov
158.0000    4    2.000   1.0000     pseudoNov
160.0000    4    2.000   1.0000     pseudoNov
162.0000    0    2.000   1.0000          NULL 
164.0000    4    2.000   1.0000     pseudoNov
166.0000    0    2.000   1.0000          NULL 
168.0000    2    2.000   1.0000       realNov
170.0000    2    2.000   1.0000       realNov
172.0000    4    2.000   1.0000     pseudoNov
174.0000    3    2.000   1.0000     pseudoRep
176.0000    3    2.000   1.0000     pseudoRep
178.0000    1    2.000   1.0000       realRep
180.0000    1    2.000   1.0000       realRep
182.0000    0    2.000   1.0000          NULL 
184.0000    3    2.000   1.0000     pseudoRep
186.0000    2    2.000   1.0000       realNov
188.0000    3    2.000   1.0000     pseudoRep
190.0000    2    2.000   1.0000       realNov
192.0000    1    2.000   1.0000       realRep
194.0000    0    4.000   1.0000          NULL 
198.0000    3    2.000   1.0000     pseudoRep
200.0000    4    2.000   1.0000     pseudoNov
202.0000    2    2.000   1.0000       realNov
204.0000    0    2.000   1.0000          NULL 
206.0000    1    2.000   1.0000       realRep
208.0000    1    2.000   1.0000       realRep
210.0000    4    2.000   1.0000     pseudoNov
212.0000    4    2.000   1.0000     pseudoNov
214.0000    0    2.000   1.0000          NULL 
216.0000    4    2.000   1.0000     pseudoNov
218.0000    4    2.000   1.0000     pseudoNov
220.0000    3    2.000   1.0000     pseudoRep
222.0000    4    2.000   1.0000     pseudoNov
224.0000    2    2.000   1.0000       realNov
226.0000    0    2.000   1.0000          NULL 
228.0000    4    2.000   1.0000     pseudoNov
230.0000    0    4.000   1.0000          NULL 
234.0000    1    2.000   1.0000       realRep
236.0000    2    2.000   1.0000       realNov
238.0000    2    2.000   1.0000       realNov
240.0000    3    2.000   1.0000     pseudoRep
242.0000    3    2.000   1.0000     pseudoRep
244.0000    0    2.000   1.0000          NULL 
246.0000    3    2.000   1.0000     pseudoRep
248.0000    3    2.000   1.0000     pseudoRep
250.0000    3    2.000   1.0000     pseudoRep
252.0000    1    2.000   1.0000       realRep
254.0000    0    2.000   1.0000          NULL 
256.0000    4    2.000   1.0000     pseudoNov
258.0000    1    2.000   1.0000       realRep
260.0000    3    2.000   1.0000     pseudoRep
262.0000    4    2.000   1.0000     pseudoNov
264.0000    3    2.000   1.0000     pseudoRep
266.0000    3    2.000   1.0000     pseudoRep
268.0000    0    2.000   1.0000          NULL 
270.0000    1    2.000   1.0000       realRep
272.0000    4    2.000   1.0000     pseudoNov
274.0000    0    6.000   1.0000          NULL 
280.0000    3    2.000   1.0000     pseudoRep
282.0000    3    2.000   1.0000     pseudoRep
284.0000    2    2.000   1.0000       realNov
286.0000    4    2.000   1.0000     pseudoNov
288.0000    2    2.000   1.0000       realNov
290.0000    2    2.000   1.0000       realNov
292.0000    2    2.000   1.0000       realNov
294.0000    0    2.000   1.0000          NULL 
296.0000    4    2.000   1.0000     pseudoNov
298.0000    4    2.000   1.0000     pseudoNov
300.0000    4    2.000   1.0000     pseudoNov
302.0000    1    2.000   1.0000       realRep
304.0000    1    2.000   1.0000       realRep
306.0000    2    2.000   1.0000       realNov
308.0000    1    2.000   1.0000       realRep
310.0000    0    2.000   1.0000          NULL 
312.0000    2    2.000   1.0000       realNov
314.0000    1    2.000   1.0000       realRep
316.0000    4    2.000   1.0000     pseudoNov
318.0000    3    2.000   1.0000     pseudoRep
320.0000    0    4.000   1.0000          NULL 
324.0000    3    2.000   1.0000     pseudoRep
326.0000    3    2.000   1.0000     pseudoRep
328.0000    2    2.000   1.0000       realNov
330.0000    4    2.000   1.0000     pseudoNov
332.0000    1    2.000   1.0000       realRep
334.0000    1    2.000   1.0000       realRep
336.0000    4    2.000   1.0000     pseudoNov
338.0000    3    2.000   1.0000     pseudoRep
340.0000    1    2.000   1.0000       realRep
342.0000    0    4.000   1.0000          NULL 
346.0000    4    2.000   1.0000     pseudoNov
348.0000    3    2.000   1.0000     pseudoRep
350.0000    1    2.000   1.0000       realRep
352.0000    4    2.000   1.0000     pseudoNov
354.0000    1    2.000   1.0000       realRep
356.0000    4    2.000   1.0000     pseudoNov
358.0000    1    2.000   1.0000       realRep
360.0000    1    2.000   1.0000       realRep
362.0000    3    2.000   1.0000     pseudoRep
364.0000    3    2.000   1.0000     pseudoRep
366.0000    0    2.000   1.0000          NULL 
368.0000    2    2.000   1.0000       realNov
370.0000    3    2.000   1.0000     pseudoRep
372.0000    4    2.000   1.0000     pseudoNov
374.0000    4    2.000   1.0000     pseudoNov
376.0000    0    4.000   1.0000          NULL 
380.0000    1    2.000   1.0000       realRep
382.0000    3    2.000   1.0000     pseudoRep
384.0000    1    2.000   1.0000       realRep
386.0000    2    2.000   1.0000       realNov
388.0000    2    2.000   1.0000       realNov
390.0000    1    2.000   1.0000       realRep
392.0000    1    2.000   1.0000       realRep
394.0000    3    2.000   1.0000     pseudoRep
396.0000    2    2.000   1.0000       realNov
398.0000    1    2.000   1.0000       realRep
