  0.0000    4    2.000   1.0000     pseudoNov
  2.0000    3    2.000   1.0000     pseudoRep
  4.0000    1    2.000   1.0000       realRep
  6.0000    4    2.000   1.0000     pseudoNov
  8.0000    4    2.000   1.0000     pseudoNov
 10.0000    2    2.000   1.0000       realNov
 12.0000    4    2.000   1.0000     pseudoNov
 14.0000    0    2.000   1.0000          NULL 
 16.0000    3    2.000   1.0000     pseudoRep
 18.0000    3    2.000   1.0000     pseudoRep
 20.0000    1    2.000   1.0000       realRep
 22.0000    4    2.000   1.0000     pseudoNov
 24.0000    3    2.000   1.0000     pseudoRep
 26.0000    3    2.000   1.0000     pseudoRep
 28.0000    3    2.000   1.0000     pseudoRep
 30.0000    2    2.000   1.0000       realNov
 32.0000    2    2.000   1.0000       realNov
 34.0000    2    2.000   1.0000       realNov
 36.0000    3    2.000   1.0000     pseudoRep
 38.0000    2    2.000   1.0000       realNov
 40.0000    4    2.000   1.0000     pseudoNov
 42.0000    3    2.000   1.0000     pseudoRep
 44.0000    2    2.000   1.0000       realNov
 46.0000    0    4.000   1.0000          NULL 
 50.0000    1    2.000   1.0000       realRep
 52.0000    4    2.000   1.0000     pseudoNov
 54.0000    0    2.000   1.0000          NULL 
 56.0000    4    2.000   1.0000     pseudoNov
 58.0000    0    2.000   1.0000          NULL 
 60.0000    2    2.000   1.0000       realNov
 62.0000    2    2.000   1.0000       realNov
 64.0000    4    2.000   1.0000     pseudoNov
 66.0000    4    2.000   1.0000     pseudoNov
 68.0000    1    2.000   1.0000       realRep
 70.0000    2    2.000   1.0000       realNov
 72.0000    1    2.000   1.0000       realRep
 74.0000    0    4.000   1.0000          NULL 
 78.0000    4    2.000   1.0000     pseudoNov
 80.0000    2    2.000   1.0000       realNov
 82.0000    1    2.000   1.0000       realRep
 84.0000    3    2.000   1.0000     pseudoRep
 86.0000    4    2.000   1.0000     pseudoNov
 88.0000    1    2.000   1.0000       realRep
 90.0000    0    2.000   1.0000          NULL 
 92.0000    2    2.000   1.0000       realNov
 94.0000    2    2.000   1.0000       realNov
 96.0000    0    2.000   1.0000          NULL 
 98.0000    2    2.000   1.0000       realNov
100.0000    2    2.000   1.0000       realNov
102.0000    1    2.000   1.0000       realRep
104.0000    3    2.000   1.0000     pseudoRep
106.0000    0    2.000   1.0000          NULL 
108.0000    4    2.000   1.0000     pseudoNov
110.0000    4    2.000   1.0000     pseudoNov
112.0000    3    2.000   1.0000     pseudoRep
114.0000    2    2.000   1.0000       realNov
116.0000    0    2.000   1.0000          NULL 
118.0000    1    2.000   1.0000       realRep
120.0000    4    2.000   1.0000     pseudoNov
122.0000    0    2.000   1.0000          NULL 
124.0000    3    2.000   1.0000     pseudoRep
126.0000    3    2.000   1.0000     pseudoRep
128.0000    4    2.000   1.0000     pseudoNov
130.0000    0    2.000   1.0000          NULL 
132.0000    4    2.000   1.0000     pseudoNov
134.0000    3    2.000   1.0000     pseudoRep
136.0000    0    2.000   1.0000          NULL 
138.0000    1    2.000   1.0000       realRep
140.0000    1    2.000   1.0000       realRep
142.0000    2    2.000   1.0000       realNov
144.0000    3    2.000   1.0000     pseudoRep
146.0000    4    2.000   1.0000     pseudoNov
148.0000    3    2.000   1.0000     pseudoRep
150.0000    3    2.000   1.0000     pseudoRep
152.0000    2    2.000   1.0000       realNov
154.0000    0    2.000   1.0000          NULL 
156.0000    1    2.000   1.0000       realRep
158.0000    1    2.000   1.0000       realRep
160.0000    0    2.000   1.0000          NULL 
162.0000    2    2.000   1.0000       realNov
164.0000    1    2.000   1.0000       realRep
166.0000    2    2.000   1.0000       realNov
168.0000    4    2.000   1.0000     pseudoNov
170.0000    1    2.000   1.0000       realRep
172.0000    2    2.000   1.0000       realNov
174.0000    1    2.000   1.0000       realRep
176.0000    3    2.000   1.0000     pseudoRep
178.0000    1    2.000   1.0000       realRep
180.0000    0    2.000   1.0000          NULL 
182.0000    3    2.000   1.0000     pseudoRep
184.0000    0    2.000   1.0000          NULL 
186.0000    4    2.000   1.0000     pseudoNov
188.0000    1    2.000   1.0000       realRep
190.0000    1    2.000   1.0000       realRep
192.0000    1    2.000   1.0000       realRep
194.0000    2    2.000   1.0000       realNov
196.0000    0    2.000   1.0000          NULL 
198.0000    1    2.000   1.0000       realRep
200.0000    3    2.000   1.0000     pseudoRep
202.0000    3    2.000   1.0000     pseudoRep
204.0000    3    2.000   1.0000     pseudoRep
206.0000    0    4.000   1.0000          NULL 
210.0000    4    2.000   1.0000     pseudoNov
212.0000    4    2.000   1.0000     pseudoNov
214.0000    0    2.000   1.0000          NULL 
216.0000    1    2.000   1.0000       realRep
218.0000    0    2.000   1.0000          NULL 
220.0000    3    2.000   1.0000     pseudoRep
222.0000    4    2.000   1.0000     pseudoNov
224.0000    0    2.000   1.0000          NULL 
226.0000    3    2.000   1.0000     pseudoRep
228.0000    3    2.000   1.0000     pseudoRep
230.0000    2    2.000   1.0000       realNov
232.0000    2    2.000   1.0000       realNov
234.0000    4    2.000   1.0000     pseudoNov
236.0000    0    2.000   1.0000          NULL 
238.0000    4    2.000   1.0000     pseudoNov
240.0000    1    2.000   1.0000       realRep
242.0000    3    2.000   1.0000     pseudoRep
244.0000    0    2.000   1.0000          NULL 
246.0000    2    2.000   1.0000       realNov
248.0000    4    2.000   1.0000     pseudoNov
250.0000    1    2.000   1.0000       realRep
252.0000    2    2.000   1.0000       realNov
254.0000    3    2.000   1.0000     pseudoRep
256.0000    4    2.000   1.0000     pseudoNov
258.0000    1    2.000   1.0000       realRep
260.0000    3    2.000   1.0000     pseudoRep
262.0000    2    2.000   1.0000       realNov
264.0000    4    2.000   1.0000     pseudoNov
266.0000    0    4.000   1.0000          NULL 
270.0000    4    2.000   1.0000     pseudoNov
272.0000    1    2.000   1.0000       realRep
274.0000    3    2.000   1.0000     pseudoRep
276.0000    4    2.000   1.0000     pseudoNov
278.0000    3    2.000   1.0000     pseudoRep
280.0000    1    2.000   1.0000       realRep
282.0000    3    2.000   1.0000     pseudoRep
284.0000    2    2.000   1.0000       realNov
286.0000    2    2.000   1.0000       realNov
288.0000    0    2.000   1.0000          NULL 
290.0000    3    2.000   1.0000     pseudoRep
292.0000    3    2.000   1.0000     pseudoRep
294.0000    1    2.000   1.0000       realRep
296.0000    2    2.000   1.0000       realNov
298.0000    1    2.000   1.0000       realRep
300.0000    0    2.000   1.0000          NULL 
302.0000    3    2.000   1.0000     pseudoRep
304.0000    2    2.000   1.0000       realNov
306.0000    4    2.000   1.0000     pseudoNov
308.0000    2    2.000   1.0000       realNov
310.0000    2    2.000   1.0000       realNov
312.0000    0    4.000   1.0000          NULL 
316.0000    3    2.000   1.0000     pseudoRep
318.0000    0    2.000   1.0000          NULL 
320.0000    4    2.000   1.0000     pseudoNov
322.0000    2    2.000   1.0000       realNov
324.0000    0    2.000   1.0000          NULL 
326.0000    1    2.000   1.0000       realRep
328.0000    1    2.000   1.0000       realRep
330.0000    4    2.000   1.0000     pseudoNov
332.0000    0    2.000   1.0000          NULL 
334.0000    4    2.000   1.0000     pseudoNov
336.0000    3    2.000   1.0000     pseudoRep
338.0000    4    2.000   1.0000     pseudoNov
340.0000    2    2.000   1.0000       realNov
342.0000    4    2.000   1.0000     pseudoNov
344.0000    3    2.000   1.0000     pseudoRep
346.0000    2    2.000   1.0000       realNov
348.0000    2    2.000   1.0000       realNov
350.0000    0    2.000   1.0000          NULL 
352.0000    1    2.000   1.0000       realRep
354.0000    4    2.000   1.0000     pseudoNov
356.0000    1    2.000   1.0000       realRep
358.0000    4    2.000   1.0000     pseudoNov
360.0000    3    2.000   1.0000     pseudoRep
362.0000    3    2.000   1.0000     pseudoRep
364.0000    0    2.000   1.0000          NULL 
366.0000    4    2.000   1.0000     pseudoNov
368.0000    0    2.000   1.0000          NULL 
370.0000    2    2.000   1.0000       realNov
372.0000    1    2.000   1.0000       realRep
374.0000    1    2.000   1.0000       realRep
376.0000    0    2.000   1.0000          NULL 
378.0000    2    2.000   1.0000       realNov
380.0000    1    2.000   1.0000       realRep
382.0000    0    2.000   1.0000          NULL 
384.0000    2    2.000   1.0000       realNov
386.0000    1    2.000   1.0000       realRep
388.0000    3    2.000   1.0000     pseudoRep
390.0000    1    2.000   1.0000       realRep
392.0000    2    2.000   1.0000       realNov
394.0000    1    2.000   1.0000       realRep
396.0000    4    2.000   1.0000     pseudoNov
398.0000    1    2.000   1.0000       realRep
