  0.0000    1    2.000   1.0000       realRep
  2.0000    4    2.000   1.0000     pseudoNov
  4.0000    1    2.000   1.0000       realRep
  6.0000    2    2.000   1.0000       realNov
  8.0000    3    2.000   1.0000     pseudoRep
 10.0000    4    2.000   1.0000     pseudoNov
 12.0000    1    2.000   1.0000       realRep
 14.0000    2    2.000   1.0000       realNov
 16.0000    1    2.000   1.0000       realRep
 18.0000    2    2.000   1.0000       realNov
 20.0000    3    2.000   1.0000     pseudoRep
 22.0000    2    2.000   1.0000       realNov
 24.0000    1    2.000   1.0000       realRep
 26.0000    3    2.000   1.0000     pseudoRep
 28.0000    1    2.000   1.0000       realRep
 30.0000    4    2.000   1.0000     pseudoNov
 32.0000    0    2.000   1.0000          NULL 
 34.0000    4    2.000   1.0000     pseudoNov
 36.0000    2    2.000   1.0000       realNov
 38.0000    2    2.000   1.0000       realNov
 40.0000    3    2.000   1.0000     pseudoRep
 42.0000    4    2.000   1.0000     pseudoNov
 44.0000    0    2.000   1.0000          NULL 
 46.0000    3    2.000   1.0000     pseudoRep
 48.0000    2    2.000   1.0000       realNov
 50.0000    4    2.000   1.0000     pseudoNov
 52.0000    4    2.000   1.0000     pseudoNov
 54.0000    3    2.000   1.0000     pseudoRep
 56.0000    4    2.000   1.0000     pseudoNov
 58.0000    0    2.000   1.0000          NULL 
 60.0000    2    2.000   1.0000       realNov
 62.0000    1    2.000   1.0000       realRep
 64.0000    0    4.000   1.0000          NULL 
 68.0000    1    2.000   1.0000       realRep
 70.0000    0    2.000   1.0000          NULL 
 72.0000    1    2.000   1.0000       realRep
 74.0000    1    2.000   1.0000       realRep
 76.0000    1    2.000   1.0000       realRep
 78.0000    2    2.000   1.0000       realNov
 80.0000    4    2.000   1.0000     pseudoNov
 82.0000    3    2.000   1.0000     pseudoRep
 84.0000    2    2.000   1.0000       realNov
 86.0000    1    2.000   1.0000       realRep
 88.0000    4    2.000   1.0000     pseudoNov
 90.0000    0    2.000   1.0000          NULL 
 92.0000    1    2.000   1.0000       realRep
 94.0000    3    2.000   1.0000     pseudoRep
 96.0000    1    2.000   1.0000       realRep
 98.0000    0    4.000   1.0000          NULL 
102.0000    4    2.000   1.0000     pseudoNov
104.0000    1    2.000   1.0000       realRep
106.0000    0    2.000   1.0000          NULL 
108.0000    2    2.000   1.0000       realNov
110.0000    2    2.000   1.0000       realNov
112.0000    3    2.000   1.0000     pseudoRep
114.0000    1    2.000   1.0000       realRep
116.0000    2    2.000   1.0000       realNov
118.0000    4    2.000   1.0000     pseudoNov
120.0000    0    2.000   1.0000          NULL 
122.0000    3    2.000   1.0000     pseudoRep
124.0000    3    2.000   1.0000     pseudoRep
126.0000    4    2.000   1.0000     pseudoNov
128.0000    4    2.000   1.0000     pseudoNov
130.0000    1    2.000   1.0000       realRep
132.0000    1    2.000   1.0000       realRep
134.0000    3    2.000   1.0000     pseudoRep
136.0000    0    2.000   1.0000          NULL 
138.0000    4    2.000   1.0000     pseudoNov
140.0000    0    2.000   1.0000          NULL 
142.0000    2    2.000   1.0000       realNov
144.0000    4    2.000   1.0000     pseudoNov
146.0000    2    2.000   1.0000       realNov
148.0000    2    2.000   1.0000       realNov
150.0000    4    2.000   1.0000     pseudoNov
152.0000    2    2.000   1.0000       realNov
154.0000    3    2.000   1.0000     pseudoRep
156.0000    2    2.000   1.0000       realNov
158.0000    0    2.000   1.0000          NULL 
160.0000    2    2.000   1.0000       realNov
162.0000    2    2.000   1.0000       realNov
164.0000    2    2.000   1.0000       realNov
166.0000    1    2.000   1.0000       realRep
168.0000    4    2.000   1.0000     pseudoNov
170.0000    0    2.000   1.0000          NULL 
172.0000    3    2.000   1.0000     pseudoRep
174.0000    1    2.000   1.0000       realRep
176.0000    0    2.000   1.0000          NULL 
178.0000    2    2.000   1.0000       realNov
180.0000    2    2.000   1.0000       realNov
182.0000    1    2.000   1.0000       realRep
184.0000    0    2.000   1.0000          NULL 
186.0000    2    2.000   1.0000       realNov
188.0000    0    2.000   1.0000          NULL 
190.0000    1    2.000   1.0000       realRep
192.0000    3    2.000   1.0000     pseudoRep
194.0000    3    2.000   1.0000     pseudoRep
196.0000    1    2.000   1.0000       realRep
198.0000    2    2.000   1.0000       realNov
200.0000    0    4.000   1.0000          NULL 
204.0000    4    2.000   1.0000     pseudoNov
206.0000    4    2.000   1.0000     pseudoNov
208.0000    2    2.000   1.0000       realNov
210.0000    0    2.000   1.0000          NULL 
212.0000    2    2.000   1.0000       realNov
214.0000    1    2.000   1.0000       realRep
216.0000    2    2.000   1.0000       realNov
218.0000    3    2.000   1.0000     pseudoRep
220.0000    0    4.000   1.0000          NULL 
224.0000    4    2.000   1.0000     pseudoNov
226.0000    0    2.000   1.0000          NULL 
228.0000    4    2.000   1.0000     pseudoNov
230.0000    0    2.000   1.0000          NULL 
232.0000    1    2.000   1.0000       realRep
234.0000    0    2.000   1.0000          NULL 
236.0000    4    2.000   1.0000     pseudoNov
238.0000    3    2.000   1.0000     pseudoRep
240.0000    2    2.000   1.0000       realNov
242.0000    3    2.000   1.0000     pseudoRep
244.0000    4    2.000   1.0000     pseudoNov
246.0000    3    2.000   1.0000     pseudoRep
248.0000    0    2.000   1.0000          NULL 
250.0000    3    2.000   1.0000     pseudoRep
252.0000    2    2.000   1.0000       realNov
254.0000    1    2.000   1.0000       realRep
256.0000    0    4.000   1.0000          NULL 
260.0000    3    2.000   1.0000     pseudoRep
262.0000    1    2.000   1.0000       realRep
264.0000    0    2.000   1.0000          NULL 
266.0000    1    2.000   1.0000       realRep
268.0000    0    2.000   1.0000          NULL 
270.0000    2    2.000   1.0000       realNov
272.0000    2    2.000   1.0000       realNov
274.0000    3    2.000   1.0000     pseudoRep
276.0000    4    2.000   1.0000     pseudoNov
278.0000    4    2.000   1.0000     pseudoNov
280.0000    1    2.000   1.0000       realRep
282.0000    4    2.000   1.0000     pseudoNov
284.0000    1    2.000   1.0000       realRep
286.0000    0    2.000   1.0000          NULL 
288.0000    4    2.000   1.0000     pseudoNov
290.0000    3    2.000   1.0000     pseudoRep
292.0000    0    2.000   1.0000          NULL 
294.0000    4    2.000   1.0000     pseudoNov
296.0000    1    2.000   1.0000       realRep
298.0000    4    2.000   1.0000     pseudoNov
300.0000    1    2.000   1.0000       realRep
302.0000    3    2.000   1.0000     pseudoRep
304.0000    3    2.000   1.0000     pseudoRep
306.0000    3    2.000   1.0000     pseudoRep
308.0000    3    2.000   1.0000     pseudoRep
310.0000    1    2.000   1.0000       realRep
312.0000    3    2.000   1.0000     pseudoRep
314.0000    2    2.000   1.0000       realNov
316.0000    4    2.000   1.0000     pseudoNov
318.0000    3    2.000   1.0000     pseudoRep
320.0000    4    2.000   1.0000     pseudoNov
322.0000    4    2.000   1.0000     pseudoNov
324.0000    3    2.000   1.0000     pseudoRep
326.0000    4    2.000   1.0000     pseudoNov
328.0000    0    4.000   1.0000          NULL 
332.0000    1    2.000   1.0000       realRep
334.0000    1    2.000   1.0000       realRep
336.0000    2    2.000   1.0000       realNov
338.0000    4    2.000   1.0000     pseudoNov
340.0000    4    2.000   1.0000     pseudoNov
342.0000    1    2.000   1.0000       realRep
344.0000    0    2.000   1.0000          NULL 
346.0000    4    2.000   1.0000     pseudoNov
348.0000    2    2.000   1.0000       realNov
350.0000    3    2.000   1.0000     pseudoRep
352.0000    0    2.000   1.0000          NULL 
354.0000    2    2.000   1.0000       realNov
356.0000    0    2.000   1.0000          NULL 
358.0000    3    2.000   1.0000     pseudoRep
360.0000    2    2.000   1.0000       realNov
362.0000    1    2.000   1.0000       realRep
364.0000    3    2.000   1.0000     pseudoRep
366.0000    1    2.000   1.0000       realRep
368.0000    2    2.000   1.0000       realNov
370.0000    2    2.000   1.0000       realNov
372.0000    0    2.000   1.0000          NULL 
374.0000    4    2.000   1.0000     pseudoNov
376.0000    3    2.000   1.0000     pseudoRep
378.0000    3    2.000   1.0000     pseudoRep
380.0000    0    2.000   1.0000          NULL 
382.0000    3    2.000   1.0000     pseudoRep
384.0000    2    2.000   1.0000       realNov
386.0000    1    2.000   1.0000       realRep
388.0000    3    2.000   1.0000     pseudoRep
390.0000    4    2.000   1.0000     pseudoNov
392.0000    4    2.000   1.0000     pseudoNov
394.0000    1    2.000   1.0000       realRep
396.0000    3    2.000   1.0000     pseudoRep
398.0000    3    2.000   1.0000     pseudoRep
