  0.0000    1    2.000   1.0000       realRep
  2.0000    1    2.000   1.0000       realRep
  4.0000    1    2.000   1.0000       realRep
  6.0000    2    2.000   1.0000       realNov
  8.0000    2    2.000   1.0000       realNov
 10.0000    3    2.000   1.0000     pseudoRep
 12.0000    0    4.000   1.0000          NULL 
 16.0000    4    2.000   1.0000     pseudoNov
 18.0000    1    2.000   1.0000       realRep
 20.0000    3    2.000   1.0000     pseudoRep
 22.0000    1    2.000   1.0000       realRep
 24.0000    1    2.000   1.0000       realRep
 26.0000    2    2.000   1.0000       realNov
 28.0000    0    2.000   1.0000          NULL 
 30.0000    2    2.000   1.0000       realNov
 32.0000    1    2.000   1.0000       realRep
 34.0000    3    2.000   1.0000     pseudoRep
 36.0000    4    2.000   1.0000     pseudoNov
 38.0000    4    2.000   1.0000     pseudoNov
 40.0000    1    2.000   1.0000       realRep
 42.0000    0    2.000   1.0000          NULL 
 44.0000    2    2.000   1.0000       realNov
 46.0000    2    2.000   1.0000       realNov
 48.0000    0    2.000   1.0000          NULL 
 50.0000    4    2.000   1.0000     pseudoNov
 52.0000    0    2.000   1.0000          NULL 
 54.0000    1    2.000   1.0000       realRep
 56.0000    0    2.000   1.0000          NULL 
 58.0000    1    2.000   1.0000       realRep
 60.0000    2    2.000   1.0000       realNov
 62.0000    0    4.000   1.0000          NULL 
 66.0000    1    2.000   1.0000       realRep
 68.0000    0    2.000   1.0000          NULL 
 70.0000    4    2.000   1.0000     pseudoNov
 72.0000    3    2.000   1.0000     pseudoRep
 74.0000    4    2.000   1.0000     pseudoNov
 76.0000    0    2.000   1.0000          NULL 
 78.0000    3    2.000   1.0000     pseudoRep
 80.0000    1    2.000   1.0000       realRep
 82.0000    2    2.000   1.0000       realNov
 84.0000    3    2.000   1.0000     pseudoRep
 86.0000    0    2.000   1.0000          NULL 
 88.0000    2    2.000   1.0000       realNov
 90.0000    4    2.000   1.0000     pseudoNov
 92.0000    4    2.000   1.0000     pseudoNov
 94.0000    1    2.000   1.0000       realRep
 96.0000    2    2.000   1.0000       realNov
 98.0000    2    2.000   1.0000       realNov
100.0000    0    2.000   1.0000          NULL 
102.0000    3    2.000   1.0000     pseudoRep
104.0000    1    2.000   1.0000       realRep
106.0000    1    2.000   1.0000       realRep
108.0000    2    2.000   1.0000       realNov
110.0000    2    2.000   1.0000       realNov
112.0000    3    2.000   1.0000     pseudoRep
114.0000    4    2.000   1.0000     pseudoNov
116.0000    3    2.000   1.0000     pseudoRep
118.0000    3    2.000   1.0000     pseudoRep
120.0000    2    2.000   1.0000       realNov
122.0000    3    2.000   1.0000     pseudoRep
124.0000    1    2.000   1.0000       realRep
126.0000    3    2.000   1.0000     pseudoRep
128.0000    4    2.000   1.0000     pseudoNov
130.0000    0    2.000   1.0000          NULL 
132.0000    1    2.000   1.0000       realRep
134.0000    3    2.000   1.0000     pseudoRep
136.0000    1    2.000   1.0000       realRep
138.0000    2    2.000   1.0000       realNov
140.0000    3    2.000   1.0000     pseudoRep
142.0000    4    2.000   1.0000     pseudoNov
144.0000    3    2.000   1.0000     pseudoRep
146.0000    2    2.000   1.0000       realNov
148.0000    2    2.000   1.0000       realNov
150.0000    1    2.000   1.0000       realRep
152.0000    0    2.000   1.0000          NULL 
154.0000    4    2.000   1.0000     pseudoNov
156.0000    2    2.000   1.0000       realNov
158.0000    3    2.000   1.0000     pseudoRep
160.0000    1    2.000   1.0000       realRep
162.0000    0    2.000   1.0000          NULL 
164.0000    3    2.000   1.0000     pseudoRep
166.0000    4    2.000   1.0000     pseudoNov
168.0000    2    2.000   1.0000       realNov
170.0000    0    2.000   1.0000          NULL 
172.0000    4    2.000   1.0000     pseudoNov
174.0000    3    2.000   1.0000     pseudoRep
176.0000    1    2.000   1.0000       realRep
178.0000    2    2.000   1.0000       realNov
180.0000    0    2.000   1.0000          NULL 
182.0000    3    2.000   1.0000     pseudoRep
184.0000    0    2.000   1.0000          NULL 
186.0000    1    2.000   1.0000       realRep
188.0000    0    4.000   1.0000          NULL 
192.0000    4    2.000   1.0000     pseudoNov
194.0000    1    2.000   1.0000       realRep
196.0000    0    2.000   1.0000          NULL 
198.0000    1    2.000   1.0000       realRep
200.0000    0    4.000   1.0000          NULL 
204.0000    1    2.000   1.0000       realRep
206.0000    3    2.000   1.0000     pseudoRep
208.0000    3    2.000   1.0000     pseudoRep
210.0000    0    2.000   1.0000          NULL 
212.0000    3    2.000   1.0000     pseudoRep
214.0000    3    2.000   1.0000     pseudoRep
216.0000    0    2.000   1.0000          NULL 
218.0000    4    2.000   1.0000     pseudoNov
220.0000    1    2.000   1.0000       realRep
222.0000    0    2.000   1.0000          NULL 
224.0000    3    2.000   1.0000     pseudoRep
226.0000    4    2.000   1.0000     pseudoNov
228.0000    4    2.000   1.0000     pseudoNov
230.0000    2    2.000   1.0000       realNov
232.0000    3    2.000   1.0000     pseudoRep
234.0000    4    2.000   1.0000     pseudoNov
236.0000    3    2.000   1.0000     pseudoRep
238.0000    4    2.000   1.0000     pseudoNov
240.0000    3    2.000   1.0000     pseudoRep
242.0000    1    2.000   1.0000       realRep
244.0000    1    2.000   1.0000       realRep
246.0000    0    2.000   1.0000          NULL 
248.0000    3    2.000   1.0000     pseudoRep
250.0000    2    2.000   1.0000       realNov
252.0000    1    2.000   1.0000       realRep
254.0000    3    2.000   1.0000     pseudoRep
256.0000    0    2.000   1.0000          NULL 
258.0000    3    2.000   1.0000     pseudoRep
260.0000    1    2.000   1.0000       realRep
262.0000    2    2.000   1.0000       realNov
264.0000    4    2.000   1.0000     pseudoNov
266.0000    4    2.000   1.0000     pseudoNov
268.0000    4    2.000   1.0000     pseudoNov
270.0000    2    2.000   1.0000       realNov
272.0000    1    2.000   1.0000       realRep
274.0000    4    2.000   1.0000     pseudoNov
276.0000    1    2.000   1.0000       realRep
278.0000    4    2.000   1.0000     pseudoNov
280.0000    3    2.000   1.0000     pseudoRep
282.0000    0    2.000   1.0000          NULL 
284.0000    1    2.000   1.0000       realRep
286.0000    4    2.000   1.0000     pseudoNov
288.0000    4    2.000   1.0000     pseudoNov
290.0000    2    2.000   1.0000       realNov
292.0000    4    2.000   1.0000     pseudoNov
294.0000    2    2.000   1.0000       realNov
296.0000    1    2.000   1.0000       realRep
298.0000    0    2.000   1.0000          NULL 
300.0000    2    2.000   1.0000       realNov
302.0000    4    2.000   1.0000     pseudoNov
304.0000    4    2.000   1.0000     pseudoNov
306.0000    4    2.000   1.0000     pseudoNov
308.0000    1    2.000   1.0000       realRep
310.0000    0    2.000   1.0000          NULL 
312.0000    4    2.000   1.0000     pseudoNov
314.0000    1    2.000   1.0000       realRep
316.0000    3    2.000   1.0000     pseudoRep
318.0000    3    2.000   1.0000     pseudoRep
320.0000    3    2.000   1.0000     pseudoRep
322.0000    4    2.000   1.0000     pseudoNov
324.0000    4    2.000   1.0000     pseudoNov
326.0000    0    6.000   1.0000          NULL 
332.0000    2    2.000   1.0000       realNov
334.0000    4    2.000   1.0000     pseudoNov
336.0000    3    2.000   1.0000     pseudoRep
338.0000    2    2.000   1.0000       realNov
340.0000    0    2.000   1.0000          NULL 
342.0000    3    2.000   1.0000     pseudoRep
344.0000    2    2.000   1.0000       realNov
346.0000    4    2.000   1.0000     pseudoNov
348.0000    0    2.000   1.0000          NULL 
350.0000    1    2.000   1.0000       realRep
352.0000    0    2.000   1.0000          NULL 
354.0000    4    2.000   1.0000     pseudoNov
356.0000    2    2.000   1.0000       realNov
358.0000    2    2.000   1.0000       realNov
360.0000    1    2.000   1.0000       realRep
362.0000    2    2.000   1.0000       realNov
364.0000    2    2.000   1.0000       realNov
366.0000    2    2.000   1.0000       realNov
368.0000    1    2.000   1.0000       realRep
370.0000    2    2.000   1.0000       realNov
372.0000    4    2.000   1.0000     pseudoNov
374.0000    3    2.000   1.0000     pseudoRep
376.0000    0    2.000   1.0000          NULL 
378.0000    2    2.000   1.0000       realNov
380.0000    0    2.000   1.0000          NULL 
382.0000    4    2.000   1.0000     pseudoNov
384.0000    2    2.000   1.0000       realNov
386.0000    3    2.000   1.0000     pseudoRep
388.0000    3    2.000   1.0000     pseudoRep
390.0000    1    2.000   1.0000       realRep
392.0000    4    2.000   1.0000     pseudoNov
394.0000    2    2.000   1.0000       realNov
396.0000    2    2.000   1.0000       realNov
398.0000    3    2.000   1.0000     pseudoRep
