  0.0000    2    2.000   1.0000       realNov
  2.0000    4    2.000   1.0000     pseudoNov
  4.0000    2    2.000   1.0000       realNov
  6.0000    1    2.000   1.0000       realRep
  8.0000    0    2.000   1.0000          NULL 
 10.0000    2    2.000   1.0000       realNov
 12.0000    2    2.000   1.0000       realNov
 14.0000    4    2.000   1.0000     pseudoNov
 16.0000    2    2.000   1.0000       realNov
 18.0000    2    2.000   1.0000       realNov
 20.0000    3    2.000   1.0000     pseudoRep
 22.0000    0    4.000   1.0000          NULL 
 26.0000    3    2.000   1.0000     pseudoRep
 28.0000    4    2.000   1.0000     pseudoNov
 30.0000    0    2.000   1.0000          NULL 
 32.0000    4    2.000   1.0000     pseudoNov
 34.0000    4    2.000   1.0000     pseudoNov
 36.0000    3    2.000   1.0000     pseudoRep
 38.0000    0    2.000   1.0000          NULL 
 40.0000    4    2.000   1.0000     pseudoNov
 42.0000    2    2.000   1.0000       realNov
 44.0000    0    2.000   1.0000          NULL 
 46.0000    2    2.000   1.0000       realNov
 48.0000    1    2.000   1.0000       realRep
 50.0000    2    2.000   1.0000       realNov
 52.0000    4    2.000   1.0000     pseudoNov
 54.0000    1    2.000   1.0000       realRep
 56.0000    1    2.000   1.0000       realRep
 58.0000    1    2.000   1.0000       realRep
 60.0000    3    2.000   1.0000     pseudoRep
 62.0000    4    2.000   1.0000     pseudoNov
 64.0000    2    2.000   1.0000       realNov
 66.0000    1    2.000   1.0000       realRep
 68.0000    4    2.000   1.0000     pseudoNov
 70.0000    0    2.000   1.0000          NULL 
 72.0000    4    2.000   1.0000     pseudoNov
 74.0000    1    2.000   1.0000       realRep
 76.0000    1    2.000   1.0000       realRep
 78.0000    0    2.000   1.0000          NULL 
 80.0000    1    2.000   1.0000       realRep
 82.0000    4    2.000   1.0000     pseudoNov
 84.0000    3    2.000   1.0000     pseudoRep
 86.0000    4    2.000   1.0000     pseudoNov
 88.0000    0    2.000   1.0000          NULL 
 90.0000    4    2.000   1.0000     pseudoNov
 92.0000    3    2.000   1.0000     pseudoRep
 94.0000    3    2.000   1.0000     pseudoRep
 96.0000    3    2.000   1.0000     pseudoRep
 98.0000    2    2.000   1.0000       realNov
100.0000    2    2.000   1.0000       realNov
102.0000    2    2.000   1.0000       realNov
104.0000    3    2.000   1.0000     pseudoRep
106.0000    2    2.000   1.0000       realNov
108.0000    2    2.000   1.0000       realNov
110.0000    0    2.000   1.0000          NULL 
112.0000    1    2.000   1.0000       realRep
114.0000    2    2.000   1.0000       realNov
116.0000    4    2.000   1.0000     pseudoNov
118.0000    0    2.000   1.0000          NULL 
120.0000    2    2.000   1.0000       realNov
122.0000    2    2.000   1.0000       realNov
124.0000    0    4.000   1.0000          NULL 
128.0000    1    2.000   1.0000       realRep
130.0000    1    2.000   1.0000       realRep
132.0000    2    2.000   1.0000       realNov
134.0000    1    2.000   1.0000       realRep
136.0000    4    2.000   1.0000     pseudoNov
138.0000    2    2.000   1.0000       realNov
140.0000    1    2.000   1.0000       realRep
142.0000    1    2.000   1.0000       realRep
144.0000    3    2.000   1.0000     pseudoRep
146.0000    4    2.000   1.0000     pseudoNov
148.0000    0    2.000   1.0000          NULL 
150.0000    1    2.000   1.0000       realRep
152.0000    3    2.000   1.0000     pseudoRep
154.0000    4    2.000   1.0000     pseudoNov
156.0000    1    2.000   1.0000       realRep
158.0000    2    2.000   1.0000       realNov
160.0000    0    4.000   1.0000          NULL 
164.0000    3    2.000   1.0000     pseudoRep
166.0000    1    2.000   1.0000       realRep
168.0000    4    2.000   1.0000     pseudoNov
170.0000    2    2.000   1.0000       realNov
172.0000    3    2.000   1.0000     pseudoRep
174.0000    3    2.000   1.0000     pseudoRep
176.0000    0    2.000   1.0000          NULL 
178.0000    3    2.000   1.0000     pseudoRep
180.0000    0    2.000   1.0000          NULL 
182.0000    1    2.000   1.0000       realRep
184.0000    0    2.000   1.0000          NULL 
186.0000    3    2.000   1.0000     pseudoRep
188.0000    4    2.000   1.0000     pseudoNov
190.0000    3    2.000   1.0000     pseudoRep
192.0000    0    2.000   1.0000          NULL 
194.0000    4    2.000   1.0000     pseudoNov
196.0000    3    2.000   1.0000     pseudoRep
198.0000    2    2.000   1.0000       realNov
200.0000    4    2.000   1.0000     pseudoNov
202.0000    0    2.000   1.0000          NULL 
204.0000    4    2.000   1.0000     pseudoNov
206.0000    1    2.000   1.0000       realRep
208.0000    1    2.000   1.0000       realRep
210.0000    3    2.000   1.0000     pseudoRep
212.0000    3    2.000   1.0000     pseudoRep
214.0000    3    2.000   1.0000     pseudoRep
216.0000    1    2.000   1.0000       realRep
218.0000    1    2.000   1.0000       realRep
220.0000    0    2.000   1.0000          NULL 
222.0000    3    2.000   1.0000     pseudoRep
224.0000    4    2.000   1.0000     pseudoNov
226.0000    4    2.000   1.0000     pseudoNov
228.0000    4    2.000   1.0000     pseudoNov
230.0000    4    2.000   1.0000     pseudoNov
232.0000    0    4.000   1.0000          NULL 
236.0000    2    2.000   1.0000       realNov
238.0000    1    2.000   1.0000       realRep
240.0000    0    2.000   1.0000          NULL 
242.0000    2    2.000   1.0000       realNov
244.0000    0    2.000   1.0000          NULL 
246.0000    3    2.000   1.0000     pseudoRep
248.0000    3    2.000   1.0000     pseudoRep
250.0000    3    2.000   1.0000     pseudoRep
252.0000    4    2.000   1.0000     pseudoNov
254.0000    4    2.000   1.0000     pseudoNov
256.0000    0    2.000   1.0000          NULL 
258.0000    2    2.000   1.0000       realNov
260.0000    4    2.000   1.0000     pseudoNov
262.0000    0    2.000   1.0000          NULL 
264.0000    2    2.000   1.0000       realNov
266.0000    3    2.000   1.0000     pseudoRep
268.0000    2    2.000   1.0000       realNov
270.0000    0    2.000   1.0000          NULL 
272.0000    4    2.000   1.0000     pseudoNov
274.0000    2    2.000   1.0000       realNov
276.0000    3    2.000   1.0000     pseudoRep
278.0000    1    2.000   1.0000       realRep
280.0000    4    2.000   1.0000     pseudoNov
282.0000    1    2.000   1.0000       realRep
284.0000    4    2.000   1.0000     pseudoNov
286.0000    4    2.000   1.0000     pseudoNov
288.0000    1    2.000   1.0000       realRep
290.0000    2    2.000   1.0000       realNov
292.0000    3    2.000   1.0000     pseudoRep
294.0000    3    2.000   1.0000     pseudoRep
296.0000    1    2.000   1.0000       realRep
298.0000    0    4.000   1.0000          NULL 
302.0000    3    2.000   1.0000     pseudoRep
304.0000    0    4.000   1.0000          NULL 
308.0000    3    2.000   1.0000     pseudoRep
310.0000    1    2.000   1.0000       realRep
312.0000    3    2.000   1.0000     pseudoRep
314.0000    2    2.000   1.0000       realNov
316.0000    4    2.000   1.0000     pseudoNov
318.0000    1    2.000   1.0000       realRep
320.0000    3    2.000   1.0000     pseudoRep
322.0000    4    2.000   1.0000     pseudoNov
324.0000    2    2.000   1.0000       realNov
326.0000    3    2.000   1.0000     pseudoRep
328.0000    2    2.000   1.0000       realNov
330.0000    2    2.000   1.0000       realNov
332.0000    3    2.000   1.0000     pseudoRep
334.0000    1    2.000   1.0000       realRep
336.0000    4    2.000   1.0000     pseudoNov
338.0000    1    2.000   1.0000       realRep
340.0000    2    2.000   1.0000       realNov
342.0000    0    2.000   1.0000          NULL 
344.0000    1    2.000   1.0000       realRep
346.0000    3    2.000   1.0000     pseudoRep
348.0000    2    2.000   1.0000       realNov
350.0000    3    2.000   1.0000     pseudoRep
352.0000    4    2.000   1.0000     pseudoNov
354.0000    0    2.000   1.0000          NULL 
356.0000    3    2.000   1.0000     pseudoRep
358.0000    3    2.000   1.0000     pseudoRep
360.0000    2    2.000   1.0000       realNov
362.0000    0    2.000   1.0000          NULL 
364.0000    2    2.000   1.0000       realNov
366.0000    1    2.000   1.0000       realRep
368.0000    3    2.000   1.0000     pseudoRep
370.0000    1    2.000   1.0000       realRep
372.0000    2    2.000   1.0000       realNov
374.0000    0    4.000   1.0000          NULL 
378.0000    4    2.000   1.0000     pseudoNov
380.0000    2    2.000   1.0000       realNov
382.0000    1    2.000   1.0000       realRep
384.0000    1    2.000   1.0000       realRep
386.0000    0    2.000   1.0000          NULL 
388.0000    1    2.000   1.0000       realRep
390.0000    1    2.000   1.0000       realRep
392.0000    4    2.000   1.0000     pseudoNov
394.0000    1    2.000   1.0000       realRep
396.0000    4    2.000   1.0000     pseudoNov
398.0000    0    2.000   1.0000          NULL 
