  0.0000    1    2.000   1.0000        study1
  2.0000    1    2.000   1.0000        study1
  4.0000    0    4.000   1.0000          NULL 
  8.0000    2    2.000   1.0000        study2
 10.0000    0    2.000   1.0000          NULL 
 12.0000    1    2.000   1.0000        study1
 14.0000    0    2.000   1.0000          NULL 
 16.0000    2    2.000   1.0000        study2
 18.0000    0    4.000   1.0000          NULL 
 22.0000    1    2.000   1.0000        study1
 24.0000    1    2.000   1.0000        study1
 26.0000    0   12.000   1.0000          NULL 
 38.0000    2    2.000   1.0000        study2
 40.0000    2    2.000   1.0000        study2
 42.0000    2    2.000   1.0000        study2
 44.0000    2    2.000   1.0000        study2
 46.0000    0    6.000   1.0000          NULL 
 52.0000    2    2.000   1.0000        study2
 54.0000    0    2.000   1.0000          NULL 
 56.0000    2    2.000   1.0000        study2
 58.0000    0    8.000   1.0000          NULL 
 66.0000    2    2.000   1.0000        study2
 68.0000    0    6.000   1.0000          NULL 
 74.0000    1    2.000   1.0000        study1
 76.0000    1    2.000   1.0000        study1
 78.0000    0    8.000   1.0000          NULL 
 86.0000    2    2.000   1.0000        study2
 88.0000    1    2.000   1.0000        study1
 90.0000    0    4.000   1.0000          NULL 
 94.0000    1    2.000   1.0000        study1
 96.0000    0   10.000   1.0000          NULL 
106.0000    1    2.000   1.0000        study1
108.0000    0    2.000   1.0000          NULL 
110.0000    2    2.000   1.0000        study2
112.0000    0    8.000   1.0000          NULL 
120.0000    2    2.000   1.0000        study2
122.0000    0    4.000   1.0000          NULL 
126.0000    1    2.000   1.0000        study1
128.0000    2    2.000   1.0000        study2
130.0000    1    2.000   1.0000        study1
132.0000    2    2.000   1.0000        study2
134.0000    0    8.000   1.0000          NULL 
142.0000    2    2.000   1.0000        study2
144.0000    0    4.000   1.0000          NULL 
148.0000    1    2.000   1.0000        study1
150.0000    2    2.000   1.0000        study2
152.0000    2    2.000   1.0000        study2
154.0000    2    2.000   1.0000        study2
156.0000    1    2.000   1.0000        study1
158.0000    0    4.000   1.0000          NULL 
162.0000    1    2.000   1.0000        study1
164.0000    1    2.000   1.0000        study1
166.0000    2    2.000   1.0000        study2
168.0000    0   10.000   1.0000          NULL 
178.0000    1    2.000   1.0000        study1
180.0000    0    4.000   1.0000          NULL 
184.0000    2    2.000   1.0000        study2
186.0000    0    4.000   1.0000          NULL 
190.0000    2    2.000   1.0000        study2
192.0000    0    8.000   1.0000          NULL 
200.0000    1    2.000   1.0000        study1
202.0000    0    4.000   1.0000          NULL 
206.0000    2    2.000   1.0000        study2
208.0000    0    6.000   1.0000          NULL 
214.0000    1    2.000   1.0000        study1
216.0000    0    2.000   1.0000          NULL 
218.0000    1    2.000   1.0000        study1
220.0000    0    2.000   1.0000          NULL 
222.0000    2    2.000   1.0000        study2
224.0000    0    2.000   1.0000          NULL 
226.0000    1    2.000   1.0000        study1
228.0000    0    8.000   1.0000          NULL 
236.0000    1    2.000   1.0000        study1
238.0000    2    2.000   1.0000        study2
240.0000    0    2.000   1.0000          NULL 
242.0000    1    2.000   1.0000        study1
244.0000    2    2.000   1.0000        study2
246.0000    0    4.000   1.0000          NULL 
250.0000    1    2.000   1.0000        study1
252.0000    0    2.000   1.0000          NULL 
254.0000    2    2.000   1.0000        study2
256.0000    1    2.000   1.0000        study1
258.0000    0    2.000   1.0000          NULL 
260.0000    1    2.000   1.0000        study1
262.0000    0    2.000   1.0000          NULL 
264.0000    2    2.000   1.0000        study2
266.0000    0    8.000   1.0000          NULL 
274.0000    1    2.000   1.0000        study1
276.0000    2    2.000   1.0000        study2
278.0000    0    4.000   1.0000          NULL 
282.0000    1    2.000   1.0000        study1
284.0000    0    2.000   1.0000          NULL 
286.0000    1    2.000   1.0000        study1
288.0000    0    8.000   1.0000          NULL 
296.0000    1    2.000   1.0000        study1
298.0000    0    6.000   1.0000          NULL 
304.0000    2    2.000   1.0000        study2
306.0000    0    2.000   1.0000          NULL 
308.0000    2    2.000   1.0000        study2
310.0000    0   10.000   1.0000          NULL 
