  0.0000    2    2.000   1.0000        study2
  2.0000    2    2.000   1.0000        study2
  4.0000    1    2.000   1.0000        study1
  6.0000    0    2.000   1.0000          NULL 
  8.0000    2    2.000   1.0000        study2
 10.0000    2    2.000   1.0000        study2
 12.0000    0    8.000   1.0000          NULL 
 20.0000    1    2.000   1.0000        study1
 22.0000    0    4.000   1.0000          NULL 
 26.0000    1    2.000   1.0000        study1
 28.0000    0    4.000   1.0000          NULL 
 32.0000    2    2.000   1.0000        study2
 34.0000    0    2.000   1.0000          NULL 
 36.0000    2    2.000   1.0000        study2
 38.0000    0    2.000   1.0000          NULL 
 40.0000    2    2.000   1.0000        study2
 42.0000    0    2.000   1.0000          NULL 
 44.0000    1    2.000   1.0000        study1
 46.0000    0    8.000   1.0000          NULL 
 54.0000    2    2.000   1.0000        study2
 56.0000    0    8.000   1.0000          NULL 
 64.0000    2    2.000   1.0000        study2
 66.0000    2    2.000   1.0000        study2
 68.0000    0    2.000   1.0000          NULL 
 70.0000    2    2.000   1.0000        study2
 72.0000    0    8.000   1.0000          NULL 
 80.0000    1    2.000   1.0000        study1
 82.0000    2    2.000   1.0000        study2
 84.0000    0    2.000   1.0000          NULL 
 86.0000    1    2.000   1.0000        study1
 88.0000    0    4.000   1.0000          NULL 
 92.0000    1    2.000   1.0000        study1
 94.0000    1    2.000   1.0000        study1
 96.0000    0    2.000   1.0000          NULL 
 98.0000    2    2.000   1.0000        study2
100.0000    1    2.000   1.0000        study1
102.0000    2    2.000   1.0000        study2
104.0000    0    4.000   1.0000          NULL 
108.0000    1    2.000   1.0000        study1
110.0000    0   10.000   1.0000          NULL 
120.0000    2    2.000   1.0000        study2
122.0000    0    4.000   1.0000          NULL 
126.0000    2    2.000   1.0000        study2
128.0000    1    2.000   1.0000        study1
130.0000    0    2.000   1.0000          NULL 
132.0000    1    2.000   1.0000        study1
134.0000    0    6.000   1.0000          NULL 
140.0000    2    2.000   1.0000        study2
142.0000    0    2.000   1.0000          NULL 
144.0000    1    2.000   1.0000        study1
146.0000    2    2.000   1.0000        study2
148.0000    0    6.000   1.0000          NULL 
154.0000    1    2.000   1.0000        study1
156.0000    0    2.000   1.0000          NULL 
158.0000    1    2.000   1.0000        study1
160.0000    0    2.000   1.0000          NULL 
162.0000    1    2.000   1.0000        study1
164.0000    1    2.000   1.0000        study1
166.0000    0    6.000   1.0000          NULL 
172.0000    1    2.000   1.0000        study1
174.0000    0    6.000   1.0000          NULL 
180.0000    2    2.000   1.0000        study2
182.0000    2    2.000   1.0000        study2
184.0000    0    6.000   1.0000          NULL 
190.0000    2    2.000   1.0000        study2
192.0000    1    2.000   1.0000        study1
194.0000    0   14.000   1.0000          NULL 
208.0000    2    2.000   1.0000        study2
210.0000    0    2.000   1.0000          NULL 
212.0000    1    2.000   1.0000        study1
214.0000    1    2.000   1.0000        study1
216.0000    0   10.000   1.0000          NULL 
226.0000    2    2.000   1.0000        study2
228.0000    1    2.000   1.0000        study1
230.0000    0    8.000   1.0000          NULL 
238.0000    2    2.000   1.0000        study2
240.0000    0    6.000   1.0000          NULL 
246.0000    1    2.000   1.0000        study1
248.0000    0    2.000   1.0000          NULL 
250.0000    1    2.000   1.0000        study1
252.0000    1    2.000   1.0000        study1
254.0000    0    4.000   1.0000          NULL 
258.0000    1    2.000   1.0000        study1
260.0000    0    2.000   1.0000          NULL 
262.0000    2    2.000   1.0000        study2
264.0000    0    4.000   1.0000          NULL 
268.0000    1    2.000   1.0000        study1
270.0000    2    2.000   1.0000        study2
272.0000    1    2.000   1.0000        study1
274.0000    1    2.000   1.0000        study1
276.0000    0   12.000   1.0000          NULL 
288.0000    2    2.000   1.0000        study2
290.0000    0    6.000   1.0000          NULL 
296.0000    1    2.000   1.0000        study1
298.0000    0    2.000   1.0000          NULL 
300.0000    2    2.000   1.0000        study2
302.0000    0    2.000   1.0000          NULL 
304.0000    2    2.000   1.0000        study2
306.0000    0   12.000   1.0000          NULL 
318.0000    2    2.000   1.0000        study2
