  0.0000    1    2.000   1.0000        study1
  2.0000    0    6.000   1.0000          NULL 
  8.0000    2    2.000   1.0000        study2
 10.0000    0    6.000   1.0000          NULL 
 16.0000    1    2.000   1.0000        study1
 18.0000    0    4.000   1.0000          NULL 
 22.0000    2    2.000   1.0000        study2
 24.0000    1    2.000   1.0000        study1
 26.0000    0    4.000   1.0000          NULL 
 30.0000    1    2.000   1.0000        study1
 32.0000    1    2.000   1.0000        study1
 34.0000    0    2.000   1.0000          NULL 
 36.0000    1    2.000   1.0000        study1
 38.0000    0    4.000   1.0000          NULL 
 42.0000    1    2.000   1.0000        study1
 44.0000    0    2.000   1.0000          NULL 
 46.0000    2    2.000   1.0000        study2
 48.0000    0   10.000   1.0000          NULL 
 58.0000    2    2.000   1.0000        study2
 60.0000    0    6.000   1.0000          NULL 
 66.0000    1    2.000   1.0000        study1
 68.0000    2    2.000   1.0000        study2
 70.0000    0    4.000   1.0000          NULL 
 74.0000    2    2.000   1.0000        study2
 76.0000    0    2.000   1.0000          NULL 
 78.0000    2    2.000   1.0000        study2
 80.0000    2    2.000   1.0000        study2
 82.0000    0    8.000   1.0000          NULL 
 90.0000    2    2.000   1.0000        study2
 92.0000    2    2.000   1.0000        study2
 94.0000    1    2.000   1.0000        study1
 96.0000    0    8.000   1.0000          NULL 
104.0000    2    2.000   1.0000        study2
106.0000    0    2.000   1.0000          NULL 
108.0000    2    2.000   1.0000        study2
110.0000    1    2.000   1.0000        study1
112.0000    0    2.000   1.0000          NULL 
114.0000    2    2.000   1.0000        study2
116.0000    2    2.000   1.0000        study2
118.0000    0   16.000   1.0000          NULL 
134.0000    2    2.000   1.0000        study2
136.0000    2    2.000   1.0000        study2
138.0000    1    2.000   1.0000        study1
140.0000    0   12.000   1.0000          NULL 
152.0000    2    2.000   1.0000        study2
154.0000    1    2.000   1.0000        study1
156.0000    1    2.000   1.0000        study1
158.0000    2    2.000   1.0000        study2
160.0000    0   12.000   1.0000          NULL 
172.0000    1    2.000   1.0000        study1
174.0000    0    2.000   1.0000          NULL 
176.0000    1    2.000   1.0000        study1
178.0000    0    6.000   1.0000          NULL 
184.0000    2    2.000   1.0000        study2
186.0000    0    6.000   1.0000          NULL 
192.0000    1    2.000   1.0000        study1
194.0000    1    2.000   1.0000        study1
196.0000    0    4.000   1.0000          NULL 
200.0000    1    2.000   1.0000        study1
202.0000    2    2.000   1.0000        study2
204.0000    0    4.000   1.0000          NULL 
208.0000    1    2.000   1.0000        study1
210.0000    2    2.000   1.0000        study2
212.0000    0    8.000   1.0000          NULL 
220.0000    1    2.000   1.0000        study1
222.0000    0    4.000   1.0000          NULL 
226.0000    1    2.000   1.0000        study1
228.0000    0    6.000   1.0000          NULL 
234.0000    1    2.000   1.0000        study1
236.0000    0    4.000   1.0000          NULL 
240.0000    2    2.000   1.0000        study2
242.0000    0    2.000   1.0000          NULL 
244.0000    1    2.000   1.0000        study1
246.0000    1    2.000   1.0000        study1
248.0000    2    2.000   1.0000        study2
250.0000    0    2.000   1.0000          NULL 
252.0000    1    2.000   1.0000        study1
254.0000    0    2.000   1.0000          NULL 
256.0000    2    2.000   1.0000        study2
258.0000    2    2.000   1.0000        study2
260.0000    0    4.000   1.0000          NULL 
264.0000    1    2.000   1.0000        study1
266.0000    0    6.000   1.0000          NULL 
272.0000    2    2.000   1.0000        study2
274.0000    0    2.000   1.0000          NULL 
276.0000    2    2.000   1.0000        study2
278.0000    0    8.000   1.0000          NULL 
286.0000    1    2.000   1.0000        study1
288.0000    0    2.000   1.0000          NULL 
290.0000    2    2.000   1.0000        study2
292.0000    0    4.000   1.0000          NULL 
296.0000    1    2.000   1.0000        study1
298.0000    2    2.000   1.0000        study2
300.0000    1    2.000   1.0000        study1
302.0000    0    4.000   1.0000          NULL 
306.0000    1    2.000   1.0000        study1
308.0000    0    4.000   1.0000          NULL 
312.0000    2    2.000   1.0000        study2
314.0000    0    6.000   1.0000          NULL 
