  0.0000    2    2.000   1.0000         rwOrt
  2.0000    6    2.000   1.0000         pwNov
  4.0000    0    2.000   1.0000          NULL 
  6.0000    2    2.000   1.0000         rwOrt
  8.0000    4    2.000   1.0000         pwRep
 10.0000    3    2.000   1.0000         rwNov
 12.0000    0    4.000   1.0000          NULL 
 16.0000    2    2.000   1.0000         rwOrt
 18.0000    2    2.000   1.0000         rwOrt
 20.0000    0    2.000   1.0000          NULL 
 22.0000    1    2.000   1.0000         rwRep
 24.0000    3    2.000   1.0000         rwNov
 26.0000    0    4.000   1.0000          NULL 
 30.0000    4    2.000   1.0000         pwRep
 32.0000    4    2.000   1.0000         pwRep
 34.0000    0    4.000   1.0000          NULL 
 38.0000    5    2.000   1.0000         pwOrt
 40.0000    0    2.000   1.0000          NULL 
 42.0000    1    2.000   1.0000         rwRep
 44.0000    4    2.000   1.0000         pwRep
 46.0000    2    2.000   1.0000         rwOrt
 48.0000    0    2.000   1.0000          NULL 
 50.0000    1    2.000   1.0000         rwRep
 52.0000    3    2.000   1.0000         rwNov
 54.0000    3    2.000   1.0000         rwNov
 56.0000    3    2.000   1.0000         rwNov
 58.0000    5    2.000   1.0000         pwOrt
 60.0000    6    2.000   1.0000         pwNov
 62.0000    0    2.000   1.0000          NULL 
 64.0000    1    2.000   1.0000         rwRep
 66.0000    3    2.000   1.0000         rwNov
 68.0000    1    2.000   1.0000         rwRep
 70.0000    5    2.000   1.0000         pwOrt
 72.0000    0    6.000   1.0000          NULL 
 78.0000    2    2.000   1.0000         rwOrt
 80.0000    2    2.000   1.0000         rwOrt
 82.0000    3    2.000   1.0000         rwNov
 84.0000    0    2.000   1.0000          NULL 
 86.0000    4    2.000   1.0000         pwRep
 88.0000    2    2.000   1.0000         rwOrt
 90.0000    0    2.000   1.0000          NULL 
 92.0000    2    2.000   1.0000         rwOrt
 94.0000    1    2.000   1.0000         rwRep
 96.0000    0    2.000   1.0000          NULL 
 98.0000    5    2.000   1.0000         pwOrt
100.0000    0    4.000   1.0000          NULL 
104.0000    5    2.000   1.0000         pwOrt
106.0000    0    4.000   1.0000          NULL 
110.0000    3    2.000   1.0000         rwNov
112.0000    6    2.000   1.0000         pwNov
114.0000    4    2.000   1.0000         pwRep
116.0000    4    2.000   1.0000         pwRep
118.0000    1    2.000   1.0000         rwRep
120.0000    2    2.000   1.0000         rwOrt
122.0000    4    2.000   1.0000         pwRep
124.0000    0    2.000   1.0000          NULL 
126.0000    4    2.000   1.0000         pwRep
128.0000    0    2.000   1.0000          NULL 
130.0000    4    2.000   1.0000         pwRep
132.0000    3    2.000   1.0000         rwNov
134.0000    4    2.000   1.0000         pwRep
136.0000    3    2.000   1.0000         rwNov
138.0000    0    4.000   1.0000          NULL 
142.0000    3    2.000   1.0000         rwNov
144.0000    3    2.000   1.0000         rwNov
146.0000    5    2.000   1.0000         pwOrt
148.0000    4    2.000   1.0000         pwRep
150.0000    6    2.000   1.0000         pwNov
152.0000    6    2.000   1.0000         pwNov
154.0000    1    2.000   1.0000         rwRep
156.0000    0    2.000   1.0000          NULL 
158.0000    6    2.000   1.0000         pwNov
160.0000    1    2.000   1.0000         rwRep
162.0000    0    6.000   1.0000          NULL 
168.0000    6    2.000   1.0000         pwNov
170.0000    4    2.000   1.0000         pwRep
172.0000    0    2.000   1.0000          NULL 
174.0000    6    2.000   1.0000         pwNov
176.0000    0    2.000   1.0000          NULL 
178.0000    4    2.000   1.0000         pwRep
180.0000    2    2.000   1.0000         rwOrt
182.0000    3    2.000   1.0000         rwNov
184.0000    4    2.000   1.0000         pwRep
186.0000    2    2.000   1.0000         rwOrt
188.0000    6    2.000   1.0000         pwNov
190.0000    0    2.000   1.0000          NULL 
192.0000    6    2.000   1.0000         pwNov
194.0000    0    2.000   1.0000          NULL 
196.0000    6    2.000   1.0000         pwNov
198.0000    0    2.000   1.0000          NULL 
200.0000    2    2.000   1.0000         rwOrt
202.0000    2    2.000   1.0000         rwOrt
204.0000    6    2.000   1.0000         pwNov
206.0000    5    2.000   1.0000         pwOrt
208.0000    0    2.000   1.0000          NULL 
210.0000    5    2.000   1.0000         pwOrt
212.0000    3    2.000   1.0000         rwNov
214.0000    0    2.000   1.0000          NULL 
216.0000    4    2.000   1.0000         pwRep
218.0000    5    2.000   1.0000         pwOrt
220.0000    1    2.000   1.0000         rwRep
222.0000    2    2.000   1.0000         rwOrt
224.0000    0    2.000   1.0000          NULL 
226.0000    6    2.000   1.0000         pwNov
228.0000    3    2.000   1.0000         rwNov
230.0000    4    2.000   1.0000         pwRep
232.0000    0    2.000   1.0000          NULL 
234.0000    1    2.000   1.0000         rwRep
236.0000    2    2.000   1.0000         rwOrt
238.0000    1    2.000   1.0000         rwRep
240.0000    6    2.000   1.0000         pwNov
242.0000    3    2.000   1.0000         rwNov
244.0000    5    2.000   1.0000         pwOrt
246.0000    0    2.000   1.0000          NULL 
248.0000    5    2.000   1.0000         pwOrt
250.0000    0    2.000   1.0000          NULL 
252.0000    4    2.000   1.0000         pwRep
254.0000    1    2.000   1.0000         rwRep
256.0000    0    2.000   1.0000          NULL 
258.0000    5    2.000   1.0000         pwOrt
260.0000    5    2.000   1.0000         pwOrt
262.0000    0    2.000   1.0000          NULL 
264.0000    3    2.000   1.0000         rwNov
266.0000    2    2.000   1.0000         rwOrt
268.0000    0    2.000   1.0000          NULL 
270.0000    3    2.000   1.0000         rwNov
272.0000    0    2.000   1.0000          NULL 
274.0000    1    2.000   1.0000         rwRep
276.0000    0    2.000   1.0000          NULL 
278.0000    6    2.000   1.0000         pwNov
280.0000    0    8.000   1.0000          NULL 
288.0000    6    2.000   1.0000         pwNov
290.0000    2    2.000   1.0000         rwOrt
292.0000    1    2.000   1.0000         rwRep
294.0000    1    2.000   1.0000         rwRep
296.0000    0    2.000   1.0000          NULL 
298.0000    3    2.000   1.0000         rwNov
300.0000    1    2.000   1.0000         rwRep
302.0000    1    2.000   1.0000         rwRep
304.0000    0    8.000   1.0000          NULL 
312.0000    5    2.000   1.0000         pwOrt
314.0000    4    2.000   1.0000         pwRep
316.0000    5    2.000   1.0000         pwOrt
318.0000    2    2.000   1.0000         rwOrt
320.0000    6    2.000   1.0000         pwNov
322.0000    5    2.000   1.0000         pwOrt
324.0000    0    2.000   1.0000          NULL 
326.0000    1    2.000   1.0000         rwRep
328.0000    5    2.000   1.0000         pwOrt
330.0000    6    2.000   1.0000         pwNov
332.0000    5    2.000   1.0000         pwOrt
334.0000    1    2.000   1.0000         rwRep
336.0000    2    2.000   1.0000         rwOrt
338.0000    0    2.000   1.0000          NULL 
340.0000    3    2.000   1.0000         rwNov
342.0000    6    2.000   1.0000         pwNov
344.0000    0    6.000   1.0000          NULL 
350.0000    5    2.000   1.0000         pwOrt
352.0000    5    2.000   1.0000         pwOrt
354.0000    0    2.000   1.0000          NULL 
356.0000    4    2.000   1.0000         pwRep
358.0000    6    2.000   1.0000         pwNov
