  0.0000    2    2.000   1.0000         rwOrt
  2.0000    0    2.000   1.0000          NULL 
  4.0000    2    2.000   1.0000         rwOrt
  6.0000    3    2.000   1.0000         rwNov
  8.0000    6    2.000   1.0000         pwNov
 10.0000    2    2.000   1.0000         rwOrt
 12.0000    2    2.000   1.0000         rwOrt
 14.0000    4    2.000   1.0000         pwRep
 16.0000    0    2.000   1.0000          NULL 
 18.0000    1    2.000   1.0000         rwRep
 20.0000    2    2.000   1.0000         rwOrt
 22.0000    4    2.000   1.0000         pwRep
 24.0000    1    2.000   1.0000         rwRep
 26.0000    3    2.000   1.0000         rwNov
 28.0000    4    2.000   1.0000         pwRep
 30.0000    5    2.000   1.0000         pwOrt
 32.0000    0    2.000   1.0000          NULL 
 34.0000    6    2.000   1.0000         pwNov
 36.0000    2    2.000   1.0000         rwOrt
 38.0000    0    2.000   1.0000          NULL 
 40.0000    2    2.000   1.0000         rwOrt
 42.0000    0    2.000   1.0000          NULL 
 44.0000    4    2.000   1.0000         pwRep
 46.0000    4    2.000   1.0000         pwRep
 48.0000    6    2.000   1.0000         pwNov
 50.0000    5    2.000   1.0000         pwOrt
 52.0000    0    2.000   1.0000          NULL 
 54.0000    6    2.000   1.0000         pwNov
 56.0000    1    2.000   1.0000         rwRep
 58.0000    5    2.000   1.0000         pwOrt
 60.0000    6    2.000   1.0000         pwNov
 62.0000    0    2.000   1.0000          NULL 
 64.0000    3    2.000   1.0000         rwNov
 66.0000    0    2.000   1.0000          NULL 
 68.0000    1    2.000   1.0000         rwRep
 70.0000    1    2.000   1.0000         rwRep
 72.0000    0    4.000   1.0000          NULL 
 76.0000    4    2.000   1.0000         pwRep
 78.0000    3    2.000   1.0000         rwNov
 80.0000    0    2.000   1.0000          NULL 
 82.0000    4    2.000   1.0000         pwRep
 84.0000    0    2.000   1.0000          NULL 
 86.0000    3    2.000   1.0000         rwNov
 88.0000    3    2.000   1.0000         rwNov
 90.0000    1    2.000   1.0000         rwRep
 92.0000    0    2.000   1.0000          NULL 
 94.0000    4    2.000   1.0000         pwRep
 96.0000    1    2.000   1.0000         rwRep
 98.0000    5    2.000   1.0000         pwOrt
100.0000    1    2.000   1.0000         rwRep
102.0000    2    2.000   1.0000         rwOrt
104.0000    0    6.000   1.0000          NULL 
110.0000    1    2.000   1.0000         rwRep
112.0000    0    2.000   1.0000          NULL 
114.0000    4    2.000   1.0000         pwRep
116.0000    2    2.000   1.0000         rwOrt
118.0000    2    2.000   1.0000         rwOrt
120.0000    5    2.000   1.0000         pwOrt
122.0000    0    2.000   1.0000          NULL 
124.0000    6    2.000   1.0000         pwNov
126.0000    1    2.000   1.0000         rwRep
128.0000    5    2.000   1.0000         pwOrt
130.0000    3    2.000   1.0000         rwNov
132.0000    4    2.000   1.0000         pwRep
134.0000    0   10.000   1.0000          NULL 
144.0000    1    2.000   1.0000         rwRep
146.0000    2    2.000   1.0000         rwOrt
148.0000    0    4.000   1.0000          NULL 
152.0000    6    2.000   1.0000         pwNov
154.0000    3    2.000   1.0000         rwNov
156.0000    6    2.000   1.0000         pwNov
158.0000    0    2.000   1.0000          NULL 
160.0000    5    2.000   1.0000         pwOrt
162.0000    0    2.000   1.0000          NULL 
164.0000    3    2.000   1.0000         rwNov
166.0000    3    2.000   1.0000         rwNov
168.0000    2    2.000   1.0000         rwOrt
170.0000    6    2.000   1.0000         pwNov
172.0000    0    2.000   1.0000          NULL 
174.0000    1    2.000   1.0000         rwRep
176.0000    6    2.000   1.0000         pwNov
178.0000    0    4.000   1.0000          NULL 
182.0000    5    2.000   1.0000         pwOrt
184.0000    6    2.000   1.0000         pwNov
186.0000    4    2.000   1.0000         pwRep
188.0000    6    2.000   1.0000         pwNov
190.0000    0    4.000   1.0000          NULL 
194.0000    2    2.000   1.0000         rwOrt
196.0000    0    2.000   1.0000          NULL 
198.0000    4    2.000   1.0000         pwRep
200.0000    1    2.000   1.0000         rwRep
202.0000    2    2.000   1.0000         rwOrt
204.0000    4    2.000   1.0000         pwRep
206.0000    3    2.000   1.0000         rwNov
208.0000    0    4.000   1.0000          NULL 
212.0000    3    2.000   1.0000         rwNov
214.0000    2    2.000   1.0000         rwOrt
216.0000    3    2.000   1.0000         rwNov
218.0000    4    2.000   1.0000         pwRep
220.0000    6    2.000   1.0000         pwNov
222.0000    5    2.000   1.0000         pwOrt
224.0000    5    2.000   1.0000         pwOrt
226.0000    0    4.000   1.0000          NULL 
230.0000    5    2.000   1.0000         pwOrt
232.0000    2    2.000   1.0000         rwOrt
234.0000    5    2.000   1.0000         pwOrt
236.0000    3    2.000   1.0000         rwNov
238.0000    0    6.000   1.0000          NULL 
244.0000    1    2.000   1.0000         rwRep
246.0000    0    2.000   1.0000          NULL 
248.0000    1    2.000   1.0000         rwRep
250.0000    5    2.000   1.0000         pwOrt
252.0000    3    2.000   1.0000         rwNov
254.0000    1    2.000   1.0000         rwRep
256.0000    2    2.000   1.0000         rwOrt
258.0000    1    2.000   1.0000         rwRep
260.0000    0    6.000   1.0000          NULL 
266.0000    5    2.000   1.0000         pwOrt
268.0000    6    2.000   1.0000         pwNov
270.0000    0    2.000   1.0000          NULL 
272.0000    5    2.000   1.0000         pwOrt
274.0000    0    2.000   1.0000          NULL 
276.0000    1    2.000   1.0000         rwRep
278.0000    5    2.000   1.0000         pwOrt
280.0000    6    2.000   1.0000         pwNov
282.0000    4    2.000   1.0000         pwRep
284.0000    0    2.000   1.0000          NULL 
286.0000    3    2.000   1.0000         rwNov
288.0000    0    4.000   1.0000          NULL 
292.0000    4    2.000   1.0000         pwRep
294.0000    6    2.000   1.0000         pwNov
296.0000    6    2.000   1.0000         pwNov
298.0000    3    2.000   1.0000         rwNov
300.0000    0    2.000   1.0000          NULL 
302.0000    5    2.000   1.0000         pwOrt
304.0000    2    2.000   1.0000         rwOrt
306.0000    0    8.000   1.0000          NULL 
314.0000    1    2.000   1.0000         rwRep
316.0000    4    2.000   1.0000         pwRep
318.0000    5    2.000   1.0000         pwOrt
320.0000    3    2.000   1.0000         rwNov
322.0000    0    4.000   1.0000          NULL 
326.0000    4    2.000   1.0000         pwRep
328.0000    4    2.000   1.0000         pwRep
330.0000    1    2.000   1.0000         rwRep
332.0000    6    2.000   1.0000         pwNov
334.0000    4    2.000   1.0000         pwRep
336.0000    6    2.000   1.0000         pwNov
338.0000    3    2.000   1.0000         rwNov
340.0000    0    2.000   1.0000          NULL 
342.0000    6    2.000   1.0000         pwNov
344.0000    5    2.000   1.0000         pwOrt
346.0000    0    4.000   1.0000          NULL 
350.0000    3    2.000   1.0000         rwNov
352.0000    2    2.000   1.0000         rwOrt
354.0000    5    2.000   1.0000         pwOrt
356.0000    2    2.000   1.0000         rwOrt
358.0000    0    2.000   1.0000          NULL 
