  0.0000    2    2.000   1.0000         rwOrt
  2.0000    1    2.000   1.0000         rwRep
  4.0000    0    2.000   1.0000          NULL 
  6.0000    5    2.000   1.0000         pwOrt
  8.0000    6    2.000   1.0000         pwNov
 10.0000    2    2.000   1.0000         rwOrt
 12.0000    1    2.000   1.0000         rwRep
 14.0000    1    2.000   1.0000         rwRep
 16.0000    0    4.000   1.0000          NULL 
 20.0000    1    2.000   1.0000         rwRep
 22.0000    0    2.000   1.0000          NULL 
 24.0000    2    2.000   1.0000         rwOrt
 26.0000    6    2.000   1.0000         pwNov
 28.0000    0    2.000   1.0000          NULL 
 30.0000    2    2.000   1.0000         rwOrt
 32.0000    2    2.000   1.0000         rwOrt
 34.0000    3    2.000   1.0000         rwNov
 36.0000    2    2.000   1.0000         rwOrt
 38.0000    3    2.000   1.0000         rwNov
 40.0000    0    4.000   1.0000          NULL 
 44.0000    4    2.000   1.0000         pwRep
 46.0000    0    2.000   1.0000          NULL 
 48.0000    4    2.000   1.0000         pwRep
 50.0000    0    4.000   1.0000          NULL 
 54.0000    4    2.000   1.0000         pwRep
 56.0000    3    2.000   1.0000         rwNov
 58.0000    0    2.000   1.0000          NULL 
 60.0000    1    2.000   1.0000         rwRep
 62.0000    2    2.000   1.0000         rwOrt
 64.0000    6    2.000   1.0000         pwNov
 66.0000    0    2.000   1.0000          NULL 
 68.0000    3    2.000   1.0000         rwNov
 70.0000    3    2.000   1.0000         rwNov
 72.0000    2    2.000   1.0000         rwOrt
 74.0000    0    2.000   1.0000          NULL 
 76.0000    4    2.000   1.0000         pwRep
 78.0000    3    2.000   1.0000         rwNov
 80.0000    0    2.000   1.0000          NULL 
 82.0000    5    2.000   1.0000         pwOrt
 84.0000    1    2.000   1.0000         rwRep
 86.0000    6    2.000   1.0000         pwNov
 88.0000    6    2.000   1.0000         pwNov
 90.0000    5    2.000   1.0000         pwOrt
 92.0000    1    2.000   1.0000         rwRep
 94.0000    1    2.000   1.0000         rwRep
 96.0000    5    2.000   1.0000         pwOrt
 98.0000    5    2.000   1.0000         pwOrt
100.0000    5    2.000   1.0000         pwOrt
102.0000    4    2.000   1.0000         pwRep
104.0000    0    4.000   1.0000          NULL 
108.0000    3    2.000   1.0000         rwNov
110.0000    0    2.000   1.0000          NULL 
112.0000    5    2.000   1.0000         pwOrt
114.0000    6    2.000   1.0000         pwNov
116.0000    5    2.000   1.0000         pwOrt
118.0000    4    2.000   1.0000         pwRep
120.0000    5    2.000   1.0000         pwOrt
122.0000    6    2.000   1.0000         pwNov
124.0000    0    2.000   1.0000          NULL 
126.0000    6    2.000   1.0000         pwNov
128.0000    6    2.000   1.0000         pwNov
130.0000    0    2.000   1.0000          NULL 
132.0000    5    2.000   1.0000         pwOrt
134.0000    0    6.000   1.0000          NULL 
140.0000    4    2.000   1.0000         pwRep
142.0000    1    2.000   1.0000         rwRep
144.0000    1    2.000   1.0000         rwRep
146.0000    3    2.000   1.0000         rwNov
148.0000    4    2.000   1.0000         pwRep
150.0000    2    2.000   1.0000         rwOrt
152.0000    3    2.000   1.0000         rwNov
154.0000    0    4.000   1.0000          NULL 
158.0000    5    2.000   1.0000         pwOrt
160.0000    1    2.000   1.0000         rwRep
162.0000    6    2.000   1.0000         pwNov
164.0000    0    4.000   1.0000          NULL 
168.0000    2    2.000   1.0000         rwOrt
170.0000    6    2.000   1.0000         pwNov
172.0000    1    2.000   1.0000         rwRep
174.0000    0    6.000   1.0000          NULL 
180.0000    6    2.000   1.0000         pwNov
182.0000    0    2.000   1.0000          NULL 
184.0000    5    2.000   1.0000         pwOrt
186.0000    0    2.000   1.0000          NULL 
188.0000    3    2.000   1.0000         rwNov
190.0000    4    2.000   1.0000         pwRep
192.0000    0    4.000   1.0000          NULL 
196.0000    5    2.000   1.0000         pwOrt
198.0000    0    4.000   1.0000          NULL 
202.0000    3    2.000   1.0000         rwNov
204.0000    1    2.000   1.0000         rwRep
206.0000    1    2.000   1.0000         rwRep
208.0000    0    2.000   1.0000          NULL 
210.0000    2    2.000   1.0000         rwOrt
212.0000    0    6.000   1.0000          NULL 
218.0000    4    2.000   1.0000         pwRep
220.0000    6    2.000   1.0000         pwNov
222.0000    2    2.000   1.0000         rwOrt
224.0000    0    2.000   1.0000          NULL 
226.0000    6    2.000   1.0000         pwNov
228.0000    6    2.000   1.0000         pwNov
230.0000    5    2.000   1.0000         pwOrt
232.0000    5    2.000   1.0000         pwOrt
234.0000    0    6.000   1.0000          NULL 
240.0000    3    2.000   1.0000         rwNov
242.0000    0    2.000   1.0000          NULL 
244.0000    2    2.000   1.0000         rwOrt
246.0000    3    2.000   1.0000         rwNov
248.0000    6    2.000   1.0000         pwNov
250.0000    0    6.000   1.0000          NULL 
256.0000    6    2.000   1.0000         pwNov
258.0000    4    2.000   1.0000         pwRep
260.0000    4    2.000   1.0000         pwRep
262.0000    2    2.000   1.0000         rwOrt
264.0000    4    2.000   1.0000         pwRep
266.0000    1    2.000   1.0000         rwRep
268.0000    6    2.000   1.0000         pwNov
270.0000    4    2.000   1.0000         pwRep
272.0000    6    2.000   1.0000         pwNov
274.0000    0    2.000   1.0000          NULL 
276.0000    4    2.000   1.0000         pwRep
278.0000    4    2.000   1.0000         pwRep
280.0000    0    2.000   1.0000          NULL 
282.0000    1    2.000   1.0000         rwRep
284.0000    0    2.000   1.0000          NULL 
286.0000    5    2.000   1.0000         pwOrt
288.0000    2    2.000   1.0000         rwOrt
290.0000    4    2.000   1.0000         pwRep
292.0000    3    2.000   1.0000         rwNov
294.0000    1    2.000   1.0000         rwRep
296.0000    0    2.000   1.0000          NULL 
298.0000    2    2.000   1.0000         rwOrt
300.0000    0    2.000   1.0000          NULL 
302.0000    5    2.000   1.0000         pwOrt
304.0000    3    2.000   1.0000         rwNov
306.0000    2    2.000   1.0000         rwOrt
308.0000    5    2.000   1.0000         pwOrt
310.0000    0    8.000   1.0000          NULL 
318.0000    1    2.000   1.0000         rwRep
320.0000    3    2.000   1.0000         rwNov
322.0000    3    2.000   1.0000         rwNov
324.0000    3    2.000   1.0000         rwNov
326.0000    6    2.000   1.0000         pwNov
328.0000    4    2.000   1.0000         pwRep
330.0000    2    2.000   1.0000         rwOrt
332.0000    2    2.000   1.0000         rwOrt
334.0000    2    2.000   1.0000         rwOrt
336.0000    5    2.000   1.0000         pwOrt
338.0000    0    2.000   1.0000          NULL 
340.0000    4    2.000   1.0000         pwRep
342.0000    0    2.000   1.0000          NULL 
344.0000    3    2.000   1.0000         rwNov
346.0000    4    2.000   1.0000         pwRep
348.0000    5    2.000   1.0000         pwOrt
350.0000    0    2.000   1.0000          NULL 
352.0000    3    2.000   1.0000         rwNov
354.0000    1    2.000   1.0000         rwRep
356.0000    1    2.000   1.0000         rwRep
358.0000    0    2.000   1.0000          NULL 
