  0.0000    1    2.000   1.0000         rwRep
  2.0000    2    2.000   1.0000         rwOrt
  4.0000    0    4.000   1.0000          NULL 
  8.0000    6    2.000   1.0000         pwNov
 10.0000    0    2.000   1.0000          NULL 
 12.0000    2    2.000   1.0000         rwOrt
 14.0000    0    2.000   1.0000          NULL 
 16.0000    6    2.000   1.0000         pwNov
 18.0000    0    2.000   1.0000          NULL 
 20.0000    5    2.000   1.0000         pwOrt
 22.0000    5    2.000   1.0000         pwOrt
 24.0000    5    2.000   1.0000         pwOrt
 26.0000    1    2.000   1.0000         rwRep
 28.0000    3    2.000   1.0000         rwNov
 30.0000    2    2.000   1.0000         rwOrt
 32.0000    0    6.000   1.0000          NULL 
 38.0000    5    2.000   1.0000         pwOrt
 40.0000    2    2.000   1.0000         rwOrt
 42.0000    3    2.000   1.0000         rwNov
 44.0000    0    6.000   1.0000          NULL 
 50.0000    6    2.000   1.0000         pwNov
 52.0000    5    2.000   1.0000         pwOrt
 54.0000    0    4.000   1.0000          NULL 
 58.0000    6    2.000   1.0000         pwNov
 60.0000    0    2.000   1.0000          NULL 
 62.0000    2    2.000   1.0000         rwOrt
 64.0000    6    2.000   1.0000         pwNov
 66.0000    5    2.000   1.0000         pwOrt
 68.0000    6    2.000   1.0000         pwNov
 70.0000    0    2.000   1.0000          NULL 
 72.0000    5    2.000   1.0000         pwOrt
 74.0000    0    2.000   1.0000          NULL 
 76.0000    5    2.000   1.0000         pwOrt
 78.0000    3    2.000   1.0000         rwNov
 80.0000    1    2.000   1.0000         rwRep
 82.0000    0    2.000   1.0000          NULL 
 84.0000    5    2.000   1.0000         pwOrt
 86.0000    0    4.000   1.0000          NULL 
 90.0000    3    2.000   1.0000         rwNov
 92.0000    1    2.000   1.0000         rwRep
 94.0000    6    2.000   1.0000         pwNov
 96.0000    1    2.000   1.0000         rwRep
 98.0000    4    2.000   1.0000         pwRep
100.0000    1    2.000   1.0000         rwRep
102.0000    2    2.000   1.0000         rwOrt
104.0000    6    2.000   1.0000         pwNov
106.0000    0    2.000   1.0000          NULL 
108.0000    5    2.000   1.0000         pwOrt
110.0000    6    2.000   1.0000         pwNov
112.0000    4    2.000   1.0000         pwRep
114.0000    0    2.000   1.0000          NULL 
116.0000    3    2.000   1.0000         rwNov
118.0000    0    2.000   1.0000          NULL 
120.0000    4    2.000   1.0000         pwRep
122.0000    3    2.000   1.0000         rwNov
124.0000    0    2.000   1.0000          NULL 
126.0000    4    2.000   1.0000         pwRep
128.0000    4    2.000   1.0000         pwRep
130.0000    1    2.000   1.0000         rwRep
132.0000    6    2.000   1.0000         pwNov
134.0000    6    2.000   1.0000         pwNov
136.0000    0    2.000   1.0000          NULL 
138.0000    1    2.000   1.0000         rwRep
140.0000    0    2.000   1.0000          NULL 
142.0000    2    2.000   1.0000         rwOrt
144.0000    4    2.000   1.0000         pwRep
146.0000    5    2.000   1.0000         pwOrt
148.0000    0    2.000   1.0000          NULL 
150.0000    1    2.000   1.0000         rwRep
152.0000    4    2.000   1.0000         pwRep
154.0000    0    4.000   1.0000          NULL 
158.0000    1    2.000   1.0000         rwRep
160.0000    0    2.000   1.0000          NULL 
162.0000    6    2.000   1.0000         pwNov
164.0000    3    2.000   1.0000         rwNov
166.0000    4    2.000   1.0000         pwRep
168.0000    3    2.000   1.0000         rwNov
170.0000    1    2.000   1.0000         rwRep
172.0000    0    2.000   1.0000          NULL 
174.0000    2    2.000   1.0000         rwOrt
176.0000    0    2.000   1.0000          NULL 
178.0000    6    2.000   1.0000         pwNov
180.0000    4    2.000   1.0000         pwRep
182.0000    5    2.000   1.0000         pwOrt
184.0000    0    2.000   1.0000          NULL 
186.0000    3    2.000   1.0000         rwNov
188.0000    0    2.000   1.0000          NULL 
190.0000    2    2.000   1.0000         rwOrt
192.0000    2    2.000   1.0000         rwOrt
194.0000    0    2.000   1.0000          NULL 
196.0000    4    2.000   1.0000         pwRep
198.0000    6    2.000   1.0000         pwNov
200.0000    5    2.000   1.0000         pwOrt
202.0000    4    2.000   1.0000         pwRep
204.0000    0    4.000   1.0000          NULL 
208.0000    5    2.000   1.0000         pwOrt
210.0000    0    2.000   1.0000          NULL 
212.0000    4    2.000   1.0000         pwRep
214.0000    6    2.000   1.0000         pwNov
216.0000    2    2.000   1.0000         rwOrt
218.0000    3    2.000   1.0000         rwNov
220.0000    3    2.000   1.0000         rwNov
222.0000    5    2.000   1.0000         pwOrt
224.0000    0    2.000   1.0000          NULL 
226.0000    3    2.000   1.0000         rwNov
228.0000    4    2.000   1.0000         pwRep
230.0000    3    2.000   1.0000         rwNov
232.0000    1    2.000   1.0000         rwRep
234.0000    0    4.000   1.0000          NULL 
238.0000    2    2.000   1.0000         rwOrt
240.0000    1    2.000   1.0000         rwRep
242.0000    1    2.000   1.0000         rwRep
244.0000    1    2.000   1.0000         rwRep
246.0000    3    2.000   1.0000         rwNov
248.0000    0    2.000   1.0000          NULL 
250.0000    5    2.000   1.0000         pwOrt
252.0000    2    2.000   1.0000         rwOrt
254.0000    6    2.000   1.0000         pwNov
256.0000    1    2.000   1.0000         rwRep
258.0000    0    2.000   1.0000          NULL 
260.0000    4    2.000   1.0000         pwRep
262.0000    0    4.000   1.0000          NULL 
266.0000    3    2.000   1.0000         rwNov
268.0000    0    2.000   1.0000          NULL 
270.0000    4    2.000   1.0000         pwRep
272.0000    6    2.000   1.0000         pwNov
274.0000    2    2.000   1.0000         rwOrt
276.0000    0    2.000   1.0000          NULL 
278.0000    5    2.000   1.0000         pwOrt
280.0000    4    2.000   1.0000         pwRep
282.0000    0    4.000   1.0000          NULL 
286.0000    3    2.000   1.0000         rwNov
288.0000    2    2.000   1.0000         rwOrt
290.0000    0    2.000   1.0000          NULL 
292.0000    5    2.000   1.0000         pwOrt
294.0000    1    2.000   1.0000         rwRep
296.0000    5    2.000   1.0000         pwOrt
298.0000    0    8.000   1.0000          NULL 
306.0000    5    2.000   1.0000         pwOrt
308.0000    2    2.000   1.0000         rwOrt
310.0000    2    2.000   1.0000         rwOrt
312.0000    2    2.000   1.0000         rwOrt
314.0000    0    2.000   1.0000          NULL 
316.0000    6    2.000   1.0000         pwNov
318.0000    2    2.000   1.0000         rwOrt
320.0000    1    2.000   1.0000         rwRep
322.0000    4    2.000   1.0000         pwRep
324.0000    1    2.000   1.0000         rwRep
326.0000    3    2.000   1.0000         rwNov
328.0000    4    2.000   1.0000         pwRep
330.0000    6    2.000   1.0000         pwNov
332.0000    4    2.000   1.0000         pwRep
334.0000    0    2.000   1.0000          NULL 
336.0000    3    2.000   1.0000         rwNov
338.0000    0    2.000   1.0000          NULL 
340.0000    2    2.000   1.0000         rwOrt
342.0000    0    2.000   1.0000          NULL 
344.0000    1    2.000   1.0000         rwRep
346.0000    0    2.000   1.0000          NULL 
348.0000    4    2.000   1.0000         pwRep
350.0000    0    2.000   1.0000          NULL 
352.0000    6    2.000   1.0000         pwNov
354.0000    3    2.000   1.0000         rwNov
356.0000    0    2.000   1.0000          NULL 
358.0000    3    2.000   1.0000         rwNov
