  0.0000    5    2.000   1.0000         pwOrt
  2.0000    3    2.000   1.0000         rwNov
  4.0000    3    2.000   1.0000         rwNov
  6.0000    0    2.000   1.0000          NULL 
  8.0000    1    2.000   1.0000         rwRep
 10.0000    5    2.000   1.0000         pwOrt
 12.0000    5    2.000   1.0000         pwOrt
 14.0000    0    2.000   1.0000          NULL 
 16.0000    5    2.000   1.0000         pwOrt
 18.0000    3    2.000   1.0000         rwNov
 20.0000    6    2.000   1.0000         pwNov
 22.0000    4    2.000   1.0000         pwRep
 24.0000    1    2.000   1.0000         rwRep
 26.0000    0    2.000   1.0000          NULL 
 28.0000    5    2.000   1.0000         pwOrt
 30.0000    0    2.000   1.0000          NULL 
 32.0000    1    2.000   1.0000         rwRep
 34.0000    6    2.000   1.0000         pwNov
 36.0000    6    2.000   1.0000         pwNov
 38.0000    2    2.000   1.0000         rwOrt
 40.0000    0    2.000   1.0000          NULL 
 42.0000    5    2.000   1.0000         pwOrt
 44.0000    3    2.000   1.0000         rwNov
 46.0000    4    2.000   1.0000         pwRep
 48.0000    0    2.000   1.0000          NULL 
 50.0000    2    2.000   1.0000         rwOrt
 52.0000    0    2.000   1.0000          NULL 
 54.0000    1    2.000   1.0000         rwRep
 56.0000    4    2.000   1.0000         pwRep
 58.0000    0    2.000   1.0000          NULL 
 60.0000    2    2.000   1.0000         rwOrt
 62.0000    0    2.000   1.0000          NULL 
 64.0000    3    2.000   1.0000         rwNov
 66.0000    3    2.000   1.0000         rwNov
 68.0000    0    2.000   1.0000          NULL 
 70.0000    4    2.000   1.0000         pwRep
 72.0000    0    2.000   1.0000          NULL 
 74.0000    4    2.000   1.0000         pwRep
 76.0000    3    2.000   1.0000         rwNov
 78.0000    6    2.000   1.0000         pwNov
 80.0000    0    2.000   1.0000          NULL 
 82.0000    6    2.000   1.0000         pwNov
 84.0000    6    2.000   1.0000         pwNov
 86.0000    5    2.000   1.0000         pwOrt
 88.0000    1    2.000   1.0000         rwRep
 90.0000    0    2.000   1.0000          NULL 
 92.0000    3    2.000   1.0000         rwNov
 94.0000    2    2.000   1.0000         rwOrt
 96.0000    0    2.000   1.0000          NULL 
 98.0000    6    2.000   1.0000         pwNov
100.0000    2    2.000   1.0000         rwOrt
102.0000    0    2.000   1.0000          NULL 
104.0000    4    2.000   1.0000         pwRep
106.0000    0    2.000   1.0000          NULL 
108.0000    3    2.000   1.0000         rwNov
110.0000    0    2.000   1.0000          NULL 
112.0000    2    2.000   1.0000         rwOrt
114.0000    6    2.000   1.0000         pwNov
116.0000    3    2.000   1.0000         rwNov
118.0000    2    2.000   1.0000         rwOrt
120.0000    0    4.000   1.0000          NULL 
124.0000    6    2.000   1.0000         pwNov
126.0000    0    4.000   1.0000          NULL 
130.0000    2    2.000   1.0000         rwOrt
132.0000    4    2.000   1.0000         pwRep
134.0000    1    2.000   1.0000         rwRep
136.0000    5    2.000   1.0000         pwOrt
138.0000    5    2.000   1.0000         pwOrt
140.0000    0    2.000   1.0000          NULL 
142.0000    4    2.000   1.0000         pwRep
144.0000    1    2.000   1.0000         rwRep
146.0000    6    2.000   1.0000         pwNov
148.0000    6    2.000   1.0000         pwNov
150.0000    0    2.000   1.0000          NULL 
152.0000    4    2.000   1.0000         pwRep
154.0000    0    2.000   1.0000          NULL 
156.0000    3    2.000   1.0000         rwNov
158.0000    2    2.000   1.0000         rwOrt
160.0000    3    2.000   1.0000         rwNov
162.0000    0    2.000   1.0000          NULL 
164.0000    3    2.000   1.0000         rwNov
166.0000    0    4.000   1.0000          NULL 
170.0000    2    2.000   1.0000         rwOrt
172.0000    5    2.000   1.0000         pwOrt
174.0000    5    2.000   1.0000         pwOrt
176.0000    2    2.000   1.0000         rwOrt
178.0000    5    2.000   1.0000         pwOrt
180.0000    1    2.000   1.0000         rwRep
182.0000    1    2.000   1.0000         rwRep
184.0000    6    2.000   1.0000         pwNov
186.0000    0    2.000   1.0000          NULL 
188.0000    3    2.000   1.0000         rwNov
190.0000    2    2.000   1.0000         rwOrt
192.0000    0    4.000   1.0000          NULL 
196.0000    3    2.000   1.0000         rwNov
198.0000    6    2.000   1.0000         pwNov
200.0000    1    2.000   1.0000         rwRep
202.0000    0    2.000   1.0000          NULL 
204.0000    1    2.000   1.0000         rwRep
206.0000    0    4.000   1.0000          NULL 
210.0000    4    2.000   1.0000         pwRep
212.0000    0    4.000   1.0000          NULL 
216.0000    2    2.000   1.0000         rwOrt
218.0000    5    2.000   1.0000         pwOrt
220.0000    4    2.000   1.0000         pwRep
222.0000    2    2.000   1.0000         rwOrt
224.0000    0    2.000   1.0000          NULL 
226.0000    2    2.000   1.0000         rwOrt
228.0000    0    2.000   1.0000          NULL 
230.0000    4    2.000   1.0000         pwRep
232.0000    4    2.000   1.0000         pwRep
234.0000    5    2.000   1.0000         pwOrt
236.0000    1    2.000   1.0000         rwRep
238.0000    0    8.000   1.0000          NULL 
246.0000    4    2.000   1.0000         pwRep
248.0000    1    2.000   1.0000         rwRep
250.0000    5    2.000   1.0000         pwOrt
252.0000    1    2.000   1.0000         rwRep
254.0000    1    2.000   1.0000         rwRep
256.0000    3    2.000   1.0000         rwNov
258.0000    4    2.000   1.0000         pwRep
260.0000    4    2.000   1.0000         pwRep
262.0000    6    2.000   1.0000         pwNov
264.0000    3    2.000   1.0000         rwNov
266.0000    0    4.000   1.0000          NULL 
270.0000    5    2.000   1.0000         pwOrt
272.0000    0    2.000   1.0000          NULL 
274.0000    6    2.000   1.0000         pwNov
276.0000    2    2.000   1.0000         rwOrt
278.0000    6    2.000   1.0000         pwNov
280.0000    0    4.000   1.0000          NULL 
284.0000    2    2.000   1.0000         rwOrt
286.0000    3    2.000   1.0000         rwNov
288.0000    0    2.000   1.0000          NULL 
290.0000    6    2.000   1.0000         pwNov
292.0000    0    4.000   1.0000          NULL 
296.0000    3    2.000   1.0000         rwNov
298.0000    2    2.000   1.0000         rwOrt
300.0000    5    2.000   1.0000         pwOrt
302.0000    4    2.000   1.0000         pwRep
304.0000    0    4.000   1.0000          NULL 
308.0000    5    2.000   1.0000         pwOrt
310.0000    4    2.000   1.0000         pwRep
312.0000    2    2.000   1.0000         rwOrt
314.0000    0    2.000   1.0000          NULL 
316.0000    6    2.000   1.0000         pwNov
318.0000    1    2.000   1.0000         rwRep
320.0000    0    4.000   1.0000          NULL 
324.0000    6    2.000   1.0000         pwNov
326.0000    4    2.000   1.0000         pwRep
328.0000    6    2.000   1.0000         pwNov
330.0000    4    2.000   1.0000         pwRep
332.0000    1    2.000   1.0000         rwRep
334.0000    0    2.000   1.0000          NULL 
336.0000    3    2.000   1.0000         rwNov
338.0000    0    2.000   1.0000          NULL 
340.0000    1    2.000   1.0000         rwRep
342.0000    5    2.000   1.0000         pwOrt
344.0000    0    6.000   1.0000          NULL 
350.0000    1    2.000   1.0000         rwRep
352.0000    5    2.000   1.0000         pwOrt
354.0000    2    2.000   1.0000         rwOrt
356.0000    0    2.000   1.0000          NULL 
358.0000    1    2.000   1.0000         rwRep
