  0.0000    3    2.000   1.0000         rwNov
  2.0000    6    2.000   1.0000         pwNov
  4.0000    5    2.000   1.0000         pwOrt
  6.0000    0    2.000   1.0000          NULL 
  8.0000    3    2.000   1.0000         rwNov
 10.0000    2    2.000   1.0000         rwOrt
 12.0000    0    2.000   1.0000          NULL 
 14.0000    3    2.000   1.0000         rwNov
 16.0000    4    2.000   1.0000         pwRep
 18.0000    0    2.000   1.0000          NULL 
 20.0000    6    2.000   1.0000         pwNov
 22.0000    4    2.000   1.0000         pwRep
 24.0000    6    2.000   1.0000         pwNov
 26.0000    6    2.000   1.0000         pwNov
 28.0000    0    2.000   1.0000          NULL 
 30.0000    2    2.000   1.0000         rwOrt
 32.0000    4    2.000   1.0000         pwRep
 34.0000    0    6.000   1.0000          NULL 
 40.0000    2    2.000   1.0000         rwOrt
 42.0000    3    2.000   1.0000         rwNov
 44.0000    1    2.000   1.0000         rwRep
 46.0000    6    2.000   1.0000         pwNov
 48.0000    5    2.000   1.0000         pwOrt
 50.0000    1    2.000   1.0000         rwRep
 52.0000    3    2.000   1.0000         rwNov
 54.0000    0    4.000   1.0000          NULL 
 58.0000    3    2.000   1.0000         rwNov
 60.0000    6    2.000   1.0000         pwNov
 62.0000    5    2.000   1.0000         pwOrt
 64.0000    2    2.000   1.0000         rwOrt
 66.0000    0    4.000   1.0000          NULL 
 70.0000    3    2.000   1.0000         rwNov
 72.0000    2    2.000   1.0000         rwOrt
 74.0000    5    2.000   1.0000         pwOrt
 76.0000    3    2.000   1.0000         rwNov
 78.0000    5    2.000   1.0000         pwOrt
 80.0000    0    6.000   1.0000          NULL 
 86.0000    4    2.000   1.0000         pwRep
 88.0000    5    2.000   1.0000         pwOrt
 90.0000    5    2.000   1.0000         pwOrt
 92.0000    4    2.000   1.0000         pwRep
 94.0000    3    2.000   1.0000         rwNov
 96.0000    0    2.000   1.0000          NULL 
 98.0000    1    2.000   1.0000         rwRep
100.0000    0    2.000   1.0000          NULL 
102.0000    1    2.000   1.0000         rwRep
104.0000    0    2.000   1.0000          NULL 
106.0000    4    2.000   1.0000         pwRep
108.0000    0    2.000   1.0000          NULL 
110.0000    2    2.000   1.0000         rwOrt
112.0000    4    2.000   1.0000         pwRep
114.0000    4    2.000   1.0000         pwRep
116.0000    3    2.000   1.0000         rwNov
118.0000    1    2.000   1.0000         rwRep
120.0000    3    2.000   1.0000         rwNov
122.0000    4    2.000   1.0000         pwRep
124.0000    2    2.000   1.0000         rwOrt
126.0000    0    2.000   1.0000          NULL 
128.0000    5    2.000   1.0000         pwOrt
130.0000    0    2.000   1.0000          NULL 
132.0000    5    2.000   1.0000         pwOrt
134.0000    1    2.000   1.0000         rwRep
136.0000    4    2.000   1.0000         pwRep
138.0000    0    2.000   1.0000          NULL 
140.0000    1    2.000   1.0000         rwRep
142.0000    0    2.000   1.0000          NULL 
144.0000    5    2.000   1.0000         pwOrt
146.0000    3    2.000   1.0000         rwNov
148.0000    2    2.000   1.0000         rwOrt
150.0000    1    2.000   1.0000         rwRep
152.0000    0    2.000   1.0000          NULL 
154.0000    3    2.000   1.0000         rwNov
156.0000    0    4.000   1.0000          NULL 
160.0000    1    2.000   1.0000         rwRep
162.0000    5    2.000   1.0000         pwOrt
164.0000    3    2.000   1.0000         rwNov
166.0000    2    2.000   1.0000         rwOrt
168.0000    2    2.000   1.0000         rwOrt
170.0000    1    2.000   1.0000         rwRep
172.0000    6    2.000   1.0000         pwNov
174.0000    0    4.000   1.0000          NULL 
178.0000    5    2.000   1.0000         pwOrt
180.0000    3    2.000   1.0000         rwNov
182.0000    0    4.000   1.0000          NULL 
186.0000    6    2.000   1.0000         pwNov
188.0000    1    2.000   1.0000         rwRep
190.0000    0    4.000   1.0000          NULL 
194.0000    4    2.000   1.0000         pwRep
196.0000    5    2.000   1.0000         pwOrt
198.0000    4    2.000   1.0000         pwRep
200.0000    1    2.000   1.0000         rwRep
202.0000    0    2.000   1.0000          NULL 
204.0000    5    2.000   1.0000         pwOrt
206.0000    6    2.000   1.0000         pwNov
208.0000    0    2.000   1.0000          NULL 
210.0000    4    2.000   1.0000         pwRep
212.0000    3    2.000   1.0000         rwNov
214.0000    0    4.000   1.0000          NULL 
218.0000    5    2.000   1.0000         pwOrt
220.0000    6    2.000   1.0000         pwNov
222.0000    6    2.000   1.0000         pwNov
224.0000    1    2.000   1.0000         rwRep
226.0000    3    2.000   1.0000         rwNov
228.0000    0    4.000   1.0000          NULL 
232.0000    1    2.000   1.0000         rwRep
234.0000    0    2.000   1.0000          NULL 
236.0000    5    2.000   1.0000         pwOrt
238.0000    4    2.000   1.0000         pwRep
240.0000    1    2.000   1.0000         rwRep
242.0000    1    2.000   1.0000         rwRep
244.0000    0    2.000   1.0000          NULL 
246.0000    6    2.000   1.0000         pwNov
248.0000    0    4.000   1.0000          NULL 
252.0000    4    2.000   1.0000         pwRep
254.0000    0    2.000   1.0000          NULL 
256.0000    4    2.000   1.0000         pwRep
258.0000    0    2.000   1.0000          NULL 
260.0000    1    2.000   1.0000         rwRep
262.0000    4    2.000   1.0000         pwRep
264.0000    2    2.000   1.0000         rwOrt
266.0000    0    2.000   1.0000          NULL 
268.0000    2    2.000   1.0000         rwOrt
270.0000    2    2.000   1.0000         rwOrt
272.0000    6    2.000   1.0000         pwNov
274.0000    1    2.000   1.0000         rwRep
276.0000    0    4.000   1.0000          NULL 
280.0000    2    2.000   1.0000         rwOrt
282.0000    2    2.000   1.0000         rwOrt
284.0000    5    2.000   1.0000         pwOrt
286.0000    0    2.000   1.0000          NULL 
288.0000    6    2.000   1.0000         pwNov
290.0000    0    2.000   1.0000          NULL 
292.0000    4    2.000   1.0000         pwRep
294.0000    3    2.000   1.0000         rwNov
296.0000    0    8.000   1.0000          NULL 
304.0000    6    2.000   1.0000         pwNov
306.0000    0    2.000   1.0000          NULL 
308.0000    4    2.000   1.0000         pwRep
310.0000    2    2.000   1.0000         rwOrt
312.0000    2    2.000   1.0000         rwOrt
314.0000    0    4.000   1.0000          NULL 
318.0000    5    2.000   1.0000         pwOrt
320.0000    6    2.000   1.0000         pwNov
322.0000    1    2.000   1.0000         rwRep
324.0000    2    2.000   1.0000         rwOrt
326.0000    0    2.000   1.0000          NULL 
328.0000    1    2.000   1.0000         rwRep
330.0000    2    2.000   1.0000         rwOrt
332.0000    2    2.000   1.0000         rwOrt
334.0000    5    2.000   1.0000         pwOrt
336.0000    0    2.000   1.0000          NULL 
338.0000    3    2.000   1.0000         rwNov
340.0000    6    2.000   1.0000         pwNov
342.0000    0    2.000   1.0000          NULL 
344.0000    6    2.000   1.0000         pwNov
346.0000    0    2.000   1.0000          NULL 
348.0000    3    2.000   1.0000         rwNov
350.0000    6    2.000   1.0000         pwNov
352.0000    5    2.000   1.0000         pwOrt
354.0000    4    2.000   1.0000         pwRep
356.0000    6    2.000   1.0000         pwNov
358.0000    0    2.000   1.0000          NULL 
