  0.0000    6    2.000   1.0000         pwNov
  2.0000    0    2.000   1.0000          NULL 
  4.0000    4    2.000   1.0000         pwRep
  6.0000    0    2.000   1.0000          NULL 
  8.0000    3    2.000   1.0000         rwNov
 10.0000    2    2.000   1.0000         rwOrt
 12.0000    2    2.000   1.0000         rwOrt
 14.0000    4    2.000   1.0000         pwRep
 16.0000    0    2.000   1.0000          NULL 
 18.0000    1    2.000   1.0000         rwRep
 20.0000    3    2.000   1.0000         rwNov
 22.0000    6    2.000   1.0000         pwNov
 24.0000    3    2.000   1.0000         rwNov
 26.0000    3    2.000   1.0000         rwNov
 28.0000    4    2.000   1.0000         pwRep
 30.0000    4    2.000   1.0000         pwRep
 32.0000    3    2.000   1.0000         rwNov
 34.0000    5    2.000   1.0000         pwOrt
 36.0000    2    2.000   1.0000         rwOrt
 38.0000    2    2.000   1.0000         rwOrt
 40.0000    1    2.000   1.0000         rwRep
 42.0000    0    2.000   1.0000          NULL 
 44.0000    3    2.000   1.0000         rwNov
 46.0000    0    4.000   1.0000          NULL 
 50.0000    4    2.000   1.0000         pwRep
 52.0000    5    2.000   1.0000         pwOrt
 54.0000    2    2.000   1.0000         rwOrt
 56.0000    1    2.000   1.0000         rwRep
 58.0000    0    4.000   1.0000          NULL 
 62.0000    5    2.000   1.0000         pwOrt
 64.0000    5    2.000   1.0000         pwOrt
 66.0000    5    2.000   1.0000         pwOrt
 68.0000    0    2.000   1.0000          NULL 
 70.0000    4    2.000   1.0000         pwRep
 72.0000    0    4.000   1.0000          NULL 
 76.0000    1    2.000   1.0000         rwRep
 78.0000    3    2.000   1.0000         rwNov
 80.0000    6    2.000   1.0000         pwNov
 82.0000    0    2.000   1.0000          NULL 
 84.0000    3    2.000   1.0000         rwNov
 86.0000    4    2.000   1.0000         pwRep
 88.0000    0    4.000   1.0000          NULL 
 92.0000    4    2.000   1.0000         pwRep
 94.0000    3    2.000   1.0000         rwNov
 96.0000    0    2.000   1.0000          NULL 
 98.0000    3    2.000   1.0000         rwNov
100.0000    2    2.000   1.0000         rwOrt
102.0000    5    2.000   1.0000         pwOrt
104.0000    1    2.000   1.0000         rwRep
106.0000    2    2.000   1.0000         rwOrt
108.0000    5    2.000   1.0000         pwOrt
110.0000    4    2.000   1.0000         pwRep
112.0000    2    2.000   1.0000         rwOrt
114.0000    0    2.000   1.0000          NULL 
116.0000    3    2.000   1.0000         rwNov
118.0000    4    2.000   1.0000         pwRep
120.0000    3    2.000   1.0000         rwNov
122.0000    0    2.000   1.0000          NULL 
124.0000    6    2.000   1.0000         pwNov
126.0000    6    2.000   1.0000         pwNov
128.0000    0    4.000   1.0000          NULL 
132.0000    1    2.000   1.0000         rwRep
134.0000    0    4.000   1.0000          NULL 
138.0000    1    2.000   1.0000         rwRep
140.0000    1    2.000   1.0000         rwRep
142.0000    2    2.000   1.0000         rwOrt
144.0000    4    2.000   1.0000         pwRep
146.0000    1    2.000   1.0000         rwRep
148.0000    3    2.000   1.0000         rwNov
150.0000    0    2.000   1.0000          NULL 
152.0000    1    2.000   1.0000         rwRep
154.0000    1    2.000   1.0000         rwRep
156.0000    0    2.000   1.0000          NULL 
158.0000    3    2.000   1.0000         rwNov
160.0000    2    2.000   1.0000         rwOrt
162.0000    0    2.000   1.0000          NULL 
164.0000    2    2.000   1.0000         rwOrt
166.0000    0    2.000   1.0000          NULL 
168.0000    1    2.000   1.0000         rwRep
170.0000    2    2.000   1.0000         rwOrt
172.0000    5    2.000   1.0000         pwOrt
174.0000    2    2.000   1.0000         rwOrt
176.0000    3    2.000   1.0000         rwNov
178.0000    6    2.000   1.0000         pwNov
180.0000    0    2.000   1.0000          NULL 
182.0000    4    2.000   1.0000         pwRep
184.0000    5    2.000   1.0000         pwOrt
186.0000    3    2.000   1.0000         rwNov
188.0000    0    4.000   1.0000          NULL 
192.0000    2    2.000   1.0000         rwOrt
194.0000    1    2.000   1.0000         rwRep
196.0000    0    2.000   1.0000          NULL 
198.0000    4    2.000   1.0000         pwRep
200.0000    6    2.000   1.0000         pwNov
202.0000    4    2.000   1.0000         pwRep
204.0000    4    2.000   1.0000         pwRep
206.0000    1    2.000   1.0000         rwRep
208.0000    6    2.000   1.0000         pwNov
210.0000    2    2.000   1.0000         rwOrt
212.0000    0    2.000   1.0000          NULL 
214.0000    5    2.000   1.0000         pwOrt
216.0000    5    2.000   1.0000         pwOrt
218.0000    2    2.000   1.0000         rwOrt
220.0000    2    2.000   1.0000         rwOrt
222.0000    0    4.000   1.0000          NULL 
226.0000    5    2.000   1.0000         pwOrt
228.0000    1    2.000   1.0000         rwRep
230.0000    0    4.000   1.0000          NULL 
234.0000    5    2.000   1.0000         pwOrt
236.0000    0    2.000   1.0000          NULL 
238.0000    5    2.000   1.0000         pwOrt
240.0000    3    2.000   1.0000         rwNov
242.0000    1    2.000   1.0000         rwRep
244.0000    1    2.000   1.0000         rwRep
246.0000    6    2.000   1.0000         pwNov
248.0000    6    2.000   1.0000         pwNov
250.0000    4    2.000   1.0000         pwRep
252.0000    0    4.000   1.0000          NULL 
256.0000    6    2.000   1.0000         pwNov
258.0000    0    2.000   1.0000          NULL 
260.0000    5    2.000   1.0000         pwOrt
262.0000    4    2.000   1.0000         pwRep
264.0000    0    4.000   1.0000          NULL 
268.0000    2    2.000   1.0000         rwOrt
270.0000    0    4.000   1.0000          NULL 
274.0000    6    2.000   1.0000         pwNov
276.0000    0    4.000   1.0000          NULL 
280.0000    6    2.000   1.0000         pwNov
282.0000    5    2.000   1.0000         pwOrt
284.0000    0    6.000   1.0000          NULL 
290.0000    6    2.000   1.0000         pwNov
292.0000    3    2.000   1.0000         rwNov
294.0000    4    2.000   1.0000         pwRep
296.0000    3    2.000   1.0000         rwNov
298.0000    6    2.000   1.0000         pwNov
300.0000    0    6.000   1.0000          NULL 
306.0000    4    2.000   1.0000         pwRep
308.0000    0    2.000   1.0000          NULL 
310.0000    1    2.000   1.0000         rwRep
312.0000    0    2.000   1.0000          NULL 
314.0000    5    2.000   1.0000         pwOrt
316.0000    3    2.000   1.0000         rwNov
318.0000    0    2.000   1.0000          NULL 
320.0000    6    2.000   1.0000         pwNov
322.0000    6    2.000   1.0000         pwNov
324.0000    5    2.000   1.0000         pwOrt
326.0000    1    2.000   1.0000         rwRep
328.0000    0    2.000   1.0000          NULL 
330.0000    2    2.000   1.0000         rwOrt
332.0000    6    2.000   1.0000         pwNov
334.0000    5    2.000   1.0000         pwOrt
336.0000    0    8.000   1.0000          NULL 
344.0000    6    2.000   1.0000         pwNov
346.0000    6    2.000   1.0000         pwNov
348.0000    0    2.000   1.0000          NULL 
350.0000    2    2.000   1.0000         rwOrt
352.0000    5    2.000   1.0000         pwOrt
354.0000    0    2.000   1.0000          NULL 
356.0000    4    2.000   1.0000         pwRep
358.0000    1    2.000   1.0000         rwRep
