  0.0000    6    2.000   1.0000         pwNov
  2.0000    2    2.000   1.0000         rwOrt
  4.0000    2    2.000   1.0000         rwOrt
  6.0000    1    2.000   1.0000         rwRep
  8.0000    6    2.000   1.0000         pwNov
 10.0000    4    2.000   1.0000         pwRep
 12.0000    2    2.000   1.0000         rwOrt
 14.0000    6    2.000   1.0000         pwNov
 16.0000    1    2.000   1.0000         rwRep
 18.0000    0    2.000   1.0000          NULL 
 20.0000    1    2.000   1.0000         rwRep
 22.0000    4    2.000   1.0000         pwRep
 24.0000    2    2.000   1.0000         rwOrt
 26.0000    4    2.000   1.0000         pwRep
 28.0000    2    2.000   1.0000         rwOrt
 30.0000    0    2.000   1.0000          NULL 
 32.0000    1    2.000   1.0000         rwRep
 34.0000    0    2.000   1.0000          NULL 
 36.0000    1    2.000   1.0000         rwRep
 38.0000    3    2.000   1.0000         rwNov
 40.0000    6    2.000   1.0000         pwNov
 42.0000    1    2.000   1.0000         rwRep
 44.0000    2    2.000   1.0000         rwOrt
 46.0000    0    2.000   1.0000          NULL 
 48.0000    3    2.000   1.0000         rwNov
 50.0000    0    2.000   1.0000          NULL 
 52.0000    2    2.000   1.0000         rwOrt
 54.0000    0    2.000   1.0000          NULL 
 56.0000    3    2.000   1.0000         rwNov
 58.0000    5    2.000   1.0000         pwOrt
 60.0000    1    2.000   1.0000         rwRep
 62.0000    2    2.000   1.0000         rwOrt
 64.0000    3    2.000   1.0000         rwNov
 66.0000    1    2.000   1.0000         rwRep
 68.0000    5    2.000   1.0000         pwOrt
 70.0000    0    2.000   1.0000          NULL 
 72.0000    5    2.000   1.0000         pwOrt
 74.0000    0    2.000   1.0000          NULL 
 76.0000    6    2.000   1.0000         pwNov
 78.0000    2    2.000   1.0000         rwOrt
 80.0000    0    2.000   1.0000          NULL 
 82.0000    4    2.000   1.0000         pwRep
 84.0000    1    2.000   1.0000         rwRep
 86.0000    1    2.000   1.0000         rwRep
 88.0000    0    2.000   1.0000          NULL 
 90.0000    3    2.000   1.0000         rwNov
 92.0000    4    2.000   1.0000         pwRep
 94.0000    1    2.000   1.0000         rwRep
 96.0000    5    2.000   1.0000         pwOrt
 98.0000    4    2.000   1.0000         pwRep
100.0000    3    2.000   1.0000         rwNov
102.0000    6    2.000   1.0000         pwNov
104.0000    0    2.000   1.0000          NULL 
106.0000    1    2.000   1.0000         rwRep
108.0000    3    2.000   1.0000         rwNov
110.0000    4    2.000   1.0000         pwRep
112.0000    0    6.000   1.0000          NULL 
118.0000    3    2.000   1.0000         rwNov
120.0000    0    6.000   1.0000          NULL 
126.0000    5    2.000   1.0000         pwOrt
128.0000    2    2.000   1.0000         rwOrt
130.0000    5    2.000   1.0000         pwOrt
132.0000    5    2.000   1.0000         pwOrt
134.0000    5    2.000   1.0000         pwOrt
136.0000    4    2.000   1.0000         pwRep
138.0000    1    2.000   1.0000         rwRep
140.0000    1    2.000   1.0000         rwRep
142.0000    5    2.000   1.0000         pwOrt
144.0000    0    2.000   1.0000          NULL 
146.0000    6    2.000   1.0000         pwNov
148.0000    6    2.000   1.0000         pwNov
150.0000    0    2.000   1.0000          NULL 
152.0000    4    2.000   1.0000         pwRep
154.0000    0    8.000   1.0000          NULL 
162.0000    6    2.000   1.0000         pwNov
164.0000    0    2.000   1.0000          NULL 
166.0000    6    2.000   1.0000         pwNov
168.0000    3    2.000   1.0000         rwNov
170.0000    1    2.000   1.0000         rwRep
172.0000    0    4.000   1.0000          NULL 
176.0000    1    2.000   1.0000         rwRep
178.0000    4    2.000   1.0000         pwRep
180.0000    2    2.000   1.0000         rwOrt
182.0000    4    2.000   1.0000         pwRep
184.0000    0    2.000   1.0000          NULL 
186.0000    5    2.000   1.0000         pwOrt
188.0000    0    2.000   1.0000          NULL 
190.0000    5    2.000   1.0000         pwOrt
192.0000    6    2.000   1.0000         pwNov
194.0000    5    2.000   1.0000         pwOrt
196.0000    5    2.000   1.0000         pwOrt
198.0000    0    2.000   1.0000          NULL 
200.0000    3    2.000   1.0000         rwNov
202.0000    2    2.000   1.0000         rwOrt
204.0000    5    2.000   1.0000         pwOrt
206.0000    6    2.000   1.0000         pwNov
208.0000    0    2.000   1.0000          NULL 
210.0000    4    2.000   1.0000         pwRep
212.0000    4    2.000   1.0000         pwRep
214.0000    0    2.000   1.0000          NULL 
216.0000    2    2.000   1.0000         rwOrt
218.0000    0    4.000   1.0000          NULL 
222.0000    5    2.000   1.0000         pwOrt
224.0000    5    2.000   1.0000         pwOrt
226.0000    0    6.000   1.0000          NULL 
232.0000    4    2.000   1.0000         pwRep
234.0000    4    2.000   1.0000         pwRep
236.0000    3    2.000   1.0000         rwNov
238.0000    1    2.000   1.0000         rwRep
240.0000    2    2.000   1.0000         rwOrt
242.0000    0    2.000   1.0000          NULL 
244.0000    2    2.000   1.0000         rwOrt
246.0000    0    4.000   1.0000          NULL 
250.0000    2    2.000   1.0000         rwOrt
252.0000    0    2.000   1.0000          NULL 
254.0000    4    2.000   1.0000         pwRep
256.0000    0    2.000   1.0000          NULL 
258.0000    2    2.000   1.0000         rwOrt
260.0000    6    2.000   1.0000         pwNov
262.0000    0    2.000   1.0000          NULL 
264.0000    6    2.000   1.0000         pwNov
266.0000    3    2.000   1.0000         rwNov
268.0000    0    2.000   1.0000          NULL 
270.0000    4    2.000   1.0000         pwRep
272.0000    6    2.000   1.0000         pwNov
274.0000    0    8.000   1.0000          NULL 
282.0000    4    2.000   1.0000         pwRep
284.0000    5    2.000   1.0000         pwOrt
286.0000    3    2.000   1.0000         rwNov
288.0000    3    2.000   1.0000         rwNov
290.0000    1    2.000   1.0000         rwRep
292.0000    3    2.000   1.0000         rwNov
294.0000    6    2.000   1.0000         pwNov
296.0000    0    2.000   1.0000          NULL 
298.0000    4    2.000   1.0000         pwRep
300.0000    0    4.000   1.0000          NULL 
304.0000    6    2.000   1.0000         pwNov
306.0000    2    2.000   1.0000         rwOrt
308.0000    0    4.000   1.0000          NULL 
312.0000    3    2.000   1.0000         rwNov
314.0000    5    2.000   1.0000         pwOrt
316.0000    6    2.000   1.0000         pwNov
318.0000    2    2.000   1.0000         rwOrt
320.0000    0    2.000   1.0000          NULL 
322.0000    6    2.000   1.0000         pwNov
324.0000    3    2.000   1.0000         rwNov
326.0000    1    2.000   1.0000         rwRep
328.0000    0    2.000   1.0000          NULL 
330.0000    1    2.000   1.0000         rwRep
332.0000    0    2.000   1.0000          NULL 
334.0000    5    2.000   1.0000         pwOrt
336.0000    4    2.000   1.0000         pwRep
338.0000    0    2.000   1.0000          NULL 
340.0000    3    2.000   1.0000         rwNov
342.0000    0    2.000   1.0000          NULL 
344.0000    5    2.000   1.0000         pwOrt
346.0000    3    2.000   1.0000         rwNov
348.0000    3    2.000   1.0000         rwNov
350.0000    0    2.000   1.0000          NULL 
352.0000    6    2.000   1.0000         pwNov
354.0000    0    2.000   1.0000          NULL 
356.0000    2    2.000   1.0000         rwOrt
358.0000    0    2.000   1.0000          NULL 
