  0.0000    1    2.000   1.0000         rwRep
  2.0000    3    2.000   1.0000         rwNov
  4.0000    1    2.000   1.0000         rwRep
  6.0000    2    2.000   1.0000         rwOrt
  8.0000    0    2.000   1.0000          NULL 
 10.0000    1    2.000   1.0000         rwRep
 12.0000    0    2.000   1.0000          NULL 
 14.0000    2    2.000   1.0000         rwOrt
 16.0000    5    2.000   1.0000         pwOrt
 18.0000    6    2.000   1.0000         pwNov
 20.0000    0    4.000   1.0000          NULL 
 24.0000    2    2.000   1.0000         rwOrt
 26.0000    1    2.000   1.0000         rwRep
 28.0000    0    2.000   1.0000          NULL 
 30.0000    2    2.000   1.0000         rwOrt
 32.0000    6    2.000   1.0000         pwNov
 34.0000    2    2.000   1.0000         rwOrt
 36.0000    0    2.000   1.0000          NULL 
 38.0000    4    2.000   1.0000         pwRep
 40.0000    1    2.000   1.0000         rwRep
 42.0000    0    2.000   1.0000          NULL 
 44.0000    1    2.000   1.0000         rwRep
 46.0000    5    2.000   1.0000         pwOrt
 48.0000    2    2.000   1.0000         rwOrt
 50.0000    5    2.000   1.0000         pwOrt
 52.0000    5    2.000   1.0000         pwOrt
 54.0000    5    2.000   1.0000         pwOrt
 56.0000    2    2.000   1.0000         rwOrt
 58.0000    1    2.000   1.0000         rwRep
 60.0000    3    2.000   1.0000         rwNov
 62.0000    0    4.000   1.0000          NULL 
 66.0000    4    2.000   1.0000         pwRep
 68.0000    5    2.000   1.0000         pwOrt
 70.0000    0    2.000   1.0000          NULL 
 72.0000    3    2.000   1.0000         rwNov
 74.0000    1    2.000   1.0000         rwRep
 76.0000    5    2.000   1.0000         pwOrt
 78.0000    6    2.000   1.0000         pwNov
 80.0000    0    2.000   1.0000          NULL 
 82.0000    1    2.000   1.0000         rwRep
 84.0000    0    2.000   1.0000          NULL 
 86.0000    5    2.000   1.0000         pwOrt
 88.0000    0    2.000   1.0000          NULL 
 90.0000    6    2.000   1.0000         pwNov
 92.0000    0    2.000   1.0000          NULL 
 94.0000    4    2.000   1.0000         pwRep
 96.0000    0    2.000   1.0000          NULL 
 98.0000    2    2.000   1.0000         rwOrt
100.0000    0    2.000   1.0000          NULL 
102.0000    6    2.000   1.0000         pwNov
104.0000    0    4.000   1.0000          NULL 
108.0000    6    2.000   1.0000         pwNov
110.0000    6    2.000   1.0000         pwNov
112.0000    4    2.000   1.0000         pwRep
114.0000    0    2.000   1.0000          NULL 
116.0000    3    2.000   1.0000         rwNov
118.0000    0    2.000   1.0000          NULL 
120.0000    1    2.000   1.0000         rwRep
122.0000    0    4.000   1.0000          NULL 
126.0000    4    2.000   1.0000         pwRep
128.0000    5    2.000   1.0000         pwOrt
130.0000    2    2.000   1.0000         rwOrt
132.0000    2    2.000   1.0000         rwOrt
134.0000    2    2.000   1.0000         rwOrt
136.0000    1    2.000   1.0000         rwRep
138.0000    4    2.000   1.0000         pwRep
140.0000    4    2.000   1.0000         pwRep
142.0000    2    2.000   1.0000         rwOrt
144.0000    5    2.000   1.0000         pwOrt
146.0000    1    2.000   1.0000         rwRep
148.0000    0    4.000   1.0000          NULL 
152.0000    3    2.000   1.0000         rwNov
154.0000    3    2.000   1.0000         rwNov
156.0000    3    2.000   1.0000         rwNov
158.0000    3    2.000   1.0000         rwNov
160.0000    1    2.000   1.0000         rwRep
162.0000    0    2.000   1.0000          NULL 
164.0000    3    2.000   1.0000         rwNov
166.0000    6    2.000   1.0000         pwNov
168.0000    0    2.000   1.0000          NULL 
170.0000    5    2.000   1.0000         pwOrt
172.0000    0    4.000   1.0000          NULL 
176.0000    3    2.000   1.0000         rwNov
178.0000    0    4.000   1.0000          NULL 
182.0000    5    2.000   1.0000         pwOrt
184.0000    0    2.000   1.0000          NULL 
186.0000    5    2.000   1.0000         pwOrt
188.0000    4    2.000   1.0000         pwRep
190.0000    5    2.000   1.0000         pwOrt
192.0000    6    2.000   1.0000         pwNov
194.0000    0    4.000   1.0000          NULL 
198.0000    3    2.000   1.0000         rwNov
200.0000    3    2.000   1.0000         rwNov
202.0000    1    2.000   1.0000         rwRep
204.0000    1    2.000   1.0000         rwRep
206.0000    3    2.000   1.0000         rwNov
208.0000    3    2.000   1.0000         rwNov
210.0000    6    2.000   1.0000         pwNov
212.0000    0    2.000   1.0000          NULL 
214.0000    1    2.000   1.0000         rwRep
216.0000    5    2.000   1.0000         pwOrt
218.0000    0    2.000   1.0000          NULL 
220.0000    4    2.000   1.0000         pwRep
222.0000    4    2.000   1.0000         pwRep
224.0000    0    4.000   1.0000          NULL 
228.0000    3    2.000   1.0000         rwNov
230.0000    5    2.000   1.0000         pwOrt
232.0000    6    2.000   1.0000         pwNov
234.0000    1    2.000   1.0000         rwRep
236.0000    4    2.000   1.0000         pwRep
238.0000    0    2.000   1.0000          NULL 
240.0000    4    2.000   1.0000         pwRep
242.0000    0    2.000   1.0000          NULL 
244.0000    6    2.000   1.0000         pwNov
246.0000    4    2.000   1.0000         pwRep
248.0000    0    2.000   1.0000          NULL 
250.0000    2    2.000   1.0000         rwOrt
252.0000    0    2.000   1.0000          NULL 
254.0000    5    2.000   1.0000         pwOrt
256.0000    6    2.000   1.0000         pwNov
258.0000    5    2.000   1.0000         pwOrt
260.0000    3    2.000   1.0000         rwNov
262.0000    3    2.000   1.0000         rwNov
264.0000    6    2.000   1.0000         pwNov
266.0000    3    2.000   1.0000         rwNov
268.0000    1    2.000   1.0000         rwRep
270.0000    2    2.000   1.0000         rwOrt
272.0000    0    4.000   1.0000          NULL 
276.0000    2    2.000   1.0000         rwOrt
278.0000    0    2.000   1.0000          NULL 
280.0000    1    2.000   1.0000         rwRep
282.0000    6    2.000   1.0000         pwNov
284.0000    0    4.000   1.0000          NULL 
288.0000    6    2.000   1.0000         pwNov
290.0000    5    2.000   1.0000         pwOrt
292.0000    4    2.000   1.0000         pwRep
294.0000    0    4.000   1.0000          NULL 
298.0000    4    2.000   1.0000         pwRep
300.0000    0    8.000   1.0000          NULL 
308.0000    2    2.000   1.0000         rwOrt
310.0000    2    2.000   1.0000         rwOrt
312.0000    6    2.000   1.0000         pwNov
314.0000    3    2.000   1.0000         rwNov
316.0000    3    2.000   1.0000         rwNov
318.0000    0    2.000   1.0000          NULL 
320.0000    5    2.000   1.0000         pwOrt
322.0000    4    2.000   1.0000         pwRep
324.0000    0    2.000   1.0000          NULL 
326.0000    2    2.000   1.0000         rwOrt
328.0000    6    2.000   1.0000         pwNov
330.0000    0    2.000   1.0000          NULL 
332.0000    4    2.000   1.0000         pwRep
334.0000    2    2.000   1.0000         rwOrt
336.0000    0    4.000   1.0000          NULL 
340.0000    6    2.000   1.0000         pwNov
342.0000    1    2.000   1.0000         rwRep
344.0000    2    2.000   1.0000         rwOrt
346.0000    4    2.000   1.0000         pwRep
348.0000    0    4.000   1.0000          NULL 
352.0000    6    2.000   1.0000         pwNov
354.0000    4    2.000   1.0000         pwRep
356.0000    0    2.000   1.0000          NULL 
358.0000    4    2.000   1.0000         pwRep
