  0.0000    4    2.000   1.0000         pwRep
  2.0000    3    2.000   1.0000         rwNov
  4.0000    4    2.000   1.0000         pwRep
  6.0000    1    2.000   1.0000         rwRep
  8.0000    6    2.000   1.0000         pwNov
 10.0000    0    2.000   1.0000          NULL 
 12.0000    4    2.000   1.0000         pwRep
 14.0000    2    2.000   1.0000         rwOrt
 16.0000    6    2.000   1.0000         pwNov
 18.0000    1    2.000   1.0000         rwRep
 20.0000    0    2.000   1.0000          NULL 
 22.0000    2    2.000   1.0000         rwOrt
 24.0000    0    4.000   1.0000          NULL 
 28.0000    5    2.000   1.0000         pwOrt
 30.0000    1    2.000   1.0000         rwRep
 32.0000    2    2.000   1.0000         rwOrt
 34.0000    4    2.000   1.0000         pwRep
 36.0000    6    2.000   1.0000         pwNov
 38.0000    0    6.000   1.0000          NULL 
 44.0000    5    2.000   1.0000         pwOrt
 46.0000    4    2.000   1.0000         pwRep
 48.0000    0    2.000   1.0000          NULL 
 50.0000    5    2.000   1.0000         pwOrt
 52.0000    3    2.000   1.0000         rwNov
 54.0000    1    2.000   1.0000         rwRep
 56.0000    2    2.000   1.0000         rwOrt
 58.0000    2    2.000   1.0000         rwOrt
 60.0000    2    2.000   1.0000         rwOrt
 62.0000    0    2.000   1.0000          NULL 
 64.0000    5    2.000   1.0000         pwOrt
 66.0000    6    2.000   1.0000         pwNov
 68.0000    0    2.000   1.0000          NULL 
 70.0000    6    2.000   1.0000         pwNov
 72.0000    2    2.000   1.0000         rwOrt
 74.0000    3    2.000   1.0000         rwNov
 76.0000    2    2.000   1.0000         rwOrt
 78.0000    2    2.000   1.0000         rwOrt
 80.0000    2    2.000   1.0000         rwOrt
 82.0000    1    2.000   1.0000         rwRep
 84.0000    3    2.000   1.0000         rwNov
 86.0000    0    2.000   1.0000          NULL 
 88.0000    5    2.000   1.0000         pwOrt
 90.0000    5    2.000   1.0000         pwOrt
 92.0000    0    2.000   1.0000          NULL 
 94.0000    4    2.000   1.0000         pwRep
 96.0000    0    2.000   1.0000          NULL 
 98.0000    2    2.000   1.0000         rwOrt
100.0000    3    2.000   1.0000         rwNov
102.0000    0    2.000   1.0000          NULL 
104.0000    2    2.000   1.0000         rwOrt
106.0000    0    2.000   1.0000          NULL 
108.0000    5    2.000   1.0000         pwOrt
110.0000    6    2.000   1.0000         pwNov
112.0000    4    2.000   1.0000         pwRep
114.0000    0    2.000   1.0000          NULL 
116.0000    4    2.000   1.0000         pwRep
118.0000    1    2.000   1.0000         rwRep
120.0000    2    2.000   1.0000         rwOrt
122.0000    6    2.000   1.0000         pwNov
124.0000    5    2.000   1.0000         pwOrt
126.0000    0    2.000   1.0000          NULL 
128.0000    5    2.000   1.0000         pwOrt
130.0000    0    2.000   1.0000          NULL 
132.0000    3    2.000   1.0000         rwNov
134.0000    0    6.000   1.0000          NULL 
140.0000    6    2.000   1.0000         pwNov
142.0000    0    2.000   1.0000          NULL 
144.0000    1    2.000   1.0000         rwRep
146.0000    6    2.000   1.0000         pwNov
148.0000    3    2.000   1.0000         rwNov
150.0000    0    2.000   1.0000          NULL 
152.0000    6    2.000   1.0000         pwNov
154.0000    0    2.000   1.0000          NULL 
156.0000    4    2.000   1.0000         pwRep
158.0000    0    2.000   1.0000          NULL 
160.0000    2    2.000   1.0000         rwOrt
162.0000    1    2.000   1.0000         rwRep
164.0000    0    2.000   1.0000          NULL 
166.0000    3    2.000   1.0000         rwNov
168.0000    4    2.000   1.0000         pwRep
170.0000    1    2.000   1.0000         rwRep
172.0000    3    2.000   1.0000         rwNov
174.0000    0    6.000   1.0000          NULL 
180.0000    2    2.000   1.0000         rwOrt
182.0000    1    2.000   1.0000         rwRep
184.0000    0    4.000   1.0000          NULL 
188.0000    4    2.000   1.0000         pwRep
190.0000    0    2.000   1.0000          NULL 
192.0000    3    2.000   1.0000         rwNov
194.0000    0    2.000   1.0000          NULL 
196.0000    1    2.000   1.0000         rwRep
198.0000    4    2.000   1.0000         pwRep
200.0000    0    2.000   1.0000          NULL 
202.0000    6    2.000   1.0000         pwNov
204.0000    2    2.000   1.0000         rwOrt
206.0000    5    2.000   1.0000         pwOrt
208.0000    0    2.000   1.0000          NULL 
210.0000    1    2.000   1.0000         rwRep
212.0000    4    2.000   1.0000         pwRep
214.0000    0    2.000   1.0000          NULL 
216.0000    4    2.000   1.0000         pwRep
218.0000    3    2.000   1.0000         rwNov
220.0000    0    2.000   1.0000          NULL 
222.0000    3    2.000   1.0000         rwNov
224.0000    0    2.000   1.0000          NULL 
226.0000    3    2.000   1.0000         rwNov
228.0000    2    2.000   1.0000         rwOrt
230.0000    5    2.000   1.0000         pwOrt
232.0000    0    4.000   1.0000          NULL 
236.0000    5    2.000   1.0000         pwOrt
238.0000    6    2.000   1.0000         pwNov
240.0000    6    2.000   1.0000         pwNov
242.0000    6    2.000   1.0000         pwNov
244.0000    5    2.000   1.0000         pwOrt
246.0000    4    2.000   1.0000         pwRep
248.0000    0    2.000   1.0000          NULL 
250.0000    3    2.000   1.0000         rwNov
252.0000    0    2.000   1.0000          NULL 
254.0000    6    2.000   1.0000         pwNov
256.0000    1    2.000   1.0000         rwRep
258.0000    3    2.000   1.0000         rwNov
260.0000    6    2.000   1.0000         pwNov
262.0000    1    2.000   1.0000         rwRep
264.0000    1    2.000   1.0000         rwRep
266.0000    1    2.000   1.0000         rwRep
268.0000    5    2.000   1.0000         pwOrt
270.0000    5    2.000   1.0000         pwOrt
272.0000    5    2.000   1.0000         pwOrt
274.0000    2    2.000   1.0000         rwOrt
276.0000    0    4.000   1.0000          NULL 
280.0000    1    2.000   1.0000         rwRep
282.0000    4    2.000   1.0000         pwRep
284.0000    3    2.000   1.0000         rwNov
286.0000    0    4.000   1.0000          NULL 
290.0000    5    2.000   1.0000         pwOrt
292.0000    0    4.000   1.0000          NULL 
296.0000    6    2.000   1.0000         pwNov
298.0000    0    2.000   1.0000          NULL 
300.0000    6    2.000   1.0000         pwNov
302.0000    3    2.000   1.0000         rwNov
304.0000    6    2.000   1.0000         pwNov
306.0000    0    2.000   1.0000          NULL 
308.0000    4    2.000   1.0000         pwRep
310.0000    0    6.000   1.0000          NULL 
316.0000    4    2.000   1.0000         pwRep
318.0000    0    2.000   1.0000          NULL 
320.0000    3    2.000   1.0000         rwNov
322.0000    3    2.000   1.0000         rwNov
324.0000    1    2.000   1.0000         rwRep
326.0000    5    2.000   1.0000         pwOrt
328.0000    0    4.000   1.0000          NULL 
332.0000    2    2.000   1.0000         rwOrt
334.0000    1    2.000   1.0000         rwRep
336.0000    0    4.000   1.0000          NULL 
340.0000    4    2.000   1.0000         pwRep
342.0000    1    2.000   1.0000         rwRep
344.0000    5    2.000   1.0000         pwOrt
346.0000    4    2.000   1.0000         pwRep
348.0000    5    2.000   1.0000         pwOrt
350.0000    3    2.000   1.0000         rwNov
352.0000    0    4.000   1.0000          NULL 
356.0000    2    2.000   1.0000         rwOrt
358.0000    6    2.000   1.0000         pwNov
