  0.0000    3    2.000   1.0000         rwNov
  2.0000    3    2.000   1.0000         rwNov
  4.0000    1    2.000   1.0000         rwRep
  6.0000    3    2.000   1.0000         rwNov
  8.0000    2    2.000   1.0000         rwOrt
 10.0000    4    2.000   1.0000         pwRep
 12.0000    6    2.000   1.0000         pwNov
 14.0000    4    2.000   1.0000         pwRep
 16.0000    6    2.000   1.0000         pwNov
 18.0000    0    2.000   1.0000          NULL 
 20.0000    4    2.000   1.0000         pwRep
 22.0000    2    2.000   1.0000         rwOrt
 24.0000    2    2.000   1.0000         rwOrt
 26.0000    3    2.000   1.0000         rwNov
 28.0000    4    2.000   1.0000         pwRep
 30.0000    5    2.000   1.0000         pwOrt
 32.0000    6    2.000   1.0000         pwNov
 34.0000    4    2.000   1.0000         pwRep
 36.0000    4    2.000   1.0000         pwRep
 38.0000    0    4.000   1.0000          NULL 
 42.0000    2    2.000   1.0000         rwOrt
 44.0000    1    2.000   1.0000         rwRep
 46.0000    0    2.000   1.0000          NULL 
 48.0000    6    2.000   1.0000         pwNov
 50.0000    0    2.000   1.0000          NULL 
 52.0000    5    2.000   1.0000         pwOrt
 54.0000    2    2.000   1.0000         rwOrt
 56.0000    0    2.000   1.0000          NULL 
 58.0000    5    2.000   1.0000         pwOrt
 60.0000    1    2.000   1.0000         rwRep
 62.0000    0    2.000   1.0000          NULL 
 64.0000    6    2.000   1.0000         pwNov
 66.0000    0    2.000   1.0000          NULL 
 68.0000    2    2.000   1.0000         rwOrt
 70.0000    0    2.000   1.0000          NULL 
 72.0000    3    2.000   1.0000         rwNov
 74.0000    3    2.000   1.0000         rwNov
 76.0000    2    2.000   1.0000         rwOrt
 78.0000    2    2.000   1.0000         rwOrt
 80.0000    4    2.000   1.0000         pwRep
 82.0000    2    2.000   1.0000         rwOrt
 84.0000    0    2.000   1.0000          NULL 
 86.0000    6    2.000   1.0000         pwNov
 88.0000    0    2.000   1.0000          NULL 
 90.0000    3    2.000   1.0000         rwNov
 92.0000    5    2.000   1.0000         pwOrt
 94.0000    0    2.000   1.0000          NULL 
 96.0000    5    2.000   1.0000         pwOrt
 98.0000    3    2.000   1.0000         rwNov
100.0000    1    2.000   1.0000         rwRep
102.0000    1    2.000   1.0000         rwRep
104.0000    0    2.000   1.0000          NULL 
106.0000    1    2.000   1.0000         rwRep
108.0000    6    2.000   1.0000         pwNov
110.0000    2    2.000   1.0000         rwOrt
112.0000    6    2.000   1.0000         pwNov
114.0000    0    4.000   1.0000          NULL 
118.0000    1    2.000   1.0000         rwRep
120.0000    6    2.000   1.0000         pwNov
122.0000    3    2.000   1.0000         rwNov
124.0000    0    2.000   1.0000          NULL 
126.0000    6    2.000   1.0000         pwNov
128.0000    0    2.000   1.0000          NULL 
130.0000    4    2.000   1.0000         pwRep
132.0000    0    2.000   1.0000          NULL 
134.0000    2    2.000   1.0000         rwOrt
136.0000    5    2.000   1.0000         pwOrt
138.0000    0    2.000   1.0000          NULL 
140.0000    6    2.000   1.0000         pwNov
142.0000    5    2.000   1.0000         pwOrt
144.0000    3    2.000   1.0000         rwNov
146.0000    0    2.000   1.0000          NULL 
148.0000    6    2.000   1.0000         pwNov
150.0000    4    2.000   1.0000         pwRep
152.0000    1    2.000   1.0000         rwRep
154.0000    0    4.000   1.0000          NULL 
158.0000    1    2.000   1.0000         rwRep
160.0000    4    2.000   1.0000         pwRep
162.0000    0    2.000   1.0000          NULL 
164.0000    2    2.000   1.0000         rwOrt
166.0000    1    2.000   1.0000         rwRep
168.0000    0    4.000   1.0000          NULL 
172.0000    4    2.000   1.0000         pwRep
174.0000    1    2.000   1.0000         rwRep
176.0000    5    2.000   1.0000         pwOrt
178.0000    4    2.000   1.0000         pwRep
180.0000    0    6.000   1.0000          NULL 
186.0000    4    2.000   1.0000         pwRep
188.0000    1    2.000   1.0000         rwRep
190.0000    3    2.000   1.0000         rwNov
192.0000    0    2.000   1.0000          NULL 
194.0000    1    2.000   1.0000         rwRep
196.0000    5    2.000   1.0000         pwOrt
198.0000    6    2.000   1.0000         pwNov
200.0000    0    2.000   1.0000          NULL 
202.0000    5    2.000   1.0000         pwOrt
204.0000    0    4.000   1.0000          NULL 
208.0000    1    2.000   1.0000         rwRep
210.0000    5    2.000   1.0000         pwOrt
212.0000    0    4.000   1.0000          NULL 
216.0000    4    2.000   1.0000         pwRep
218.0000    2    2.000   1.0000         rwOrt
220.0000    6    2.000   1.0000         pwNov
222.0000    1    2.000   1.0000         rwRep
224.0000    0    2.000   1.0000          NULL 
226.0000    3    2.000   1.0000         rwNov
228.0000    0    4.000   1.0000          NULL 
232.0000    1    2.000   1.0000         rwRep
234.0000    5    2.000   1.0000         pwOrt
236.0000    0    2.000   1.0000          NULL 
238.0000    1    2.000   1.0000         rwRep
240.0000    6    2.000   1.0000         pwNov
242.0000    5    2.000   1.0000         pwOrt
244.0000    4    2.000   1.0000         pwRep
246.0000    3    2.000   1.0000         rwNov
248.0000    0   12.000   1.0000          NULL 
260.0000    6    2.000   1.0000         pwNov
262.0000    6    2.000   1.0000         pwNov
264.0000    0    2.000   1.0000          NULL 
266.0000    4    2.000   1.0000         pwRep
268.0000    0    2.000   1.0000          NULL 
270.0000    2    2.000   1.0000         rwOrt
272.0000    2    2.000   1.0000         rwOrt
274.0000    0    4.000   1.0000          NULL 
278.0000    2    2.000   1.0000         rwOrt
280.0000    5    2.000   1.0000         pwOrt
282.0000    5    2.000   1.0000         pwOrt
284.0000    5    2.000   1.0000         pwOrt
286.0000    0    4.000   1.0000          NULL 
290.0000    4    2.000   1.0000         pwRep
292.0000    3    2.000   1.0000         rwNov
294.0000    3    2.000   1.0000         rwNov
296.0000    5    2.000   1.0000         pwOrt
298.0000    3    2.000   1.0000         rwNov
300.0000    0    2.000   1.0000          NULL 
302.0000    4    2.000   1.0000         pwRep
304.0000    3    2.000   1.0000         rwNov
306.0000    0    2.000   1.0000          NULL 
308.0000    2    2.000   1.0000         rwOrt
310.0000    1    2.000   1.0000         rwRep
312.0000    4    2.000   1.0000         pwRep
314.0000    5    2.000   1.0000         pwOrt
316.0000    3    2.000   1.0000         rwNov
318.0000    3    2.000   1.0000         rwNov
320.0000    0    2.000   1.0000          NULL 
322.0000    5    2.000   1.0000         pwOrt
324.0000    0    2.000   1.0000          NULL 
326.0000    2    2.000   1.0000         rwOrt
328.0000    1    2.000   1.0000         rwRep
330.0000    0    2.000   1.0000          NULL 
332.0000    4    2.000   1.0000         pwRep
334.0000    2    2.000   1.0000         rwOrt
336.0000    0    2.000   1.0000          NULL 
338.0000    5    2.000   1.0000         pwOrt
340.0000    6    2.000   1.0000         pwNov
342.0000    0    2.000   1.0000          NULL 
344.0000    3    2.000   1.0000         rwNov
346.0000    6    2.000   1.0000         pwNov
348.0000    0    4.000   1.0000          NULL 
352.0000    1    2.000   1.0000         rwRep
354.0000    0    2.000   1.0000          NULL 
356.0000    2    2.000   1.0000         rwOrt
358.0000    6    2.000   1.0000         pwNov
