  0.0000    3    2.000   1.0000         rwNov
  2.0000    0    4.000   1.0000          NULL 
  6.0000    1    2.000   1.0000         rwRep
  8.0000    6    2.000   1.0000         pwNov
 10.0000    0    2.000   1.0000          NULL 
 12.0000    3    2.000   1.0000         rwNov
 14.0000    0    2.000   1.0000          NULL 
 16.0000    6    2.000   1.0000         pwNov
 18.0000    0    2.000   1.0000          NULL 
 20.0000    4    2.000   1.0000         pwRep
 22.0000    0    2.000   1.0000          NULL 
 24.0000    1    2.000   1.0000         rwRep
 26.0000    0    2.000   1.0000          NULL 
 28.0000    2    2.000   1.0000         rwOrt
 30.0000    2    2.000   1.0000         rwOrt
 32.0000    6    2.000   1.0000         pwNov
 34.0000    0    2.000   1.0000          NULL 
 36.0000    6    2.000   1.0000         pwNov
 38.0000    3    2.000   1.0000         rwNov
 40.0000    0    2.000   1.0000          NULL 
 42.0000    3    2.000   1.0000         rwNov
 44.0000    0    2.000   1.0000          NULL 
 46.0000    6    2.000   1.0000         pwNov
 48.0000    0    4.000   1.0000          NULL 
 52.0000    4    2.000   1.0000         pwRep
 54.0000    3    2.000   1.0000         rwNov
 56.0000    4    2.000   1.0000         pwRep
 58.0000    2    2.000   1.0000         rwOrt
 60.0000    6    2.000   1.0000         pwNov
 62.0000    0    2.000   1.0000          NULL 
 64.0000    3    2.000   1.0000         rwNov
 66.0000    0    2.000   1.0000          NULL 
 68.0000    2    2.000   1.0000         rwOrt
 70.0000    5    2.000   1.0000         pwOrt
 72.0000    1    2.000   1.0000         rwRep
 74.0000    2    2.000   1.0000         rwOrt
 76.0000    3    2.000   1.0000         rwNov
 78.0000    0    2.000   1.0000          NULL 
 80.0000    2    2.000   1.0000         rwOrt
 82.0000    1    2.000   1.0000         rwRep
 84.0000    2    2.000   1.0000         rwOrt
 86.0000    2    2.000   1.0000         rwOrt
 88.0000    4    2.000   1.0000         pwRep
 90.0000    4    2.000   1.0000         pwRep
 92.0000    0    2.000   1.0000          NULL 
 94.0000    4    2.000   1.0000         pwRep
 96.0000    6    2.000   1.0000         pwNov
 98.0000    5    2.000   1.0000         pwOrt
100.0000    4    2.000   1.0000         pwRep
102.0000    3    2.000   1.0000         rwNov
104.0000    2    2.000   1.0000         rwOrt
106.0000    0    2.000   1.0000          NULL 
108.0000    1    2.000   1.0000         rwRep
110.0000    5    2.000   1.0000         pwOrt
112.0000    6    2.000   1.0000         pwNov
114.0000    5    2.000   1.0000         pwOrt
116.0000    0    2.000   1.0000          NULL 
118.0000    2    2.000   1.0000         rwOrt
120.0000    0    4.000   1.0000          NULL 
124.0000    6    2.000   1.0000         pwNov
126.0000    0    2.000   1.0000          NULL 
128.0000    1    2.000   1.0000         rwRep
130.0000    1    2.000   1.0000         rwRep
132.0000    4    2.000   1.0000         pwRep
134.0000    1    2.000   1.0000         rwRep
136.0000    0    8.000   1.0000          NULL 
144.0000    2    2.000   1.0000         rwOrt
146.0000    0    2.000   1.0000          NULL 
148.0000    1    2.000   1.0000         rwRep
150.0000    6    2.000   1.0000         pwNov
152.0000    2    2.000   1.0000         rwOrt
154.0000    3    2.000   1.0000         rwNov
156.0000    4    2.000   1.0000         pwRep
158.0000    4    2.000   1.0000         pwRep
160.0000    2    2.000   1.0000         rwOrt
162.0000    3    2.000   1.0000         rwNov
164.0000    6    2.000   1.0000         pwNov
166.0000    0    4.000   1.0000          NULL 
170.0000    3    2.000   1.0000         rwNov
172.0000    1    2.000   1.0000         rwRep
174.0000    3    2.000   1.0000         rwNov
176.0000    0    2.000   1.0000          NULL 
178.0000    4    2.000   1.0000         pwRep
180.0000    5    2.000   1.0000         pwOrt
182.0000    1    2.000   1.0000         rwRep
184.0000    0    8.000   1.0000          NULL 
192.0000    6    2.000   1.0000         pwNov
194.0000    2    2.000   1.0000         rwOrt
196.0000    5    2.000   1.0000         pwOrt
198.0000    5    2.000   1.0000         pwOrt
200.0000    4    2.000   1.0000         pwRep
202.0000    4    2.000   1.0000         pwRep
204.0000    5    2.000   1.0000         pwOrt
206.0000    5    2.000   1.0000         pwOrt
208.0000    4    2.000   1.0000         pwRep
210.0000    4    2.000   1.0000         pwRep
212.0000    1    2.000   1.0000         rwRep
214.0000    1    2.000   1.0000         rwRep
216.0000    2    2.000   1.0000         rwOrt
218.0000    4    2.000   1.0000         pwRep
220.0000    6    2.000   1.0000         pwNov
222.0000    0    2.000   1.0000          NULL 
224.0000    1    2.000   1.0000         rwRep
226.0000    0    4.000   1.0000          NULL 
230.0000    5    2.000   1.0000         pwOrt
232.0000    0    2.000   1.0000          NULL 
234.0000    3    2.000   1.0000         rwNov
236.0000    1    2.000   1.0000         rwRep
238.0000    1    2.000   1.0000         rwRep
240.0000    0    2.000   1.0000          NULL 
242.0000    3    2.000   1.0000         rwNov
244.0000    0    2.000   1.0000          NULL 
246.0000    4    2.000   1.0000         pwRep
248.0000    3    2.000   1.0000         rwNov
250.0000    0    4.000   1.0000          NULL 
254.0000    2    2.000   1.0000         rwOrt
256.0000    0    2.000   1.0000          NULL 
258.0000    4    2.000   1.0000         pwRep
260.0000    0    2.000   1.0000          NULL 
262.0000    1    2.000   1.0000         rwRep
264.0000    5    2.000   1.0000         pwOrt
266.0000    5    2.000   1.0000         pwOrt
268.0000    0    4.000   1.0000          NULL 
272.0000    6    2.000   1.0000         pwNov
274.0000    4    2.000   1.0000         pwRep
276.0000    6    2.000   1.0000         pwNov
278.0000    0    2.000   1.0000          NULL 
280.0000    5    2.000   1.0000         pwOrt
282.0000    4    2.000   1.0000         pwRep
284.0000    6    2.000   1.0000         pwNov
286.0000    0    2.000   1.0000          NULL 
288.0000    3    2.000   1.0000         rwNov
290.0000    2    2.000   1.0000         rwOrt
292.0000    1    2.000   1.0000         rwRep
294.0000    0    2.000   1.0000          NULL 
296.0000    6    2.000   1.0000         pwNov
298.0000    5    2.000   1.0000         pwOrt
300.0000    2    2.000   1.0000         rwOrt
302.0000    0    2.000   1.0000          NULL 
304.0000    2    2.000   1.0000         rwOrt
306.0000    5    2.000   1.0000         pwOrt
308.0000    3    2.000   1.0000         rwNov
310.0000    0    4.000   1.0000          NULL 
314.0000    6    2.000   1.0000         pwNov
316.0000    0    2.000   1.0000          NULL 
318.0000    5    2.000   1.0000         pwOrt
320.0000    2    2.000   1.0000         rwOrt
322.0000    0    6.000   1.0000          NULL 
328.0000    1    2.000   1.0000         rwRep
330.0000    6    2.000   1.0000         pwNov
332.0000    6    2.000   1.0000         pwNov
334.0000    0    4.000   1.0000          NULL 
338.0000    5    2.000   1.0000         pwOrt
340.0000    0    2.000   1.0000          NULL 
342.0000    5    2.000   1.0000         pwOrt
344.0000    0    2.000   1.0000          NULL 
346.0000    3    2.000   1.0000         rwNov
348.0000    0    2.000   1.0000          NULL 
350.0000    1    2.000   1.0000         rwRep
352.0000    5    2.000   1.0000         pwOrt
354.0000    3    2.000   1.0000         rwNov
356.0000    3    2.000   1.0000         rwNov
358.0000    5    2.000   1.0000         pwOrt
