  0.0000    4    2.000   1.0000         pwRep
  2.0000    1    2.000   1.0000         rwRep
  4.0000    5    2.000   1.0000         pwOrt
  6.0000    6    2.000   1.0000         pwNov
  8.0000    1    2.000   1.0000         rwRep
 10.0000    0    2.000   1.0000          NULL 
 12.0000    3    2.000   1.0000         rwNov
 14.0000    0    2.000   1.0000          NULL 
 16.0000    1    2.000   1.0000         rwRep
 18.0000    3    2.000   1.0000         rwNov
 20.0000    6    2.000   1.0000         pwNov
 22.0000    3    2.000   1.0000         rwNov
 24.0000    4    2.000   1.0000         pwRep
 26.0000    6    2.000   1.0000         pwNov
 28.0000    4    2.000   1.0000         pwRep
 30.0000    1    2.000   1.0000         rwRep
 32.0000    6    2.000   1.0000         pwNov
 34.0000    1    2.000   1.0000         rwRep
 36.0000    3    2.000   1.0000         rwNov
 38.0000    0    6.000   1.0000          NULL 
 44.0000    6    2.000   1.0000         pwNov
 46.0000    3    2.000   1.0000         rwNov
 48.0000    0    2.000   1.0000          NULL 
 50.0000    4    2.000   1.0000         pwRep
 52.0000    0    8.000   1.0000          NULL 
 60.0000    1    2.000   1.0000         rwRep
 62.0000    2    2.000   1.0000         rwOrt
 64.0000    2    2.000   1.0000         rwOrt
 66.0000    0    2.000   1.0000          NULL 
 68.0000    2    2.000   1.0000         rwOrt
 70.0000    2    2.000   1.0000         rwOrt
 72.0000    3    2.000   1.0000         rwNov
 74.0000    0    2.000   1.0000          NULL 
 76.0000    5    2.000   1.0000         pwOrt
 78.0000    2    2.000   1.0000         rwOrt
 80.0000    4    2.000   1.0000         pwRep
 82.0000    3    2.000   1.0000         rwNov
 84.0000    3    2.000   1.0000         rwNov
 86.0000    1    2.000   1.0000         rwRep
 88.0000    6    2.000   1.0000         pwNov
 90.0000    2    2.000   1.0000         rwOrt
 92.0000    4    2.000   1.0000         pwRep
 94.0000    5    2.000   1.0000         pwOrt
 96.0000    4    2.000   1.0000         pwRep
 98.0000    4    2.000   1.0000         pwRep
100.0000    0    2.000   1.0000          NULL 
102.0000    1    2.000   1.0000         rwRep
104.0000    2    2.000   1.0000         rwOrt
106.0000    0   12.000   1.0000          NULL 
118.0000    4    2.000   1.0000         pwRep
120.0000    3    2.000   1.0000         rwNov
122.0000    5    2.000   1.0000         pwOrt
124.0000    0    2.000   1.0000          NULL 
126.0000    4    2.000   1.0000         pwRep
128.0000    3    2.000   1.0000         rwNov
130.0000    2    2.000   1.0000         rwOrt
132.0000    0    2.000   1.0000          NULL 
134.0000    6    2.000   1.0000         pwNov
136.0000    2    2.000   1.0000         rwOrt
138.0000    1    2.000   1.0000         rwRep
140.0000    5    2.000   1.0000         pwOrt
142.0000    0    2.000   1.0000          NULL 
144.0000    2    2.000   1.0000         rwOrt
146.0000    6    2.000   1.0000         pwNov
148.0000    6    2.000   1.0000         pwNov
150.0000    1    2.000   1.0000         rwRep
152.0000    4    2.000   1.0000         pwRep
154.0000    2    2.000   1.0000         rwOrt
156.0000    0    2.000   1.0000          NULL 
158.0000    3    2.000   1.0000         rwNov
160.0000    0    4.000   1.0000          NULL 
164.0000    4    2.000   1.0000         pwRep
166.0000    0    8.000   1.0000          NULL 
174.0000    5    2.000   1.0000         pwOrt
176.0000    1    2.000   1.0000         rwRep
178.0000    0    2.000   1.0000          NULL 
180.0000    5    2.000   1.0000         pwOrt
182.0000    3    2.000   1.0000         rwNov
184.0000    0    2.000   1.0000          NULL 
186.0000    5    2.000   1.0000         pwOrt
188.0000    1    2.000   1.0000         rwRep
190.0000    4    2.000   1.0000         pwRep
192.0000    1    2.000   1.0000         rwRep
194.0000    6    2.000   1.0000         pwNov
196.0000    0    6.000   1.0000          NULL 
202.0000    6    2.000   1.0000         pwNov
204.0000    6    2.000   1.0000         pwNov
206.0000    0    4.000   1.0000          NULL 
210.0000    1    2.000   1.0000         rwRep
212.0000    0    4.000   1.0000          NULL 
216.0000    2    2.000   1.0000         rwOrt
218.0000    1    2.000   1.0000         rwRep
220.0000    4    2.000   1.0000         pwRep
222.0000    0    2.000   1.0000          NULL 
224.0000    5    2.000   1.0000         pwOrt
226.0000    5    2.000   1.0000         pwOrt
228.0000    6    2.000   1.0000         pwNov
230.0000    5    2.000   1.0000         pwOrt
232.0000    0    2.000   1.0000          NULL 
234.0000    6    2.000   1.0000         pwNov
236.0000    3    2.000   1.0000         rwNov
238.0000    5    2.000   1.0000         pwOrt
240.0000    3    2.000   1.0000         rwNov
242.0000    0    2.000   1.0000          NULL 
244.0000    6    2.000   1.0000         pwNov
246.0000    2    2.000   1.0000         rwOrt
248.0000    6    2.000   1.0000         pwNov
250.0000    1    2.000   1.0000         rwRep
252.0000    3    2.000   1.0000         rwNov
254.0000    0    2.000   1.0000          NULL 
256.0000    4    2.000   1.0000         pwRep
258.0000    6    2.000   1.0000         pwNov
260.0000    5    2.000   1.0000         pwOrt
262.0000    2    2.000   1.0000         rwOrt
264.0000    0    2.000   1.0000          NULL 
266.0000    1    2.000   1.0000         rwRep
268.0000    0    4.000   1.0000          NULL 
272.0000    2    2.000   1.0000         rwOrt
274.0000    4    2.000   1.0000         pwRep
276.0000    0    2.000   1.0000          NULL 
278.0000    3    2.000   1.0000         rwNov
280.0000    6    2.000   1.0000         pwNov
282.0000    0    2.000   1.0000          NULL 
284.0000    3    2.000   1.0000         rwNov
286.0000    5    2.000   1.0000         pwOrt
288.0000    3    2.000   1.0000         rwNov
290.0000    2    2.000   1.0000         rwOrt
292.0000    4    2.000   1.0000         pwRep
294.0000    1    2.000   1.0000         rwRep
296.0000    0    2.000   1.0000          NULL 
298.0000    2    2.000   1.0000         rwOrt
300.0000    0    2.000   1.0000          NULL 
302.0000    2    2.000   1.0000         rwOrt
304.0000    0    2.000   1.0000          NULL 
306.0000    5    2.000   1.0000         pwOrt
308.0000    0    4.000   1.0000          NULL 
312.0000    5    2.000   1.0000         pwOrt
314.0000    4    2.000   1.0000         pwRep
316.0000    5    2.000   1.0000         pwOrt
318.0000    0    4.000   1.0000          NULL 
322.0000    4    2.000   1.0000         pwRep
324.0000    2    2.000   1.0000         rwOrt
326.0000    3    2.000   1.0000         rwNov
328.0000    5    2.000   1.0000         pwOrt
330.0000    0    2.000   1.0000          NULL 
332.0000    6    2.000   1.0000         pwNov
334.0000    1    2.000   1.0000         rwRep
336.0000    5    2.000   1.0000         pwOrt
338.0000    3    2.000   1.0000         rwNov
340.0000    0    2.000   1.0000          NULL 
342.0000    2    2.000   1.0000         rwOrt
344.0000    1    2.000   1.0000         rwRep
346.0000    5    2.000   1.0000         pwOrt
348.0000    6    2.000   1.0000         pwNov
350.0000    4    2.000   1.0000         pwRep
352.0000    0    8.000   1.0000          NULL 
