  0.0000    3    2.000   1.0000         rwNov
  2.0000    1    2.000   1.0000         rwRep
  4.0000    6    2.000   1.0000         pwNov
  6.0000    3    2.000   1.0000         rwNov
  8.0000    2    2.000   1.0000         rwOrt
 10.0000    0    2.000   1.0000          NULL 
 12.0000    2    2.000   1.0000         rwOrt
 14.0000    3    2.000   1.0000         rwNov
 16.0000    5    2.000   1.0000         pwOrt
 18.0000    0    4.000   1.0000          NULL 
 22.0000    6    2.000   1.0000         pwNov
 24.0000    1    2.000   1.0000         rwRep
 26.0000    3    2.000   1.0000         rwNov
 28.0000    5    2.000   1.0000         pwOrt
 30.0000    0    2.000   1.0000          NULL 
 32.0000    2    2.000   1.0000         rwOrt
 34.0000    0    2.000   1.0000          NULL 
 36.0000    2    2.000   1.0000         rwOrt
 38.0000    0    2.000   1.0000          NULL 
 40.0000    1    2.000   1.0000         rwRep
 42.0000    3    2.000   1.0000         rwNov
 44.0000    6    2.000   1.0000         pwNov
 46.0000    0    4.000   1.0000          NULL 
 50.0000    5    2.000   1.0000         pwOrt
 52.0000    1    2.000   1.0000         rwRep
 54.0000    1    2.000   1.0000         rwRep
 56.0000    0    2.000   1.0000          NULL 
 58.0000    5    2.000   1.0000         pwOrt
 60.0000    0    4.000   1.0000          NULL 
 64.0000    6    2.000   1.0000         pwNov
 66.0000    2    2.000   1.0000         rwOrt
 68.0000    2    2.000   1.0000         rwOrt
 70.0000    0    8.000   1.0000          NULL 
 78.0000    4    2.000   1.0000         pwRep
 80.0000    5    2.000   1.0000         pwOrt
 82.0000    0    2.000   1.0000          NULL 
 84.0000    4    2.000   1.0000         pwRep
 86.0000    1    2.000   1.0000         rwRep
 88.0000    5    2.000   1.0000         pwOrt
 90.0000    0    2.000   1.0000          NULL 
 92.0000    5    2.000   1.0000         pwOrt
 94.0000    0    4.000   1.0000          NULL 
 98.0000    1    2.000   1.0000         rwRep
100.0000    5    2.000   1.0000         pwOrt
102.0000    6    2.000   1.0000         pwNov
104.0000    3    2.000   1.0000         rwNov
106.0000    5    2.000   1.0000         pwOrt
108.0000    2    2.000   1.0000         rwOrt
110.0000    5    2.000   1.0000         pwOrt
112.0000    1    2.000   1.0000         rwRep
114.0000    1    2.000   1.0000         rwRep
116.0000    6    2.000   1.0000         pwNov
118.0000    0    2.000   1.0000          NULL 
120.0000    6    2.000   1.0000         pwNov
122.0000    0    2.000   1.0000          NULL 
124.0000    4    2.000   1.0000         pwRep
126.0000    0    4.000   1.0000          NULL 
130.0000    6    2.000   1.0000         pwNov
132.0000    6    2.000   1.0000         pwNov
134.0000    1    2.000   1.0000         rwRep
136.0000    1    2.000   1.0000         rwRep
138.0000    0    2.000   1.0000          NULL 
140.0000    4    2.000   1.0000         pwRep
142.0000    0    6.000   1.0000          NULL 
148.0000    3    2.000   1.0000         rwNov
150.0000    0    2.000   1.0000          NULL 
152.0000    3    2.000   1.0000         rwNov
154.0000    3    2.000   1.0000         rwNov
156.0000    4    2.000   1.0000         pwRep
158.0000    0    2.000   1.0000          NULL 
160.0000    2    2.000   1.0000         rwOrt
162.0000    5    2.000   1.0000         pwOrt
164.0000    0    6.000   1.0000          NULL 
170.0000    5    2.000   1.0000         pwOrt
172.0000    5    2.000   1.0000         pwOrt
174.0000    3    2.000   1.0000         rwNov
176.0000    0    6.000   1.0000          NULL 
182.0000    2    2.000   1.0000         rwOrt
184.0000    6    2.000   1.0000         pwNov
186.0000    5    2.000   1.0000         pwOrt
188.0000    4    2.000   1.0000         pwRep
190.0000    6    2.000   1.0000         pwNov
192.0000    5    2.000   1.0000         pwOrt
194.0000    3    2.000   1.0000         rwNov
196.0000    6    2.000   1.0000         pwNov
198.0000    4    2.000   1.0000         pwRep
200.0000    0    2.000   1.0000          NULL 
202.0000    6    2.000   1.0000         pwNov
204.0000    4    2.000   1.0000         pwRep
206.0000    6    2.000   1.0000         pwNov
208.0000    0    2.000   1.0000          NULL 
210.0000    3    2.000   1.0000         rwNov
212.0000    0    2.000   1.0000          NULL 
214.0000    1    2.000   1.0000         rwRep
216.0000    2    2.000   1.0000         rwOrt
218.0000    0    4.000   1.0000          NULL 
222.0000    6    2.000   1.0000         pwNov
224.0000    4    2.000   1.0000         pwRep
226.0000    0    2.000   1.0000          NULL 
228.0000    4    2.000   1.0000         pwRep
230.0000    0    2.000   1.0000          NULL 
232.0000    4    2.000   1.0000         pwRep
234.0000    0    2.000   1.0000          NULL 
236.0000    4    2.000   1.0000         pwRep
238.0000    1    2.000   1.0000         rwRep
240.0000    0    2.000   1.0000          NULL 
242.0000    5    2.000   1.0000         pwOrt
244.0000    1    2.000   1.0000         rwRep
246.0000    4    2.000   1.0000         pwRep
248.0000    0    2.000   1.0000          NULL 
250.0000    1    2.000   1.0000         rwRep
252.0000    0    2.000   1.0000          NULL 
254.0000    4    2.000   1.0000         pwRep
256.0000    2    2.000   1.0000         rwOrt
258.0000    2    2.000   1.0000         rwOrt
260.0000    5    2.000   1.0000         pwOrt
262.0000    5    2.000   1.0000         pwOrt
264.0000    0    2.000   1.0000          NULL 
266.0000    2    2.000   1.0000         rwOrt
268.0000    2    2.000   1.0000         rwOrt
270.0000    0    2.000   1.0000          NULL 
272.0000    2    2.000   1.0000         rwOrt
274.0000    2    2.000   1.0000         rwOrt
276.0000    4    2.000   1.0000         pwRep
278.0000    4    2.000   1.0000         pwRep
280.0000    0    2.000   1.0000          NULL 
282.0000    6    2.000   1.0000         pwNov
284.0000    6    2.000   1.0000         pwNov
286.0000    0    4.000   1.0000          NULL 
290.0000    3    2.000   1.0000         rwNov
292.0000    0    2.000   1.0000          NULL 
294.0000    2    2.000   1.0000         rwOrt
296.0000    3    2.000   1.0000         rwNov
298.0000    2    2.000   1.0000         rwOrt
300.0000    4    2.000   1.0000         pwRep
302.0000    6    2.000   1.0000         pwNov
304.0000    1    2.000   1.0000         rwRep
306.0000    0    2.000   1.0000          NULL 
308.0000    4    2.000   1.0000         pwRep
310.0000    6    2.000   1.0000         pwNov
312.0000    3    2.000   1.0000         rwNov
314.0000    3    2.000   1.0000         rwNov
316.0000    0    2.000   1.0000          NULL 
318.0000    5    2.000   1.0000         pwOrt
320.0000    1    2.000   1.0000         rwRep
322.0000    2    2.000   1.0000         rwOrt
324.0000    3    2.000   1.0000         rwNov
326.0000    0    2.000   1.0000          NULL 
328.0000    1    2.000   1.0000         rwRep
330.0000    0    6.000   1.0000          NULL 
336.0000    3    2.000   1.0000         rwNov
338.0000    0    2.000   1.0000          NULL 
340.0000    4    2.000   1.0000         pwRep
342.0000    3    2.000   1.0000         rwNov
344.0000    6    2.000   1.0000         pwNov
346.0000    2    2.000   1.0000         rwOrt
348.0000    1    2.000   1.0000         rwRep
350.0000    5    2.000   1.0000         pwOrt
352.0000    3    2.000   1.0000         rwNov
354.0000    0    2.000   1.0000          NULL 
356.0000    4    2.000   1.0000         pwRep
358.0000    1    2.000   1.0000         rwRep
