  0.0000    5    2.000   1.0000         pwOrt
  2.0000    3    2.000   1.0000         rwNov
  4.0000    1    2.000   1.0000         rwRep
  6.0000    5    2.000   1.0000         pwOrt
  8.0000    1    2.000   1.0000         rwRep
 10.0000    3    2.000   1.0000         rwNov
 12.0000    5    2.000   1.0000         pwOrt
 14.0000    1    2.000   1.0000         rwRep
 16.0000    6    2.000   1.0000         pwNov
 18.0000    5    2.000   1.0000         pwOrt
 20.0000    0    2.000   1.0000          NULL 
 22.0000    1    2.000   1.0000         rwRep
 24.0000    3    2.000   1.0000         rwNov
 26.0000    2    2.000   1.0000         rwOrt
 28.0000    3    2.000   1.0000         rwNov
 30.0000    2    2.000   1.0000         rwOrt
 32.0000    4    2.000   1.0000         pwRep
 34.0000    6    2.000   1.0000         pwNov
 36.0000    0    2.000   1.0000          NULL 
 38.0000    5    2.000   1.0000         pwOrt
 40.0000    6    2.000   1.0000         pwNov
 42.0000    6    2.000   1.0000         pwNov
 44.0000    4    2.000   1.0000         pwRep
 46.0000    0    4.000   1.0000          NULL 
 50.0000    3    2.000   1.0000         rwNov
 52.0000    5    2.000   1.0000         pwOrt
 54.0000    0    2.000   1.0000          NULL 
 56.0000    3    2.000   1.0000         rwNov
 58.0000    5    2.000   1.0000         pwOrt
 60.0000    0    2.000   1.0000          NULL 
 62.0000    5    2.000   1.0000         pwOrt
 64.0000    6    2.000   1.0000         pwNov
 66.0000    6    2.000   1.0000         pwNov
 68.0000    4    2.000   1.0000         pwRep
 70.0000    0    4.000   1.0000          NULL 
 74.0000    1    2.000   1.0000         rwRep
 76.0000    1    2.000   1.0000         rwRep
 78.0000    0    2.000   1.0000          NULL 
 80.0000    3    2.000   1.0000         rwNov
 82.0000    0    2.000   1.0000          NULL 
 84.0000    2    2.000   1.0000         rwOrt
 86.0000    1    2.000   1.0000         rwRep
 88.0000    3    2.000   1.0000         rwNov
 90.0000    0    2.000   1.0000          NULL 
 92.0000    2    2.000   1.0000         rwOrt
 94.0000    4    2.000   1.0000         pwRep
 96.0000    2    2.000   1.0000         rwOrt
 98.0000    0    2.000   1.0000          NULL 
100.0000    3    2.000   1.0000         rwNov
102.0000    0    2.000   1.0000          NULL 
104.0000    5    2.000   1.0000         pwOrt
106.0000    1    2.000   1.0000         rwRep
108.0000    0    2.000   1.0000          NULL 
110.0000    5    2.000   1.0000         pwOrt
112.0000    0    4.000   1.0000          NULL 
116.0000    4    2.000   1.0000         pwRep
118.0000    2    2.000   1.0000         rwOrt
120.0000    1    2.000   1.0000         rwRep
122.0000    6    2.000   1.0000         pwNov
124.0000    6    2.000   1.0000         pwNov
126.0000    1    2.000   1.0000         rwRep
128.0000    2    2.000   1.0000         rwOrt
130.0000    1    2.000   1.0000         rwRep
132.0000    0    2.000   1.0000          NULL 
134.0000    4    2.000   1.0000         pwRep
136.0000    0    2.000   1.0000          NULL 
138.0000    2    2.000   1.0000         rwOrt
140.0000    3    2.000   1.0000         rwNov
142.0000    0    2.000   1.0000          NULL 
144.0000    3    2.000   1.0000         rwNov
146.0000    0    4.000   1.0000          NULL 
150.0000    2    2.000   1.0000         rwOrt
152.0000    4    2.000   1.0000         pwRep
154.0000    3    2.000   1.0000         rwNov
156.0000    1    2.000   1.0000         rwRep
158.0000    2    2.000   1.0000         rwOrt
160.0000    2    2.000   1.0000         rwOrt
162.0000    3    2.000   1.0000         rwNov
164.0000    2    2.000   1.0000         rwOrt
166.0000    0    2.000   1.0000          NULL 
168.0000    2    2.000   1.0000         rwOrt
170.0000    0    2.000   1.0000          NULL 
172.0000    5    2.000   1.0000         pwOrt
174.0000    3    2.000   1.0000         rwNov
176.0000    0    2.000   1.0000          NULL 
178.0000    5    2.000   1.0000         pwOrt
180.0000    4    2.000   1.0000         pwRep
182.0000    1    2.000   1.0000         rwRep
184.0000    6    2.000   1.0000         pwNov
186.0000    2    2.000   1.0000         rwOrt
188.0000    0    4.000   1.0000          NULL 
192.0000    6    2.000   1.0000         pwNov
194.0000    0    2.000   1.0000          NULL 
196.0000    3    2.000   1.0000         rwNov
198.0000    6    2.000   1.0000         pwNov
200.0000    0    4.000   1.0000          NULL 
204.0000    1    2.000   1.0000         rwRep
206.0000    4    2.000   1.0000         pwRep
208.0000    5    2.000   1.0000         pwOrt
210.0000    0    4.000   1.0000          NULL 
214.0000    2    2.000   1.0000         rwOrt
216.0000    5    2.000   1.0000         pwOrt
218.0000    2    2.000   1.0000         rwOrt
220.0000    0    2.000   1.0000          NULL 
222.0000    6    2.000   1.0000         pwNov
224.0000    0    4.000   1.0000          NULL 
228.0000    5    2.000   1.0000         pwOrt
230.0000    1    2.000   1.0000         rwRep
232.0000    0    6.000   1.0000          NULL 
238.0000    1    2.000   1.0000         rwRep
240.0000    0    2.000   1.0000          NULL 
242.0000    2    2.000   1.0000         rwOrt
244.0000    1    2.000   1.0000         rwRep
246.0000    0    2.000   1.0000          NULL 
248.0000    3    2.000   1.0000         rwNov
250.0000    4    2.000   1.0000         pwRep
252.0000    4    2.000   1.0000         pwRep
254.0000    4    2.000   1.0000         pwRep
256.0000    1    2.000   1.0000         rwRep
258.0000    0    6.000   1.0000          NULL 
264.0000    3    2.000   1.0000         rwNov
266.0000    6    2.000   1.0000         pwNov
268.0000    4    2.000   1.0000         pwRep
270.0000    0    2.000   1.0000          NULL 
272.0000    5    2.000   1.0000         pwOrt
274.0000    0    2.000   1.0000          NULL 
276.0000    2    2.000   1.0000         rwOrt
278.0000    0    2.000   1.0000          NULL 
280.0000    1    2.000   1.0000         rwRep
282.0000    2    2.000   1.0000         rwOrt
284.0000    1    2.000   1.0000         rwRep
286.0000    0    2.000   1.0000          NULL 
288.0000    6    2.000   1.0000         pwNov
290.0000    5    2.000   1.0000         pwOrt
292.0000    0    6.000   1.0000          NULL 
298.0000    6    2.000   1.0000         pwNov
300.0000    2    2.000   1.0000         rwOrt
302.0000    6    2.000   1.0000         pwNov
304.0000    5    2.000   1.0000         pwOrt
306.0000    5    2.000   1.0000         pwOrt
308.0000    0    2.000   1.0000          NULL 
310.0000    6    2.000   1.0000         pwNov
312.0000    3    2.000   1.0000         rwNov
314.0000    6    2.000   1.0000         pwNov
316.0000    0    4.000   1.0000          NULL 
320.0000    4    2.000   1.0000         pwRep
322.0000    6    2.000   1.0000         pwNov
324.0000    0    2.000   1.0000          NULL 
326.0000    3    2.000   1.0000         rwNov
328.0000    3    2.000   1.0000         rwNov
330.0000    6    2.000   1.0000         pwNov
332.0000    0    2.000   1.0000          NULL 
334.0000    4    2.000   1.0000         pwRep
336.0000    0    2.000   1.0000          NULL 
338.0000    5    2.000   1.0000         pwOrt
340.0000    4    2.000   1.0000         pwRep
342.0000    0    6.000   1.0000          NULL 
348.0000    4    2.000   1.0000         pwRep
350.0000    4    2.000   1.0000         pwRep
352.0000    4    2.000   1.0000         pwRep
354.0000    0    4.000   1.0000          NULL 
358.0000    4    2.000   1.0000         pwRep
