  0.0000    6    2.000   1.0000         pwNov
  2.0000    0    2.000   1.0000          NULL 
  4.0000    5    2.000   1.0000         pwOrt
  6.0000    0    6.000   1.0000          NULL 
 12.0000    2    2.000   1.0000         rwOrt
 14.0000    0    2.000   1.0000          NULL 
 16.0000    5    2.000   1.0000         pwOrt
 18.0000    6    2.000   1.0000         pwNov
 20.0000    1    2.000   1.0000         rwRep
 22.0000    5    2.000   1.0000         pwOrt
 24.0000    0    2.000   1.0000          NULL 
 26.0000    4    2.000   1.0000         pwRep
 28.0000    1    2.000   1.0000         rwRep
 30.0000    3    2.000   1.0000         rwNov
 32.0000    3    2.000   1.0000         rwNov
 34.0000    0    6.000   1.0000          NULL 
 40.0000    2    2.000   1.0000         rwOrt
 42.0000    1    2.000   1.0000         rwRep
 44.0000    0    4.000   1.0000          NULL 
 48.0000    5    2.000   1.0000         pwOrt
 50.0000    3    2.000   1.0000         rwNov
 52.0000    1    2.000   1.0000         rwRep
 54.0000    1    2.000   1.0000         rwRep
 56.0000    2    2.000   1.0000         rwOrt
 58.0000    0    2.000   1.0000          NULL 
 60.0000    5    2.000   1.0000         pwOrt
 62.0000    1    2.000   1.0000         rwRep
 64.0000    0    2.000   1.0000          NULL 
 66.0000    4    2.000   1.0000         pwRep
 68.0000    2    2.000   1.0000         rwOrt
 70.0000    5    2.000   1.0000         pwOrt
 72.0000    3    2.000   1.0000         rwNov
 74.0000    3    2.000   1.0000         rwNov
 76.0000    0    2.000   1.0000          NULL 
 78.0000    4    2.000   1.0000         pwRep
 80.0000    0    4.000   1.0000          NULL 
 84.0000    4    2.000   1.0000         pwRep
 86.0000    1    2.000   1.0000         rwRep
 88.0000    2    2.000   1.0000         rwOrt
 90.0000    0    2.000   1.0000          NULL 
 92.0000    1    2.000   1.0000         rwRep
 94.0000    0    2.000   1.0000          NULL 
 96.0000    4    2.000   1.0000         pwRep
 98.0000    6    2.000   1.0000         pwNov
100.0000    0    2.000   1.0000          NULL 
102.0000    2    2.000   1.0000         rwOrt
104.0000    5    2.000   1.0000         pwOrt
106.0000    1    2.000   1.0000         rwRep
108.0000    4    2.000   1.0000         pwRep
110.0000    0    6.000   1.0000          NULL 
116.0000    3    2.000   1.0000         rwNov
118.0000    1    2.000   1.0000         rwRep
120.0000    2    2.000   1.0000         rwOrt
122.0000    2    2.000   1.0000         rwOrt
124.0000    6    2.000   1.0000         pwNov
126.0000    2    2.000   1.0000         rwOrt
128.0000    0    4.000   1.0000          NULL 
132.0000    1    2.000   1.0000         rwRep
134.0000    3    2.000   1.0000         rwNov
136.0000    2    2.000   1.0000         rwOrt
138.0000    1    2.000   1.0000         rwRep
140.0000    0    2.000   1.0000          NULL 
142.0000    5    2.000   1.0000         pwOrt
144.0000    6    2.000   1.0000         pwNov
146.0000    0    2.000   1.0000          NULL 
148.0000    4    2.000   1.0000         pwRep
150.0000    0    4.000   1.0000          NULL 
154.0000    1    2.000   1.0000         rwRep
156.0000    6    2.000   1.0000         pwNov
158.0000    1    2.000   1.0000         rwRep
160.0000    0    2.000   1.0000          NULL 
162.0000    6    2.000   1.0000         pwNov
164.0000    4    2.000   1.0000         pwRep
166.0000    6    2.000   1.0000         pwNov
168.0000    3    2.000   1.0000         rwNov
170.0000    5    2.000   1.0000         pwOrt
172.0000    4    2.000   1.0000         pwRep
174.0000    5    2.000   1.0000         pwOrt
176.0000    4    2.000   1.0000         pwRep
178.0000    5    2.000   1.0000         pwOrt
180.0000    4    2.000   1.0000         pwRep
182.0000    6    2.000   1.0000         pwNov
184.0000    0    2.000   1.0000          NULL 
186.0000    3    2.000   1.0000         rwNov
188.0000    5    2.000   1.0000         pwOrt
190.0000    3    2.000   1.0000         rwNov
192.0000    0    4.000   1.0000          NULL 
196.0000    3    2.000   1.0000         rwNov
198.0000    5    2.000   1.0000         pwOrt
200.0000    5    2.000   1.0000         pwOrt
202.0000    3    2.000   1.0000         rwNov
204.0000    4    2.000   1.0000         pwRep
206.0000    0    6.000   1.0000          NULL 
212.0000    4    2.000   1.0000         pwRep
214.0000    0    4.000   1.0000          NULL 
218.0000    3    2.000   1.0000         rwNov
220.0000    5    2.000   1.0000         pwOrt
222.0000    6    2.000   1.0000         pwNov
224.0000    0    2.000   1.0000          NULL 
226.0000    3    2.000   1.0000         rwNov
228.0000    0    6.000   1.0000          NULL 
234.0000    4    2.000   1.0000         pwRep
236.0000    6    2.000   1.0000         pwNov
238.0000    0    2.000   1.0000          NULL 
240.0000    1    2.000   1.0000         rwRep
242.0000    5    2.000   1.0000         pwOrt
244.0000    0    2.000   1.0000          NULL 
246.0000    5    2.000   1.0000         pwOrt
248.0000    0    2.000   1.0000          NULL 
250.0000    2    2.000   1.0000         rwOrt
252.0000    6    2.000   1.0000         pwNov
254.0000    3    2.000   1.0000         rwNov
256.0000    6    2.000   1.0000         pwNov
258.0000    0    4.000   1.0000          NULL 
262.0000    1    2.000   1.0000         rwRep
264.0000    2    2.000   1.0000         rwOrt
266.0000    2    2.000   1.0000         rwOrt
268.0000    0    4.000   1.0000          NULL 
272.0000    2    2.000   1.0000         rwOrt
274.0000    2    2.000   1.0000         rwOrt
276.0000    4    2.000   1.0000         pwRep
278.0000    0    2.000   1.0000          NULL 
280.0000    2    2.000   1.0000         rwOrt
282.0000    0    2.000   1.0000          NULL 
284.0000    1    2.000   1.0000         rwRep
286.0000    6    2.000   1.0000         pwNov
288.0000    5    2.000   1.0000         pwOrt
290.0000    5    2.000   1.0000         pwOrt
292.0000    1    2.000   1.0000         rwRep
294.0000    6    2.000   1.0000         pwNov
296.0000    6    2.000   1.0000         pwNov
298.0000    3    2.000   1.0000         rwNov
300.0000    4    2.000   1.0000         pwRep
302.0000    6    2.000   1.0000         pwNov
304.0000    6    2.000   1.0000         pwNov
306.0000    3    2.000   1.0000         rwNov
308.0000    6    2.000   1.0000         pwNov
310.0000    6    2.000   1.0000         pwNov
312.0000    2    2.000   1.0000         rwOrt
314.0000    4    2.000   1.0000         pwRep
316.0000    0    4.000   1.0000          NULL 
320.0000    5    2.000   1.0000         pwOrt
322.0000    0    4.000   1.0000          NULL 
326.0000    3    2.000   1.0000         rwNov
328.0000    0    2.000   1.0000          NULL 
330.0000    4    2.000   1.0000         pwRep
332.0000    2    2.000   1.0000         rwOrt
334.0000    3    2.000   1.0000         rwNov
336.0000    0    2.000   1.0000          NULL 
338.0000    2    2.000   1.0000         rwOrt
340.0000    0    2.000   1.0000          NULL 
342.0000    1    2.000   1.0000         rwRep
344.0000    3    2.000   1.0000         rwNov
346.0000    4    2.000   1.0000         pwRep
348.0000    2    2.000   1.0000         rwOrt
350.0000    4    2.000   1.0000         pwRep
352.0000    1    2.000   1.0000         rwRep
354.0000    0    6.000   1.0000          NULL 
