  0.0000    6    2.000   1.0000         pwNov
  2.0000    0    2.000   1.0000          NULL 
  4.0000    5    2.000   1.0000         pwOrt
  6.0000    6    2.000   1.0000         pwNov
  8.0000    6    2.000   1.0000         pwNov
 10.0000    2    2.000   1.0000         rwOrt
 12.0000    0    2.000   1.0000          NULL 
 14.0000    4    2.000   1.0000         pwRep
 16.0000    1    2.000   1.0000         rwRep
 18.0000    0    2.000   1.0000          NULL 
 20.0000    2    2.000   1.0000         rwOrt
 22.0000    1    2.000   1.0000         rwRep
 24.0000    5    2.000   1.0000         pwOrt
 26.0000    1    2.000   1.0000         rwRep
 28.0000    1    2.000   1.0000         rwRep
 30.0000    0    2.000   1.0000          NULL 
 32.0000    5    2.000   1.0000         pwOrt
 34.0000    0    4.000   1.0000          NULL 
 38.0000    2    2.000   1.0000         rwOrt
 40.0000    5    2.000   1.0000         pwOrt
 42.0000    0    2.000   1.0000          NULL 
 44.0000    1    2.000   1.0000         rwRep
 46.0000    0    4.000   1.0000          NULL 
 50.0000    4    2.000   1.0000         pwRep
 52.0000    6    2.000   1.0000         pwNov
 54.0000    0    2.000   1.0000          NULL 
 56.0000    6    2.000   1.0000         pwNov
 58.0000    3    2.000   1.0000         rwNov
 60.0000    5    2.000   1.0000         pwOrt
 62.0000    2    2.000   1.0000         rwOrt
 64.0000    2    2.000   1.0000         rwOrt
 66.0000    2    2.000   1.0000         rwOrt
 68.0000    0    4.000   1.0000          NULL 
 72.0000    4    2.000   1.0000         pwRep
 74.0000    2    2.000   1.0000         rwOrt
 76.0000    0    4.000   1.0000          NULL 
 80.0000    5    2.000   1.0000         pwOrt
 82.0000    2    2.000   1.0000         rwOrt
 84.0000    3    2.000   1.0000         rwNov
 86.0000    0    2.000   1.0000          NULL 
 88.0000    6    2.000   1.0000         pwNov
 90.0000    5    2.000   1.0000         pwOrt
 92.0000    4    2.000   1.0000         pwRep
 94.0000    1    2.000   1.0000         rwRep
 96.0000    1    2.000   1.0000         rwRep
 98.0000    3    2.000   1.0000         rwNov
100.0000    3    2.000   1.0000         rwNov
102.0000    0    2.000   1.0000          NULL 
104.0000    4    2.000   1.0000         pwRep
106.0000    0    2.000   1.0000          NULL 
108.0000    1    2.000   1.0000         rwRep
110.0000    6    2.000   1.0000         pwNov
112.0000    0    4.000   1.0000          NULL 
116.0000    3    2.000   1.0000         rwNov
118.0000    5    2.000   1.0000         pwOrt
120.0000    4    2.000   1.0000         pwRep
122.0000    4    2.000   1.0000         pwRep
124.0000    5    2.000   1.0000         pwOrt
126.0000    0    2.000   1.0000          NULL 
128.0000    4    2.000   1.0000         pwRep
130.0000    3    2.000   1.0000         rwNov
132.0000    3    2.000   1.0000         rwNov
134.0000    0    4.000   1.0000          NULL 
138.0000    5    2.000   1.0000         pwOrt
140.0000    2    2.000   1.0000         rwOrt
142.0000    3    2.000   1.0000         rwNov
144.0000    0    2.000   1.0000          NULL 
146.0000    3    2.000   1.0000         rwNov
148.0000    5    2.000   1.0000         pwOrt
150.0000    4    2.000   1.0000         pwRep
152.0000    0    6.000   1.0000          NULL 
158.0000    2    2.000   1.0000         rwOrt
160.0000    0    2.000   1.0000          NULL 
162.0000    2    2.000   1.0000         rwOrt
164.0000    3    2.000   1.0000         rwNov
166.0000    6    2.000   1.0000         pwNov
168.0000    5    2.000   1.0000         pwOrt
170.0000    0    2.000   1.0000          NULL 
172.0000    4    2.000   1.0000         pwRep
174.0000    6    2.000   1.0000         pwNov
176.0000    5    2.000   1.0000         pwOrt
178.0000    0    6.000   1.0000          NULL 
184.0000    1    2.000   1.0000         rwRep
186.0000    2    2.000   1.0000         rwOrt
188.0000    0    2.000   1.0000          NULL 
190.0000    6    2.000   1.0000         pwNov
192.0000    0    4.000   1.0000          NULL 
196.0000    6    2.000   1.0000         pwNov
198.0000    1    2.000   1.0000         rwRep
200.0000    6    2.000   1.0000         pwNov
202.0000    3    2.000   1.0000         rwNov
204.0000    3    2.000   1.0000         rwNov
206.0000    0    2.000   1.0000          NULL 
208.0000    6    2.000   1.0000         pwNov
210.0000    2    2.000   1.0000         rwOrt
212.0000    0    2.000   1.0000          NULL 
214.0000    3    2.000   1.0000         rwNov
216.0000    6    2.000   1.0000         pwNov
218.0000    6    2.000   1.0000         pwNov
220.0000    4    2.000   1.0000         pwRep
222.0000    3    2.000   1.0000         rwNov
224.0000    4    2.000   1.0000         pwRep
226.0000    0    6.000   1.0000          NULL 
232.0000    4    2.000   1.0000         pwRep
234.0000    3    2.000   1.0000         rwNov
236.0000    3    2.000   1.0000         rwNov
238.0000    2    2.000   1.0000         rwOrt
240.0000    1    2.000   1.0000         rwRep
242.0000    1    2.000   1.0000         rwRep
244.0000    0    6.000   1.0000          NULL 
250.0000    1    2.000   1.0000         rwRep
252.0000    0    4.000   1.0000          NULL 
256.0000    2    2.000   1.0000         rwOrt
258.0000    0    2.000   1.0000          NULL 
260.0000    3    2.000   1.0000         rwNov
262.0000    6    2.000   1.0000         pwNov
264.0000    2    2.000   1.0000         rwOrt
266.0000    1    2.000   1.0000         rwRep
268.0000    3    2.000   1.0000         rwNov
270.0000    4    2.000   1.0000         pwRep
272.0000    3    2.000   1.0000         rwNov
274.0000    6    2.000   1.0000         pwNov
276.0000    0    2.000   1.0000          NULL 
278.0000    5    2.000   1.0000         pwOrt
280.0000    5    2.000   1.0000         pwOrt
282.0000    1    2.000   1.0000         rwRep
284.0000    3    2.000   1.0000         rwNov
286.0000    0    2.000   1.0000          NULL 
288.0000    1    2.000   1.0000         rwRep
290.0000    0    4.000   1.0000          NULL 
294.0000    1    2.000   1.0000         rwRep
296.0000    0    2.000   1.0000          NULL 
298.0000    5    2.000   1.0000         pwOrt
300.0000    0    2.000   1.0000          NULL 
302.0000    1    2.000   1.0000         rwRep
304.0000    4    2.000   1.0000         pwRep
306.0000    4    2.000   1.0000         pwRep
308.0000    0    2.000   1.0000          NULL 
310.0000    6    2.000   1.0000         pwNov
312.0000    2    2.000   1.0000         rwOrt
314.0000    4    2.000   1.0000         pwRep
316.0000    5    2.000   1.0000         pwOrt
318.0000    0    2.000   1.0000          NULL 
320.0000    1    2.000   1.0000         rwRep
322.0000    2    2.000   1.0000         rwOrt
324.0000    0    2.000   1.0000          NULL 
326.0000    6    2.000   1.0000         pwNov
328.0000    4    2.000   1.0000         pwRep
330.0000    0    4.000   1.0000          NULL 
334.0000    1    2.000   1.0000         rwRep
336.0000    5    2.000   1.0000         pwOrt
338.0000    0    2.000   1.0000          NULL 
340.0000    5    2.000   1.0000         pwOrt
342.0000    4    2.000   1.0000         pwRep
344.0000    0    2.000   1.0000          NULL 
346.0000    2    2.000   1.0000         rwOrt
348.0000    4    2.000   1.0000         pwRep
350.0000    2    2.000   1.0000         rwOrt
352.0000    5    2.000   1.0000         pwOrt
354.0000    0    4.000   1.0000          NULL 
358.0000    6    2.000   1.0000         pwNov
