  0.0000    4    2.000   1.0000         pwRep
  2.0000    0    2.000   1.0000          NULL 
  4.0000    3    2.000   1.0000         rwNov
  6.0000    2    2.000   1.0000         rwOrt
  8.0000    5    2.000   1.0000         pwOrt
 10.0000    1    2.000   1.0000         rwRep
 12.0000    0    4.000   1.0000          NULL 
 16.0000    4    2.000   1.0000         pwRep
 18.0000    3    2.000   1.0000         rwNov
 20.0000    3    2.000   1.0000         rwNov
 22.0000    1    2.000   1.0000         rwRep
 24.0000    1    2.000   1.0000         rwRep
 26.0000    1    2.000   1.0000         rwRep
 28.0000    3    2.000   1.0000         rwNov
 30.0000    4    2.000   1.0000         pwRep
 32.0000    0    4.000   1.0000          NULL 
 36.0000    4    2.000   1.0000         pwRep
 38.0000    0    2.000   1.0000          NULL 
 40.0000    3    2.000   1.0000         rwNov
 42.0000    1    2.000   1.0000         rwRep
 44.0000    4    2.000   1.0000         pwRep
 46.0000    0    6.000   1.0000          NULL 
 52.0000    6    2.000   1.0000         pwNov
 54.0000    0    2.000   1.0000          NULL 
 56.0000    5    2.000   1.0000         pwOrt
 58.0000    1    2.000   1.0000         rwRep
 60.0000    0    2.000   1.0000          NULL 
 62.0000    6    2.000   1.0000         pwNov
 64.0000    3    2.000   1.0000         rwNov
 66.0000    6    2.000   1.0000         pwNov
 68.0000    0    2.000   1.0000          NULL 
 70.0000    6    2.000   1.0000         pwNov
 72.0000    0    4.000   1.0000          NULL 
 76.0000    2    2.000   1.0000         rwOrt
 78.0000    1    2.000   1.0000         rwRep
 80.0000    0    4.000   1.0000          NULL 
 84.0000    4    2.000   1.0000         pwRep
 86.0000    1    2.000   1.0000         rwRep
 88.0000    6    2.000   1.0000         pwNov
 90.0000    6    2.000   1.0000         pwNov
 92.0000    4    2.000   1.0000         pwRep
 94.0000    2    2.000   1.0000         rwOrt
 96.0000    5    2.000   1.0000         pwOrt
 98.0000    0    2.000   1.0000          NULL 
100.0000    5    2.000   1.0000         pwOrt
102.0000    2    2.000   1.0000         rwOrt
104.0000    0    2.000   1.0000          NULL 
106.0000    2    2.000   1.0000         rwOrt
108.0000    0    2.000   1.0000          NULL 
110.0000    6    2.000   1.0000         pwNov
112.0000    0    4.000   1.0000          NULL 
116.0000    6    2.000   1.0000         pwNov
118.0000    1    2.000   1.0000         rwRep
120.0000    0    2.000   1.0000          NULL 
122.0000    2    2.000   1.0000         rwOrt
124.0000    0    2.000   1.0000          NULL 
126.0000    4    2.000   1.0000         pwRep
128.0000    4    2.000   1.0000         pwRep
130.0000    6    2.000   1.0000         pwNov
132.0000    4    2.000   1.0000         pwRep
134.0000    0    2.000   1.0000          NULL 
136.0000    2    2.000   1.0000         rwOrt
138.0000    0    4.000   1.0000          NULL 
142.0000    2    2.000   1.0000         rwOrt
144.0000    0    4.000   1.0000          NULL 
148.0000    4    2.000   1.0000         pwRep
150.0000    5    2.000   1.0000         pwOrt
152.0000    2    2.000   1.0000         rwOrt
154.0000    2    2.000   1.0000         rwOrt
156.0000    0    2.000   1.0000          NULL 
158.0000    5    2.000   1.0000         pwOrt
160.0000    2    2.000   1.0000         rwOrt
162.0000    3    2.000   1.0000         rwNov
164.0000    0    8.000   1.0000          NULL 
172.0000    1    2.000   1.0000         rwRep
174.0000    0    2.000   1.0000          NULL 
176.0000    3    2.000   1.0000         rwNov
178.0000    0    4.000   1.0000          NULL 
182.0000    5    2.000   1.0000         pwOrt
184.0000    6    2.000   1.0000         pwNov
186.0000    1    2.000   1.0000         rwRep
188.0000    0    2.000   1.0000          NULL 
190.0000    1    2.000   1.0000         rwRep
192.0000    5    2.000   1.0000         pwOrt
194.0000    6    2.000   1.0000         pwNov
196.0000    0    6.000   1.0000          NULL 
202.0000    1    2.000   1.0000         rwRep
204.0000    6    2.000   1.0000         pwNov
206.0000    0    2.000   1.0000          NULL 
208.0000    2    2.000   1.0000         rwOrt
210.0000    0    2.000   1.0000          NULL 
212.0000    3    2.000   1.0000         rwNov
214.0000    2    2.000   1.0000         rwOrt
216.0000    5    2.000   1.0000         pwOrt
218.0000    3    2.000   1.0000         rwNov
220.0000    5    2.000   1.0000         pwOrt
222.0000    6    2.000   1.0000         pwNov
224.0000    6    2.000   1.0000         pwNov
226.0000    0    6.000   1.0000          NULL 
232.0000    4    2.000   1.0000         pwRep
234.0000    6    2.000   1.0000         pwNov
236.0000    0    2.000   1.0000          NULL 
238.0000    1    2.000   1.0000         rwRep
240.0000    3    2.000   1.0000         rwNov
242.0000    2    2.000   1.0000         rwOrt
244.0000    3    2.000   1.0000         rwNov
246.0000    3    2.000   1.0000         rwNov
248.0000    0    2.000   1.0000          NULL 
250.0000    5    2.000   1.0000         pwOrt
252.0000    5    2.000   1.0000         pwOrt
254.0000    5    2.000   1.0000         pwOrt
256.0000    4    2.000   1.0000         pwRep
258.0000    5    2.000   1.0000         pwOrt
260.0000    1    2.000   1.0000         rwRep
262.0000    0    2.000   1.0000          NULL 
264.0000    2    2.000   1.0000         rwOrt
266.0000    5    2.000   1.0000         pwOrt
268.0000    4    2.000   1.0000         pwRep
270.0000    3    2.000   1.0000         rwNov
272.0000    2    2.000   1.0000         rwOrt
274.0000    1    2.000   1.0000         rwRep
276.0000    0    2.000   1.0000          NULL 
278.0000    5    2.000   1.0000         pwOrt
280.0000    6    2.000   1.0000         pwNov
282.0000    6    2.000   1.0000         pwNov
284.0000    5    2.000   1.0000         pwOrt
286.0000    1    2.000   1.0000         rwRep
288.0000    0    4.000   1.0000          NULL 
292.0000    4    2.000   1.0000         pwRep
294.0000    2    2.000   1.0000         rwOrt
296.0000    1    2.000   1.0000         rwRep
298.0000    2    2.000   1.0000         rwOrt
300.0000    0    4.000   1.0000          NULL 
304.0000    3    2.000   1.0000         rwNov
306.0000    0    2.000   1.0000          NULL 
308.0000    3    2.000   1.0000         rwNov
310.0000    6    2.000   1.0000         pwNov
312.0000    0    2.000   1.0000          NULL 
314.0000    3    2.000   1.0000         rwNov
316.0000    3    2.000   1.0000         rwNov
318.0000    4    2.000   1.0000         pwRep
320.0000    1    2.000   1.0000         rwRep
322.0000    2    2.000   1.0000         rwOrt
324.0000    4    2.000   1.0000         pwRep
326.0000    5    2.000   1.0000         pwOrt
328.0000    6    2.000   1.0000         pwNov
330.0000    0    4.000   1.0000          NULL 
334.0000    6    2.000   1.0000         pwNov
336.0000    2    2.000   1.0000         rwOrt
338.0000    4    2.000   1.0000         pwRep
340.0000    4    2.000   1.0000         pwRep
342.0000    3    2.000   1.0000         rwNov
344.0000    0    2.000   1.0000          NULL 
346.0000    5    2.000   1.0000         pwOrt
348.0000    0    2.000   1.0000          NULL 
350.0000    1    2.000   1.0000         rwRep
352.0000    4    2.000   1.0000         pwRep
354.0000    5    2.000   1.0000         pwOrt
356.0000    0    2.000   1.0000          NULL 
358.0000    3    2.000   1.0000         rwNov
