  0.0000    4    2.000   1.0000         pwRep
  2.0000    2    2.000   1.0000         rwOrt
  4.0000    1    2.000   1.0000         rwRep
  6.0000    1    2.000   1.0000         rwRep
  8.0000    0    4.000   1.0000          NULL 
 12.0000    2    2.000   1.0000         rwOrt
 14.0000    1    2.000   1.0000         rwRep
 16.0000    0    2.000   1.0000          NULL 
 18.0000    2    2.000   1.0000         rwOrt
 20.0000    2    2.000   1.0000         rwOrt
 22.0000    2    2.000   1.0000         rwOrt
 24.0000    2    2.000   1.0000         rwOrt
 26.0000    4    2.000   1.0000         pwRep
 28.0000    6    2.000   1.0000         pwNov
 30.0000    4    2.000   1.0000         pwRep
 32.0000    4    2.000   1.0000         pwRep
 34.0000    3    2.000   1.0000         rwNov
 36.0000    0    4.000   1.0000          NULL 
 40.0000    5    2.000   1.0000         pwOrt
 42.0000    3    2.000   1.0000         rwNov
 44.0000    0    2.000   1.0000          NULL 
 46.0000    1    2.000   1.0000         rwRep
 48.0000    1    2.000   1.0000         rwRep
 50.0000    1    2.000   1.0000         rwRep
 52.0000    5    2.000   1.0000         pwOrt
 54.0000    0    4.000   1.0000          NULL 
 58.0000    1    2.000   1.0000         rwRep
 60.0000    0    2.000   1.0000          NULL 
 62.0000    3    2.000   1.0000         rwNov
 64.0000    0    2.000   1.0000          NULL 
 66.0000    1    2.000   1.0000         rwRep
 68.0000    3    2.000   1.0000         rwNov
 70.0000    2    2.000   1.0000         rwOrt
 72.0000    0    2.000   1.0000          NULL 
 74.0000    2    2.000   1.0000         rwOrt
 76.0000    0    2.000   1.0000          NULL 
 78.0000    3    2.000   1.0000         rwNov
 80.0000    3    2.000   1.0000         rwNov
 82.0000    0    2.000   1.0000          NULL 
 84.0000    3    2.000   1.0000         rwNov
 86.0000    0    2.000   1.0000          NULL 
 88.0000    3    2.000   1.0000         rwNov
 90.0000    6    2.000   1.0000         pwNov
 92.0000    1    2.000   1.0000         rwRep
 94.0000    0    4.000   1.0000          NULL 
 98.0000    4    2.000   1.0000         pwRep
100.0000    1    2.000   1.0000         rwRep
102.0000    1    2.000   1.0000         rwRep
104.0000    3    2.000   1.0000         rwNov
106.0000    4    2.000   1.0000         pwRep
108.0000    3    2.000   1.0000         rwNov
110.0000    3    2.000   1.0000         rwNov
112.0000    0    2.000   1.0000          NULL 
114.0000    4    2.000   1.0000         pwRep
116.0000    5    2.000   1.0000         pwOrt
118.0000    0    4.000   1.0000          NULL 
122.0000    3    2.000   1.0000         rwNov
124.0000    5    2.000   1.0000         pwOrt
126.0000    0    2.000   1.0000          NULL 
128.0000    4    2.000   1.0000         pwRep
130.0000    3    2.000   1.0000         rwNov
132.0000    0    2.000   1.0000          NULL 
134.0000    4    2.000   1.0000         pwRep
136.0000    1    2.000   1.0000         rwRep
138.0000    2    2.000   1.0000         rwOrt
140.0000    2    2.000   1.0000         rwOrt
142.0000    6    2.000   1.0000         pwNov
144.0000    6    2.000   1.0000         pwNov
146.0000    2    2.000   1.0000         rwOrt
148.0000    4    2.000   1.0000         pwRep
150.0000    5    2.000   1.0000         pwOrt
152.0000    3    2.000   1.0000         rwNov
154.0000    5    2.000   1.0000         pwOrt
156.0000    6    2.000   1.0000         pwNov
158.0000    5    2.000   1.0000         pwOrt
160.0000    2    2.000   1.0000         rwOrt
162.0000    0    2.000   1.0000          NULL 
164.0000    5    2.000   1.0000         pwOrt
166.0000    0    2.000   1.0000          NULL 
168.0000    6    2.000   1.0000         pwNov
170.0000    0    2.000   1.0000          NULL 
172.0000    3    2.000   1.0000         rwNov
174.0000    1    2.000   1.0000         rwRep
176.0000    0    4.000   1.0000          NULL 
180.0000    5    2.000   1.0000         pwOrt
182.0000    0    2.000   1.0000          NULL 
184.0000    6    2.000   1.0000         pwNov
186.0000    6    2.000   1.0000         pwNov
188.0000    5    2.000   1.0000         pwOrt
190.0000    0    2.000   1.0000          NULL 
192.0000    1    2.000   1.0000         rwRep
194.0000    5    2.000   1.0000         pwOrt
196.0000    0    4.000   1.0000          NULL 
200.0000    5    2.000   1.0000         pwOrt
202.0000    2    2.000   1.0000         rwOrt
204.0000    2    2.000   1.0000         rwOrt
206.0000    5    2.000   1.0000         pwOrt
208.0000    3    2.000   1.0000         rwNov
210.0000    2    2.000   1.0000         rwOrt
212.0000    0    2.000   1.0000          NULL 
214.0000    6    2.000   1.0000         pwNov
216.0000    3    2.000   1.0000         rwNov
218.0000    0    6.000   1.0000          NULL 
224.0000    4    2.000   1.0000         pwRep
226.0000    6    2.000   1.0000         pwNov
228.0000    6    2.000   1.0000         pwNov
230.0000    5    2.000   1.0000         pwOrt
232.0000    6    2.000   1.0000         pwNov
234.0000    3    2.000   1.0000         rwNov
236.0000    0    2.000   1.0000          NULL 
238.0000    5    2.000   1.0000         pwOrt
240.0000    0    2.000   1.0000          NULL 
242.0000    2    2.000   1.0000         rwOrt
244.0000    4    2.000   1.0000         pwRep
246.0000    0    4.000   1.0000          NULL 
250.0000    6    2.000   1.0000         pwNov
252.0000    5    2.000   1.0000         pwOrt
254.0000    2    2.000   1.0000         rwOrt
256.0000    5    2.000   1.0000         pwOrt
258.0000    0    2.000   1.0000          NULL 
260.0000    3    2.000   1.0000         rwNov
262.0000    4    2.000   1.0000         pwRep
264.0000    0    6.000   1.0000          NULL 
270.0000    6    2.000   1.0000         pwNov
272.0000    0    2.000   1.0000          NULL 
274.0000    4    2.000   1.0000         pwRep
276.0000    0    2.000   1.0000          NULL 
278.0000    2    2.000   1.0000         rwOrt
280.0000    6    2.000   1.0000         pwNov
282.0000    0    2.000   1.0000          NULL 
284.0000    1    2.000   1.0000         rwRep
286.0000    5    2.000   1.0000         pwOrt
288.0000    4    2.000   1.0000         pwRep
290.0000    5    2.000   1.0000         pwOrt
292.0000    6    2.000   1.0000         pwNov
294.0000    1    2.000   1.0000         rwRep
296.0000    3    2.000   1.0000         rwNov
298.0000    6    2.000   1.0000         pwNov
300.0000    0    2.000   1.0000          NULL 
302.0000    4    2.000   1.0000         pwRep
304.0000    4    2.000   1.0000         pwRep
306.0000    0    4.000   1.0000          NULL 
310.0000    1    2.000   1.0000         rwRep
312.0000    0    2.000   1.0000          NULL 
314.0000    6    2.000   1.0000         pwNov
316.0000    4    2.000   1.0000         pwRep
318.0000    0    6.000   1.0000          NULL 
324.0000    4    2.000   1.0000         pwRep
326.0000    2    2.000   1.0000         rwOrt
328.0000    0   10.000   1.0000          NULL 
338.0000    1    2.000   1.0000         rwRep
340.0000    2    2.000   1.0000         rwOrt
342.0000    0    2.000   1.0000          NULL 
344.0000    1    2.000   1.0000         rwRep
346.0000    4    2.000   1.0000         pwRep
348.0000    6    2.000   1.0000         pwNov
350.0000    5    2.000   1.0000         pwOrt
352.0000    0    2.000   1.0000          NULL 
354.0000    1    2.000   1.0000         rwRep
356.0000    6    2.000   1.0000         pwNov
358.0000    0    2.000   1.0000          NULL 
