  0.0000    1    2.000   1.0000         rwRep
  2.0000    5    2.000   1.0000         pwOrt
  4.0000    2    2.000   1.0000         rwOrt
  6.0000    3    2.000   1.0000         rwNov
  8.0000    2    2.000   1.0000         rwOrt
 10.0000    0    2.000   1.0000          NULL 
 12.0000    6    2.000   1.0000         pwNov
 14.0000    1    2.000   1.0000         rwRep
 16.0000    1    2.000   1.0000         rwRep
 18.0000    1    2.000   1.0000         rwRep
 20.0000    4    2.000   1.0000         pwRep
 22.0000    0    4.000   1.0000          NULL 
 26.0000    2    2.000   1.0000         rwOrt
 28.0000    4    2.000   1.0000         pwRep
 30.0000    2    2.000   1.0000         rwOrt
 32.0000    2    2.000   1.0000         rwOrt
 34.0000    4    2.000   1.0000         pwRep
 36.0000    6    2.000   1.0000         pwNov
 38.0000    4    2.000   1.0000         pwRep
 40.0000    3    2.000   1.0000         rwNov
 42.0000    0    4.000   1.0000          NULL 
 46.0000    6    2.000   1.0000         pwNov
 48.0000    0    4.000   1.0000          NULL 
 52.0000    1    2.000   1.0000         rwRep
 54.0000    4    2.000   1.0000         pwRep
 56.0000    0    2.000   1.0000          NULL 
 58.0000    3    2.000   1.0000         rwNov
 60.0000    2    2.000   1.0000         rwOrt
 62.0000    5    2.000   1.0000         pwOrt
 64.0000    0    2.000   1.0000          NULL 
 66.0000    4    2.000   1.0000         pwRep
 68.0000    4    2.000   1.0000         pwRep
 70.0000    4    2.000   1.0000         pwRep
 72.0000    0    4.000   1.0000          NULL 
 76.0000    1    2.000   1.0000         rwRep
 78.0000    0    2.000   1.0000          NULL 
 80.0000    5    2.000   1.0000         pwOrt
 82.0000    1    2.000   1.0000         rwRep
 84.0000    4    2.000   1.0000         pwRep
 86.0000    5    2.000   1.0000         pwOrt
 88.0000    6    2.000   1.0000         pwNov
 90.0000    5    2.000   1.0000         pwOrt
 92.0000    1    2.000   1.0000         rwRep
 94.0000    1    2.000   1.0000         rwRep
 96.0000    0    2.000   1.0000          NULL 
 98.0000    6    2.000   1.0000         pwNov
100.0000    1    2.000   1.0000         rwRep
102.0000    0    4.000   1.0000          NULL 
106.0000    6    2.000   1.0000         pwNov
108.0000    4    2.000   1.0000         pwRep
110.0000    0    2.000   1.0000          NULL 
112.0000    4    2.000   1.0000         pwRep
114.0000    0    2.000   1.0000          NULL 
116.0000    4    2.000   1.0000         pwRep
118.0000    3    2.000   1.0000         rwNov
120.0000    5    2.000   1.0000         pwOrt
122.0000    3    2.000   1.0000         rwNov
124.0000    4    2.000   1.0000         pwRep
126.0000    0    4.000   1.0000          NULL 
130.0000    6    2.000   1.0000         pwNov
132.0000    0    2.000   1.0000          NULL 
134.0000    2    2.000   1.0000         rwOrt
136.0000    3    2.000   1.0000         rwNov
138.0000    2    2.000   1.0000         rwOrt
140.0000    0    2.000   1.0000          NULL 
142.0000    4    2.000   1.0000         pwRep
144.0000    2    2.000   1.0000         rwOrt
146.0000    6    2.000   1.0000         pwNov
148.0000    5    2.000   1.0000         pwOrt
150.0000    0    4.000   1.0000          NULL 
154.0000    6    2.000   1.0000         pwNov
156.0000    1    2.000   1.0000         rwRep
158.0000    2    2.000   1.0000         rwOrt
160.0000    1    2.000   1.0000         rwRep
162.0000    0    6.000   1.0000          NULL 
168.0000    5    2.000   1.0000         pwOrt
170.0000    6    2.000   1.0000         pwNov
172.0000    0    2.000   1.0000          NULL 
174.0000    5    2.000   1.0000         pwOrt
176.0000    0    4.000   1.0000          NULL 
180.0000    3    2.000   1.0000         rwNov
182.0000    3    2.000   1.0000         rwNov
184.0000    0    2.000   1.0000          NULL 
186.0000    4    2.000   1.0000         pwRep
188.0000    0    2.000   1.0000          NULL 
190.0000    1    2.000   1.0000         rwRep
192.0000    0    2.000   1.0000          NULL 
194.0000    5    2.000   1.0000         pwOrt
196.0000    1    2.000   1.0000         rwRep
198.0000    2    2.000   1.0000         rwOrt
200.0000    1    2.000   1.0000         rwRep
202.0000    0    2.000   1.0000          NULL 
204.0000    6    2.000   1.0000         pwNov
206.0000    5    2.000   1.0000         pwOrt
208.0000    3    2.000   1.0000         rwNov
210.0000    6    2.000   1.0000         pwNov
212.0000    0    2.000   1.0000          NULL 
214.0000    5    2.000   1.0000         pwOrt
216.0000    4    2.000   1.0000         pwRep
218.0000    0    4.000   1.0000          NULL 
222.0000    5    2.000   1.0000         pwOrt
224.0000    4    2.000   1.0000         pwRep
226.0000    5    2.000   1.0000         pwOrt
228.0000    0    4.000   1.0000          NULL 
232.0000    3    2.000   1.0000         rwNov
234.0000    2    2.000   1.0000         rwOrt
236.0000    4    2.000   1.0000         pwRep
238.0000    1    2.000   1.0000         rwRep
240.0000    6    2.000   1.0000         pwNov
242.0000    6    2.000   1.0000         pwNov
244.0000    0    2.000   1.0000          NULL 
246.0000    6    2.000   1.0000         pwNov
248.0000    2    2.000   1.0000         rwOrt
250.0000    0    2.000   1.0000          NULL 
252.0000    3    2.000   1.0000         rwNov
254.0000    0    2.000   1.0000          NULL 
256.0000    3    2.000   1.0000         rwNov
258.0000    6    2.000   1.0000         pwNov
260.0000    3    2.000   1.0000         rwNov
262.0000    2    2.000   1.0000         rwOrt
264.0000    3    2.000   1.0000         rwNov
266.0000    3    2.000   1.0000         rwNov
268.0000    0    2.000   1.0000          NULL 
270.0000    2    2.000   1.0000         rwOrt
272.0000    0    2.000   1.0000          NULL 
274.0000    2    2.000   1.0000         rwOrt
276.0000    1    2.000   1.0000         rwRep
278.0000    0    4.000   1.0000          NULL 
282.0000    6    2.000   1.0000         pwNov
284.0000    5    2.000   1.0000         pwOrt
286.0000    4    2.000   1.0000         pwRep
288.0000    5    2.000   1.0000         pwOrt
290.0000    0    6.000   1.0000          NULL 
296.0000    3    2.000   1.0000         rwNov
298.0000    3    2.000   1.0000         rwNov
300.0000    6    2.000   1.0000         pwNov
302.0000    2    2.000   1.0000         rwOrt
304.0000    0    2.000   1.0000          NULL 
306.0000    5    2.000   1.0000         pwOrt
308.0000    2    2.000   1.0000         rwOrt
310.0000    0    2.000   1.0000          NULL 
312.0000    3    2.000   1.0000         rwNov
314.0000    0    6.000   1.0000          NULL 
320.0000    5    2.000   1.0000         pwOrt
322.0000    0    2.000   1.0000          NULL 
324.0000    1    2.000   1.0000         rwRep
326.0000    1    2.000   1.0000         rwRep
328.0000    3    2.000   1.0000         rwNov
330.0000    6    2.000   1.0000         pwNov
332.0000    0    4.000   1.0000          NULL 
336.0000    5    2.000   1.0000         pwOrt
338.0000    4    2.000   1.0000         pwRep
340.0000    0    2.000   1.0000          NULL 
342.0000    3    2.000   1.0000         rwNov
344.0000    1    2.000   1.0000         rwRep
346.0000    6    2.000   1.0000         pwNov
348.0000    2    2.000   1.0000         rwOrt
350.0000    0    6.000   1.0000          NULL 
356.0000    5    2.000   1.0000         pwOrt
358.0000    2    2.000   1.0000         rwOrt
