  0.0000    2    2.000   1.0000         rwOrt
  2.0000    3    2.000   1.0000         rwNov
  4.0000    3    2.000   1.0000         rwNov
  6.0000    4    2.000   1.0000         pwRep
  8.0000    2    2.000   1.0000         rwOrt
 10.0000    5    2.000   1.0000         pwOrt
 12.0000    2    2.000   1.0000         rwOrt
 14.0000    3    2.000   1.0000         rwNov
 16.0000    1    2.000   1.0000         rwRep
 18.0000    1    2.000   1.0000         rwRep
 20.0000    2    2.000   1.0000         rwOrt
 22.0000    2    2.000   1.0000         rwOrt
 24.0000    4    2.000   1.0000         pwRep
 26.0000    0    2.000   1.0000          NULL 
 28.0000    6    2.000   1.0000         pwNov
 30.0000    0    4.000   1.0000          NULL 
 34.0000    1    2.000   1.0000         rwRep
 36.0000    4    2.000   1.0000         pwRep
 38.0000    0    2.000   1.0000          NULL 
 40.0000    4    2.000   1.0000         pwRep
 42.0000    5    2.000   1.0000         pwOrt
 44.0000    6    2.000   1.0000         pwNov
 46.0000    4    2.000   1.0000         pwRep
 48.0000    0    2.000   1.0000          NULL 
 50.0000    4    2.000   1.0000         pwRep
 52.0000    3    2.000   1.0000         rwNov
 54.0000    0    2.000   1.0000          NULL 
 56.0000    3    2.000   1.0000         rwNov
 58.0000    1    2.000   1.0000         rwRep
 60.0000    2    2.000   1.0000         rwOrt
 62.0000    3    2.000   1.0000         rwNov
 64.0000    0    2.000   1.0000          NULL 
 66.0000    1    2.000   1.0000         rwRep
 68.0000    5    2.000   1.0000         pwOrt
 70.0000    3    2.000   1.0000         rwNov
 72.0000    1    2.000   1.0000         rwRep
 74.0000    5    2.000   1.0000         pwOrt
 76.0000    1    2.000   1.0000         rwRep
 78.0000    1    2.000   1.0000         rwRep
 80.0000    0    2.000   1.0000          NULL 
 82.0000    2    2.000   1.0000         rwOrt
 84.0000    3    2.000   1.0000         rwNov
 86.0000    2    2.000   1.0000         rwOrt
 88.0000    0    2.000   1.0000          NULL 
 90.0000    4    2.000   1.0000         pwRep
 92.0000    5    2.000   1.0000         pwOrt
 94.0000    0    4.000   1.0000          NULL 
 98.0000    4    2.000   1.0000         pwRep
100.0000    3    2.000   1.0000         rwNov
102.0000    0    2.000   1.0000          NULL 
104.0000    3    2.000   1.0000         rwNov
106.0000    3    2.000   1.0000         rwNov
108.0000    0    4.000   1.0000          NULL 
112.0000    3    2.000   1.0000         rwNov
114.0000    4    2.000   1.0000         pwRep
116.0000    6    2.000   1.0000         pwNov
118.0000    5    2.000   1.0000         pwOrt
120.0000    5    2.000   1.0000         pwOrt
122.0000    2    2.000   1.0000         rwOrt
124.0000    2    2.000   1.0000         rwOrt
126.0000    5    2.000   1.0000         pwOrt
128.0000    4    2.000   1.0000         pwRep
130.0000    0    8.000   1.0000          NULL 
138.0000    4    2.000   1.0000         pwRep
140.0000    6    2.000   1.0000         pwNov
142.0000    3    2.000   1.0000         rwNov
144.0000    0    4.000   1.0000          NULL 
148.0000    5    2.000   1.0000         pwOrt
150.0000    4    2.000   1.0000         pwRep
152.0000    6    2.000   1.0000         pwNov
154.0000    5    2.000   1.0000         pwOrt
156.0000    6    2.000   1.0000         pwNov
158.0000    1    2.000   1.0000         rwRep
160.0000    6    2.000   1.0000         pwNov
162.0000    5    2.000   1.0000         pwOrt
164.0000    5    2.000   1.0000         pwOrt
166.0000    0    2.000   1.0000          NULL 
168.0000    2    2.000   1.0000         rwOrt
170.0000    4    2.000   1.0000         pwRep
172.0000    0    2.000   1.0000          NULL 
174.0000    4    2.000   1.0000         pwRep
176.0000    1    2.000   1.0000         rwRep
178.0000    2    2.000   1.0000         rwOrt
180.0000    2    2.000   1.0000         rwOrt
182.0000    6    2.000   1.0000         pwNov
184.0000    6    2.000   1.0000         pwNov
186.0000    2    2.000   1.0000         rwOrt
188.0000    0    2.000   1.0000          NULL 
190.0000    3    2.000   1.0000         rwNov
192.0000    4    2.000   1.0000         pwRep
194.0000    0    2.000   1.0000          NULL 
196.0000    2    2.000   1.0000         rwOrt
198.0000    0    2.000   1.0000          NULL 
200.0000    5    2.000   1.0000         pwOrt
202.0000    0    2.000   1.0000          NULL 
204.0000    6    2.000   1.0000         pwNov
206.0000    0    2.000   1.0000          NULL 
208.0000    5    2.000   1.0000         pwOrt
210.0000    0    6.000   1.0000          NULL 
216.0000    3    2.000   1.0000         rwNov
218.0000    6    2.000   1.0000         pwNov
220.0000    0    2.000   1.0000          NULL 
222.0000    4    2.000   1.0000         pwRep
224.0000    6    2.000   1.0000         pwNov
226.0000    0    2.000   1.0000          NULL 
228.0000    2    2.000   1.0000         rwOrt
230.0000    2    2.000   1.0000         rwOrt
232.0000    3    2.000   1.0000         rwNov
234.0000    2    2.000   1.0000         rwOrt
236.0000    0    2.000   1.0000          NULL 
238.0000    6    2.000   1.0000         pwNov
240.0000    3    2.000   1.0000         rwNov
242.0000    6    2.000   1.0000         pwNov
244.0000    1    2.000   1.0000         rwRep
246.0000    0    6.000   1.0000          NULL 
252.0000    4    2.000   1.0000         pwRep
254.0000    0    2.000   1.0000          NULL 
256.0000    2    2.000   1.0000         rwOrt
258.0000    1    2.000   1.0000         rwRep
260.0000    1    2.000   1.0000         rwRep
262.0000    4    2.000   1.0000         pwRep
264.0000    0    2.000   1.0000          NULL 
266.0000    1    2.000   1.0000         rwRep
268.0000    0    4.000   1.0000          NULL 
272.0000    5    2.000   1.0000         pwOrt
274.0000    1    2.000   1.0000         rwRep
276.0000    4    2.000   1.0000         pwRep
278.0000    0    2.000   1.0000          NULL 
280.0000    1    2.000   1.0000         rwRep
282.0000    0    2.000   1.0000          NULL 
284.0000    1    2.000   1.0000         rwRep
286.0000    6    2.000   1.0000         pwNov
288.0000    0    4.000   1.0000          NULL 
292.0000    5    2.000   1.0000         pwOrt
294.0000    0    2.000   1.0000          NULL 
296.0000    4    2.000   1.0000         pwRep
298.0000    5    2.000   1.0000         pwOrt
300.0000    0    2.000   1.0000          NULL 
302.0000    5    2.000   1.0000         pwOrt
304.0000    6    2.000   1.0000         pwNov
306.0000    0    2.000   1.0000          NULL 
308.0000    6    2.000   1.0000         pwNov
310.0000    3    2.000   1.0000         rwNov
312.0000    6    2.000   1.0000         pwNov
314.0000    0    2.000   1.0000          NULL 
316.0000    1    2.000   1.0000         rwRep
318.0000    0    2.000   1.0000          NULL 
320.0000    1    2.000   1.0000         rwRep
322.0000    0    2.000   1.0000          NULL 
324.0000    3    2.000   1.0000         rwNov
326.0000    6    2.000   1.0000         pwNov
328.0000    0    2.000   1.0000          NULL 
330.0000    3    2.000   1.0000         rwNov
332.0000    0    4.000   1.0000          NULL 
336.0000    5    2.000   1.0000         pwOrt
338.0000    2    2.000   1.0000         rwOrt
340.0000    0    2.000   1.0000          NULL 
342.0000    5    2.000   1.0000         pwOrt
344.0000    0    4.000   1.0000          NULL 
348.0000    1    2.000   1.0000         rwRep
350.0000    0    6.000   1.0000          NULL 
356.0000    6    2.000   1.0000         pwNov
358.0000    0    2.000   1.0000          NULL 
