  0.0000    1    2.000   1.0000         rwRep
  2.0000    2    2.000   1.0000         rwOrt
  4.0000    0    2.000   1.0000          NULL 
  6.0000    3    2.000   1.0000         rwNov
  8.0000    3    2.000   1.0000         rwNov
 10.0000    0    4.000   1.0000          NULL 
 14.0000    1    2.000   1.0000         rwRep
 16.0000    0    2.000   1.0000          NULL 
 18.0000    2    2.000   1.0000         rwOrt
 20.0000    1    2.000   1.0000         rwRep
 22.0000    4    2.000   1.0000         pwRep
 24.0000    2    2.000   1.0000         rwOrt
 26.0000    0    8.000   1.0000          NULL 
 34.0000    5    2.000   1.0000         pwOrt
 36.0000    3    2.000   1.0000         rwNov
 38.0000    6    2.000   1.0000         pwNov
 40.0000    6    2.000   1.0000         pwNov
 42.0000    4    2.000   1.0000         pwRep
 44.0000    6    2.000   1.0000         pwNov
 46.0000    2    2.000   1.0000         rwOrt
 48.0000    4    2.000   1.0000         pwRep
 50.0000    1    2.000   1.0000         rwRep
 52.0000    1    2.000   1.0000         rwRep
 54.0000    0    4.000   1.0000          NULL 
 58.0000    3    2.000   1.0000         rwNov
 60.0000    2    2.000   1.0000         rwOrt
 62.0000    6    2.000   1.0000         pwNov
 64.0000    2    2.000   1.0000         rwOrt
 66.0000    5    2.000   1.0000         pwOrt
 68.0000    3    2.000   1.0000         rwNov
 70.0000    0    2.000   1.0000          NULL 
 72.0000    2    2.000   1.0000         rwOrt
 74.0000    2    2.000   1.0000         rwOrt
 76.0000    1    2.000   1.0000         rwRep
 78.0000    6    2.000   1.0000         pwNov
 80.0000    5    2.000   1.0000         pwOrt
 82.0000    2    2.000   1.0000         rwOrt
 84.0000    0    2.000   1.0000          NULL 
 86.0000    3    2.000   1.0000         rwNov
 88.0000    2    2.000   1.0000         rwOrt
 90.0000    4    2.000   1.0000         pwRep
 92.0000    0    4.000   1.0000          NULL 
 96.0000    6    2.000   1.0000         pwNov
 98.0000    2    2.000   1.0000         rwOrt
100.0000    0    2.000   1.0000          NULL 
102.0000    4    2.000   1.0000         pwRep
104.0000    0    2.000   1.0000          NULL 
106.0000    5    2.000   1.0000         pwOrt
108.0000    0    2.000   1.0000          NULL 
110.0000    4    2.000   1.0000         pwRep
112.0000    0    4.000   1.0000          NULL 
116.0000    6    2.000   1.0000         pwNov
118.0000    4    2.000   1.0000         pwRep
120.0000    0    2.000   1.0000          NULL 
122.0000    1    2.000   1.0000         rwRep
124.0000    5    2.000   1.0000         pwOrt
126.0000    4    2.000   1.0000         pwRep
128.0000    0    2.000   1.0000          NULL 
130.0000    1    2.000   1.0000         rwRep
132.0000    0    2.000   1.0000          NULL 
134.0000    4    2.000   1.0000         pwRep
136.0000    3    2.000   1.0000         rwNov
138.0000    0    4.000   1.0000          NULL 
142.0000    4    2.000   1.0000         pwRep
144.0000    1    2.000   1.0000         rwRep
146.0000    0    2.000   1.0000          NULL 
148.0000    6    2.000   1.0000         pwNov
150.0000    4    2.000   1.0000         pwRep
152.0000    1    2.000   1.0000         rwRep
154.0000    0    4.000   1.0000          NULL 
158.0000    3    2.000   1.0000         rwNov
160.0000    4    2.000   1.0000         pwRep
162.0000    4    2.000   1.0000         pwRep
164.0000    0    2.000   1.0000          NULL 
166.0000    2    2.000   1.0000         rwOrt
168.0000    0    2.000   1.0000          NULL 
170.0000    5    2.000   1.0000         pwOrt
172.0000    6    2.000   1.0000         pwNov
174.0000    0    2.000   1.0000          NULL 
176.0000    1    2.000   1.0000         rwRep
178.0000    1    2.000   1.0000         rwRep
180.0000    0    2.000   1.0000          NULL 
182.0000    5    2.000   1.0000         pwOrt
184.0000    4    2.000   1.0000         pwRep
186.0000    1    2.000   1.0000         rwRep
188.0000    6    2.000   1.0000         pwNov
190.0000    5    2.000   1.0000         pwOrt
192.0000    0    6.000   1.0000          NULL 
198.0000    4    2.000   1.0000         pwRep
200.0000    5    2.000   1.0000         pwOrt
202.0000    5    2.000   1.0000         pwOrt
204.0000    5    2.000   1.0000         pwOrt
206.0000    5    2.000   1.0000         pwOrt
208.0000    5    2.000   1.0000         pwOrt
210.0000    2    2.000   1.0000         rwOrt
212.0000    0    4.000   1.0000          NULL 
216.0000    3    2.000   1.0000         rwNov
218.0000    3    2.000   1.0000         rwNov
220.0000    0    2.000   1.0000          NULL 
222.0000    2    2.000   1.0000         rwOrt
224.0000    6    2.000   1.0000         pwNov
226.0000    3    2.000   1.0000         rwNov
228.0000    0    4.000   1.0000          NULL 
232.0000    2    2.000   1.0000         rwOrt
234.0000    0    2.000   1.0000          NULL 
236.0000    5    2.000   1.0000         pwOrt
238.0000    3    2.000   1.0000         rwNov
240.0000    1    2.000   1.0000         rwRep
242.0000    6    2.000   1.0000         pwNov
244.0000    0    4.000   1.0000          NULL 
248.0000    5    2.000   1.0000         pwOrt
250.0000    5    2.000   1.0000         pwOrt
252.0000    1    2.000   1.0000         rwRep
254.0000    0    2.000   1.0000          NULL 
256.0000    3    2.000   1.0000         rwNov
258.0000    0    2.000   1.0000          NULL 
260.0000    1    2.000   1.0000         rwRep
262.0000    2    2.000   1.0000         rwOrt
264.0000    2    2.000   1.0000         rwOrt
266.0000    1    2.000   1.0000         rwRep
268.0000    5    2.000   1.0000         pwOrt
270.0000    5    2.000   1.0000         pwOrt
272.0000    4    2.000   1.0000         pwRep
274.0000    0    2.000   1.0000          NULL 
276.0000    1    2.000   1.0000         rwRep
278.0000    6    2.000   1.0000         pwNov
280.0000    0    2.000   1.0000          NULL 
282.0000    4    2.000   1.0000         pwRep
284.0000    0    2.000   1.0000          NULL 
286.0000    4    2.000   1.0000         pwRep
288.0000    0    2.000   1.0000          NULL 
290.0000    3    2.000   1.0000         rwNov
292.0000    0    2.000   1.0000          NULL 
294.0000    2    2.000   1.0000         rwOrt
296.0000    0    6.000   1.0000          NULL 
302.0000    6    2.000   1.0000         pwNov
304.0000    0    2.000   1.0000          NULL 
306.0000    6    2.000   1.0000         pwNov
308.0000    3    2.000   1.0000         rwNov
310.0000    1    2.000   1.0000         rwRep
312.0000    4    2.000   1.0000         pwRep
314.0000    3    2.000   1.0000         rwNov
316.0000    6    2.000   1.0000         pwNov
318.0000    0    4.000   1.0000          NULL 
322.0000    1    2.000   1.0000         rwRep
324.0000    6    2.000   1.0000         pwNov
326.0000    6    2.000   1.0000         pwNov
328.0000    5    2.000   1.0000         pwOrt
330.0000    3    2.000   1.0000         rwNov
332.0000    6    2.000   1.0000         pwNov
334.0000    0    4.000   1.0000          NULL 
338.0000    5    2.000   1.0000         pwOrt
340.0000    6    2.000   1.0000         pwNov
342.0000    3    2.000   1.0000         rwNov
344.0000    3    2.000   1.0000         rwNov
346.0000    2    2.000   1.0000         rwOrt
348.0000    2    2.000   1.0000         rwOrt
350.0000    4    2.000   1.0000         pwRep
352.0000    0    6.000   1.0000          NULL 
358.0000    3    2.000   1.0000         rwNov
