  0.0000    5    2.000   1.0000         pwOrt
  2.0000    4    2.000   1.0000         pwRep
  4.0000    1    2.000   1.0000         rwRep
  6.0000    3    2.000   1.0000         rwNov
  8.0000    1    2.000   1.0000         rwRep
 10.0000    0    4.000   1.0000          NULL 
 14.0000    6    2.000   1.0000         pwNov
 16.0000    0    2.000   1.0000          NULL 
 18.0000    2    2.000   1.0000         rwOrt
 20.0000    6    2.000   1.0000         pwNov
 22.0000    0    4.000   1.0000          NULL 
 26.0000    2    2.000   1.0000         rwOrt
 28.0000    3    2.000   1.0000         rwNov
 30.0000    0    8.000   1.0000          NULL 
 38.0000    3    2.000   1.0000         rwNov
 40.0000    1    2.000   1.0000         rwRep
 42.0000    2    2.000   1.0000         rwOrt
 44.0000    5    2.000   1.0000         pwOrt
 46.0000    0    2.000   1.0000          NULL 
 48.0000    5    2.000   1.0000         pwOrt
 50.0000    3    2.000   1.0000         rwNov
 52.0000    5    2.000   1.0000         pwOrt
 54.0000    6    2.000   1.0000         pwNov
 56.0000    3    2.000   1.0000         rwNov
 58.0000    0    2.000   1.0000          NULL 
 60.0000    1    2.000   1.0000         rwRep
 62.0000    3    2.000   1.0000         rwNov
 64.0000    0    2.000   1.0000          NULL 
 66.0000    2    2.000   1.0000         rwOrt
 68.0000    4    2.000   1.0000         pwRep
 70.0000    0    2.000   1.0000          NULL 
 72.0000    4    2.000   1.0000         pwRep
 74.0000    2    2.000   1.0000         rwOrt
 76.0000    2    2.000   1.0000         rwOrt
 78.0000    5    2.000   1.0000         pwOrt
 80.0000    0    2.000   1.0000          NULL 
 82.0000    3    2.000   1.0000         rwNov
 84.0000    0    2.000   1.0000          NULL 
 86.0000    6    2.000   1.0000         pwNov
 88.0000    3    2.000   1.0000         rwNov
 90.0000    5    2.000   1.0000         pwOrt
 92.0000    0    6.000   1.0000          NULL 
 98.0000    2    2.000   1.0000         rwOrt
100.0000    6    2.000   1.0000         pwNov
102.0000    2    2.000   1.0000         rwOrt
104.0000    1    2.000   1.0000         rwRep
106.0000    5    2.000   1.0000         pwOrt
108.0000    3    2.000   1.0000         rwNov
110.0000    6    2.000   1.0000         pwNov
112.0000    5    2.000   1.0000         pwOrt
114.0000    6    2.000   1.0000         pwNov
116.0000    4    2.000   1.0000         pwRep
118.0000    5    2.000   1.0000         pwOrt
120.0000    5    2.000   1.0000         pwOrt
122.0000    0    2.000   1.0000          NULL 
124.0000    1    2.000   1.0000         rwRep
126.0000    0    2.000   1.0000          NULL 
128.0000    5    2.000   1.0000         pwOrt
130.0000    2    2.000   1.0000         rwOrt
132.0000    2    2.000   1.0000         rwOrt
134.0000    0    2.000   1.0000          NULL 
136.0000    3    2.000   1.0000         rwNov
138.0000    1    2.000   1.0000         rwRep
140.0000    4    2.000   1.0000         pwRep
142.0000    0    2.000   1.0000          NULL 
144.0000    1    2.000   1.0000         rwRep
146.0000    3    2.000   1.0000         rwNov
148.0000    6    2.000   1.0000         pwNov
150.0000    0    2.000   1.0000          NULL 
152.0000    3    2.000   1.0000         rwNov
154.0000    5    2.000   1.0000         pwOrt
156.0000    0    6.000   1.0000          NULL 
162.0000    2    2.000   1.0000         rwOrt
164.0000    0    2.000   1.0000          NULL 
166.0000    5    2.000   1.0000         pwOrt
168.0000    2    2.000   1.0000         rwOrt
170.0000    6    2.000   1.0000         pwNov
172.0000    3    2.000   1.0000         rwNov
174.0000    6    2.000   1.0000         pwNov
176.0000    3    2.000   1.0000         rwNov
178.0000    0    2.000   1.0000          NULL 
180.0000    4    2.000   1.0000         pwRep
182.0000    1    2.000   1.0000         rwRep
184.0000    0    2.000   1.0000          NULL 
186.0000    5    2.000   1.0000         pwOrt
188.0000    3    2.000   1.0000         rwNov
190.0000    4    2.000   1.0000         pwRep
192.0000    0    2.000   1.0000          NULL 
194.0000    2    2.000   1.0000         rwOrt
196.0000    6    2.000   1.0000         pwNov
198.0000    1    2.000   1.0000         rwRep
200.0000    1    2.000   1.0000         rwRep
202.0000    5    2.000   1.0000         pwOrt
204.0000    3    2.000   1.0000         rwNov
206.0000    0    4.000   1.0000          NULL 
210.0000    1    2.000   1.0000         rwRep
212.0000    1    2.000   1.0000         rwRep
214.0000    6    2.000   1.0000         pwNov
216.0000    4    2.000   1.0000         pwRep
218.0000    0    4.000   1.0000          NULL 
222.0000    4    2.000   1.0000         pwRep
224.0000    0    6.000   1.0000          NULL 
230.0000    5    2.000   1.0000         pwOrt
232.0000    5    2.000   1.0000         pwOrt
234.0000    2    2.000   1.0000         rwOrt
236.0000    1    2.000   1.0000         rwRep
238.0000    6    2.000   1.0000         pwNov
240.0000    0    2.000   1.0000          NULL 
242.0000    4    2.000   1.0000         pwRep
244.0000    1    2.000   1.0000         rwRep
246.0000    0    6.000   1.0000          NULL 
252.0000    3    2.000   1.0000         rwNov
254.0000    0    2.000   1.0000          NULL 
256.0000    6    2.000   1.0000         pwNov
258.0000    4    2.000   1.0000         pwRep
260.0000    6    2.000   1.0000         pwNov
262.0000    4    2.000   1.0000         pwRep
264.0000    0    4.000   1.0000          NULL 
268.0000    4    2.000   1.0000         pwRep
270.0000    1    2.000   1.0000         rwRep
272.0000    3    2.000   1.0000         rwNov
274.0000    0    2.000   1.0000          NULL 
276.0000    6    2.000   1.0000         pwNov
278.0000    6    2.000   1.0000         pwNov
280.0000    2    2.000   1.0000         rwOrt
282.0000    1    2.000   1.0000         rwRep
284.0000    6    2.000   1.0000         pwNov
286.0000    0    2.000   1.0000          NULL 
288.0000    4    2.000   1.0000         pwRep
290.0000    6    2.000   1.0000         pwNov
292.0000    2    2.000   1.0000         rwOrt
294.0000    5    2.000   1.0000         pwOrt
296.0000    2    2.000   1.0000         rwOrt
298.0000    1    2.000   1.0000         rwRep
300.0000    2    2.000   1.0000         rwOrt
302.0000    4    2.000   1.0000         pwRep
304.0000    0    8.000   1.0000          NULL 
312.0000    4    2.000   1.0000         pwRep
314.0000    1    2.000   1.0000         rwRep
316.0000    6    2.000   1.0000         pwNov
318.0000    0    2.000   1.0000          NULL 
320.0000    3    2.000   1.0000         rwNov
322.0000    2    2.000   1.0000         rwOrt
324.0000    4    2.000   1.0000         pwRep
326.0000    0    2.000   1.0000          NULL 
328.0000    4    2.000   1.0000         pwRep
330.0000    0    2.000   1.0000          NULL 
332.0000    2    2.000   1.0000         rwOrt
334.0000    0    2.000   1.0000          NULL 
336.0000    4    2.000   1.0000         pwRep
338.0000    5    2.000   1.0000         pwOrt
340.0000    0    2.000   1.0000          NULL 
342.0000    5    2.000   1.0000         pwOrt
344.0000    0    4.000   1.0000          NULL 
348.0000    1    2.000   1.0000         rwRep
350.0000    0    4.000   1.0000          NULL 
354.0000    3    2.000   1.0000         rwNov
356.0000    0    2.000   1.0000          NULL 
358.0000    4    2.000   1.0000         pwRep
