  0.0000    1    2.000   1.0000         rwRep
  2.0000    4    2.000   1.0000         pwRep
  4.0000    5    2.000   1.0000         pwOrt
  6.0000    0    2.000   1.0000          NULL 
  8.0000    5    2.000   1.0000         pwOrt
 10.0000    4    2.000   1.0000         pwRep
 12.0000    0    2.000   1.0000          NULL 
 14.0000    6    2.000   1.0000         pwNov
 16.0000    0    2.000   1.0000          NULL 
 18.0000    1    2.000   1.0000         rwRep
 20.0000    4    2.000   1.0000         pwRep
 22.0000    6    2.000   1.0000         pwNov
 24.0000    1    2.000   1.0000         rwRep
 26.0000    0    4.000   1.0000          NULL 
 30.0000    3    2.000   1.0000         rwNov
 32.0000    3    2.000   1.0000         rwNov
 34.0000    5    2.000   1.0000         pwOrt
 36.0000    6    2.000   1.0000         pwNov
 38.0000    1    2.000   1.0000         rwRep
 40.0000    1    2.000   1.0000         rwRep
 42.0000    2    2.000   1.0000         rwOrt
 44.0000    2    2.000   1.0000         rwOrt
 46.0000    2    2.000   1.0000         rwOrt
 48.0000    5    2.000   1.0000         pwOrt
 50.0000    0    2.000   1.0000          NULL 
 52.0000    3    2.000   1.0000         rwNov
 54.0000    1    2.000   1.0000         rwRep
 56.0000    0    2.000   1.0000          NULL 
 58.0000    1    2.000   1.0000         rwRep
 60.0000    5    2.000   1.0000         pwOrt
 62.0000    2    2.000   1.0000         rwOrt
 64.0000    0    4.000   1.0000          NULL 
 68.0000    2    2.000   1.0000         rwOrt
 70.0000    0    2.000   1.0000          NULL 
 72.0000    5    2.000   1.0000         pwOrt
 74.0000    0    6.000   1.0000          NULL 
 80.0000    5    2.000   1.0000         pwOrt
 82.0000    0    2.000   1.0000          NULL 
 84.0000    2    2.000   1.0000         rwOrt
 86.0000    3    2.000   1.0000         rwNov
 88.0000    3    2.000   1.0000         rwNov
 90.0000    6    2.000   1.0000         pwNov
 92.0000    0    2.000   1.0000          NULL 
 94.0000    2    2.000   1.0000         rwOrt
 96.0000    4    2.000   1.0000         pwRep
 98.0000    1    2.000   1.0000         rwRep
100.0000    0    2.000   1.0000          NULL 
102.0000    5    2.000   1.0000         pwOrt
104.0000    0    2.000   1.0000          NULL 
106.0000    2    2.000   1.0000         rwOrt
108.0000    5    2.000   1.0000         pwOrt
110.0000    1    2.000   1.0000         rwRep
112.0000    1    2.000   1.0000         rwRep
114.0000    6    2.000   1.0000         pwNov
116.0000    5    2.000   1.0000         pwOrt
118.0000    1    2.000   1.0000         rwRep
120.0000    2    2.000   1.0000         rwOrt
122.0000    4    2.000   1.0000         pwRep
124.0000    0    2.000   1.0000          NULL 
126.0000    4    2.000   1.0000         pwRep
128.0000    5    2.000   1.0000         pwOrt
130.0000    3    2.000   1.0000         rwNov
132.0000    4    2.000   1.0000         pwRep
134.0000    0    2.000   1.0000          NULL 
136.0000    6    2.000   1.0000         pwNov
138.0000    0   10.000   1.0000          NULL 
148.0000    1    2.000   1.0000         rwRep
150.0000    0    4.000   1.0000          NULL 
154.0000    6    2.000   1.0000         pwNov
156.0000    1    2.000   1.0000         rwRep
158.0000    5    2.000   1.0000         pwOrt
160.0000    5    2.000   1.0000         pwOrt
162.0000    6    2.000   1.0000         pwNov
164.0000    5    2.000   1.0000         pwOrt
166.0000    3    2.000   1.0000         rwNov
168.0000    2    2.000   1.0000         rwOrt
170.0000    0    2.000   1.0000          NULL 
172.0000    4    2.000   1.0000         pwRep
174.0000    5    2.000   1.0000         pwOrt
176.0000    5    2.000   1.0000         pwOrt
178.0000    6    2.000   1.0000         pwNov
180.0000    2    2.000   1.0000         rwOrt
182.0000    0    2.000   1.0000          NULL 
184.0000    3    2.000   1.0000         rwNov
186.0000    2    2.000   1.0000         rwOrt
188.0000    5    2.000   1.0000         pwOrt
190.0000    1    2.000   1.0000         rwRep
192.0000    3    2.000   1.0000         rwNov
194.0000    0    2.000   1.0000          NULL 
196.0000    3    2.000   1.0000         rwNov
198.0000    0    2.000   1.0000          NULL 
200.0000    6    2.000   1.0000         pwNov
202.0000    0    2.000   1.0000          NULL 
204.0000    1    2.000   1.0000         rwRep
206.0000    0   10.000   1.0000          NULL 
216.0000    1    2.000   1.0000         rwRep
218.0000    3    2.000   1.0000         rwNov
220.0000    4    2.000   1.0000         pwRep
222.0000    0    2.000   1.0000          NULL 
224.0000    4    2.000   1.0000         pwRep
226.0000    4    2.000   1.0000         pwRep
228.0000    6    2.000   1.0000         pwNov
230.0000    6    2.000   1.0000         pwNov
232.0000    4    2.000   1.0000         pwRep
234.0000    6    2.000   1.0000         pwNov
236.0000    0    4.000   1.0000          NULL 
240.0000    4    2.000   1.0000         pwRep
242.0000    5    2.000   1.0000         pwOrt
244.0000    4    2.000   1.0000         pwRep
246.0000    3    2.000   1.0000         rwNov
248.0000    4    2.000   1.0000         pwRep
250.0000    4    2.000   1.0000         pwRep
252.0000    4    2.000   1.0000         pwRep
254.0000    1    2.000   1.0000         rwRep
256.0000    0    4.000   1.0000          NULL 
260.0000    3    2.000   1.0000         rwNov
262.0000    6    2.000   1.0000         pwNov
264.0000    5    2.000   1.0000         pwOrt
266.0000    0    2.000   1.0000          NULL 
268.0000    3    2.000   1.0000         rwNov
270.0000    0    2.000   1.0000          NULL 
272.0000    3    2.000   1.0000         rwNov
274.0000    0    6.000   1.0000          NULL 
280.0000    4    2.000   1.0000         pwRep
282.0000    3    2.000   1.0000         rwNov
284.0000    0    2.000   1.0000          NULL 
286.0000    5    2.000   1.0000         pwOrt
288.0000    2    2.000   1.0000         rwOrt
290.0000    0    4.000   1.0000          NULL 
294.0000    6    2.000   1.0000         pwNov
296.0000    2    2.000   1.0000         rwOrt
298.0000    3    2.000   1.0000         rwNov
300.0000    0    2.000   1.0000          NULL 
302.0000    2    2.000   1.0000         rwOrt
304.0000    2    2.000   1.0000         rwOrt
306.0000    6    2.000   1.0000         pwNov
308.0000    6    2.000   1.0000         pwNov
310.0000    0    2.000   1.0000          NULL 
312.0000    1    2.000   1.0000         rwRep
314.0000    4    2.000   1.0000         pwRep
316.0000    0    2.000   1.0000          NULL 
318.0000    2    2.000   1.0000         rwOrt
320.0000    0    4.000   1.0000          NULL 
324.0000    6    2.000   1.0000         pwNov
326.0000    3    2.000   1.0000         rwNov
328.0000    6    2.000   1.0000         pwNov
330.0000    0    2.000   1.0000          NULL 
332.0000    3    2.000   1.0000         rwNov
334.0000    6    2.000   1.0000         pwNov
336.0000    4    2.000   1.0000         pwRep
338.0000    0    4.000   1.0000          NULL 
342.0000    1    2.000   1.0000         rwRep
344.0000    2    2.000   1.0000         rwOrt
346.0000    0    4.000   1.0000          NULL 
350.0000    1    2.000   1.0000         rwRep
352.0000    2    2.000   1.0000         rwOrt
354.0000    0    2.000   1.0000          NULL 
356.0000    3    2.000   1.0000         rwNov
358.0000    2    2.000   1.0000         rwOrt
