  0.0000    1    2.000   1.0000         rwRep
  2.0000    6    2.000   1.0000         pwNov
  4.0000    0    2.000   1.0000          NULL 
  6.0000    6    2.000   1.0000         pwNov
  8.0000    0    2.000   1.0000          NULL 
 10.0000    1    2.000   1.0000         rwRep
 12.0000    5    2.000   1.0000         pwOrt
 14.0000    6    2.000   1.0000         pwNov
 16.0000    5    2.000   1.0000         pwOrt
 18.0000    3    2.000   1.0000         rwNov
 20.0000    3    2.000   1.0000         rwNov
 22.0000    0    2.000   1.0000          NULL 
 24.0000    1    2.000   1.0000         rwRep
 26.0000    3    2.000   1.0000         rwNov
 28.0000    0    2.000   1.0000          NULL 
 30.0000    2    2.000   1.0000         rwOrt
 32.0000    0    2.000   1.0000          NULL 
 34.0000    4    2.000   1.0000         pwRep
 36.0000    4    2.000   1.0000         pwRep
 38.0000    3    2.000   1.0000         rwNov
 40.0000    2    2.000   1.0000         rwOrt
 42.0000    0    2.000   1.0000          NULL 
 44.0000    2    2.000   1.0000         rwOrt
 46.0000    2    2.000   1.0000         rwOrt
 48.0000    3    2.000   1.0000         rwNov
 50.0000    5    2.000   1.0000         pwOrt
 52.0000    2    2.000   1.0000         rwOrt
 54.0000    2    2.000   1.0000         rwOrt
 56.0000    1    2.000   1.0000         rwRep
 58.0000    0    2.000   1.0000          NULL 
 60.0000    6    2.000   1.0000         pwNov
 62.0000    0    2.000   1.0000          NULL 
 64.0000    2    2.000   1.0000         rwOrt
 66.0000    0    2.000   1.0000          NULL 
 68.0000    6    2.000   1.0000         pwNov
 70.0000    0    2.000   1.0000          NULL 
 72.0000    2    2.000   1.0000         rwOrt
 74.0000    0    2.000   1.0000          NULL 
 76.0000    5    2.000   1.0000         pwOrt
 78.0000    6    2.000   1.0000         pwNov
 80.0000    0    2.000   1.0000          NULL 
 82.0000    6    2.000   1.0000         pwNov
 84.0000    6    2.000   1.0000         pwNov
 86.0000    3    2.000   1.0000         rwNov
 88.0000    2    2.000   1.0000         rwOrt
 90.0000    6    2.000   1.0000         pwNov
 92.0000    0    2.000   1.0000          NULL 
 94.0000    5    2.000   1.0000         pwOrt
 96.0000    1    2.000   1.0000         rwRep
 98.0000    0    4.000   1.0000          NULL 
102.0000    3    2.000   1.0000         rwNov
104.0000    2    2.000   1.0000         rwOrt
106.0000    0    4.000   1.0000          NULL 
110.0000    5    2.000   1.0000         pwOrt
112.0000    5    2.000   1.0000         pwOrt
114.0000    6    2.000   1.0000         pwNov
116.0000    0    4.000   1.0000          NULL 
120.0000    6    2.000   1.0000         pwNov
122.0000    2    2.000   1.0000         rwOrt
124.0000    4    2.000   1.0000         pwRep
126.0000    0    2.000   1.0000          NULL 
128.0000    5    2.000   1.0000         pwOrt
130.0000    0    2.000   1.0000          NULL 
132.0000    6    2.000   1.0000         pwNov
134.0000    0    4.000   1.0000          NULL 
138.0000    5    2.000   1.0000         pwOrt
140.0000    0    2.000   1.0000          NULL 
142.0000    5    2.000   1.0000         pwOrt
144.0000    5    2.000   1.0000         pwOrt
146.0000    0    2.000   1.0000          NULL 
148.0000    4    2.000   1.0000         pwRep
150.0000    4    2.000   1.0000         pwRep
152.0000    0    2.000   1.0000          NULL 
154.0000    3    2.000   1.0000         rwNov
156.0000    2    2.000   1.0000         rwOrt
158.0000    4    2.000   1.0000         pwRep
160.0000    2    2.000   1.0000         rwOrt
162.0000    0    2.000   1.0000          NULL 
164.0000    4    2.000   1.0000         pwRep
166.0000    1    2.000   1.0000         rwRep
168.0000    5    2.000   1.0000         pwOrt
170.0000    4    2.000   1.0000         pwRep
172.0000    1    2.000   1.0000         rwRep
174.0000    0    2.000   1.0000          NULL 
176.0000    3    2.000   1.0000         rwNov
178.0000    4    2.000   1.0000         pwRep
180.0000    3    2.000   1.0000         rwNov
182.0000    3    2.000   1.0000         rwNov
184.0000    6    2.000   1.0000         pwNov
186.0000    4    2.000   1.0000         pwRep
188.0000    1    2.000   1.0000         rwRep
190.0000    1    2.000   1.0000         rwRep
192.0000    1    2.000   1.0000         rwRep
194.0000    0   12.000   1.0000          NULL 
206.0000    3    2.000   1.0000         rwNov
208.0000    0    2.000   1.0000          NULL 
210.0000    1    2.000   1.0000         rwRep
212.0000    6    2.000   1.0000         pwNov
214.0000    5    2.000   1.0000         pwOrt
216.0000    6    2.000   1.0000         pwNov
218.0000    3    2.000   1.0000         rwNov
220.0000    0    2.000   1.0000          NULL 
222.0000    4    2.000   1.0000         pwRep
224.0000    0    2.000   1.0000          NULL 
226.0000    4    2.000   1.0000         pwRep
228.0000    5    2.000   1.0000         pwOrt
230.0000    2    2.000   1.0000         rwOrt
232.0000    0    4.000   1.0000          NULL 
236.0000    4    2.000   1.0000         pwRep
238.0000    0    4.000   1.0000          NULL 
242.0000    4    2.000   1.0000         pwRep
244.0000    4    2.000   1.0000         pwRep
246.0000    1    2.000   1.0000         rwRep
248.0000    4    2.000   1.0000         pwRep
250.0000    1    2.000   1.0000         rwRep
252.0000    0    4.000   1.0000          NULL 
256.0000    1    2.000   1.0000         rwRep
258.0000    3    2.000   1.0000         rwNov
260.0000    0    8.000   1.0000          NULL 
268.0000    1    2.000   1.0000         rwRep
270.0000    2    2.000   1.0000         rwOrt
272.0000    0    2.000   1.0000          NULL 
274.0000    2    2.000   1.0000         rwOrt
276.0000    0    2.000   1.0000          NULL 
278.0000    2    2.000   1.0000         rwOrt
280.0000    2    2.000   1.0000         rwOrt
282.0000    1    2.000   1.0000         rwRep
284.0000    3    2.000   1.0000         rwNov
286.0000    6    2.000   1.0000         pwNov
288.0000    3    2.000   1.0000         rwNov
290.0000    5    2.000   1.0000         pwOrt
292.0000    0    2.000   1.0000          NULL 
294.0000    6    2.000   1.0000         pwNov
296.0000    6    2.000   1.0000         pwNov
298.0000    1    2.000   1.0000         rwRep
300.0000    1    2.000   1.0000         rwRep
302.0000    0    2.000   1.0000          NULL 
304.0000    3    2.000   1.0000         rwNov
306.0000    1    2.000   1.0000         rwRep
308.0000    3    2.000   1.0000         rwNov
310.0000    4    2.000   1.0000         pwRep
312.0000    0    4.000   1.0000          NULL 
316.0000    6    2.000   1.0000         pwNov
318.0000    3    2.000   1.0000         rwNov
320.0000    3    2.000   1.0000         rwNov
322.0000    0    6.000   1.0000          NULL 
328.0000    6    2.000   1.0000         pwNov
330.0000    4    2.000   1.0000         pwRep
332.0000    0    2.000   1.0000          NULL 
334.0000    1    2.000   1.0000         rwRep
336.0000    5    2.000   1.0000         pwOrt
338.0000    0    2.000   1.0000          NULL 
340.0000    5    2.000   1.0000         pwOrt
342.0000    0    4.000   1.0000          NULL 
346.0000    5    2.000   1.0000         pwOrt
348.0000    2    2.000   1.0000         rwOrt
350.0000    2    2.000   1.0000         rwOrt
352.0000    5    2.000   1.0000         pwOrt
354.0000    4    2.000   1.0000         pwRep
356.0000    4    2.000   1.0000         pwRep
358.0000    5    2.000   1.0000         pwOrt
