  0.0000    4    2.000   1.0000         pwRep
  2.0000    4    2.000   1.0000         pwRep
  4.0000    1    2.000   1.0000         rwRep
  6.0000    2    2.000   1.0000         rwOrt
  8.0000    3    2.000   1.0000         rwNov
 10.0000    0    2.000   1.0000          NULL 
 12.0000    4    2.000   1.0000         pwRep
 14.0000    0    2.000   1.0000          NULL 
 16.0000    5    2.000   1.0000         pwOrt
 18.0000    0    4.000   1.0000          NULL 
 22.0000    3    2.000   1.0000         rwNov
 24.0000    1    2.000   1.0000         rwRep
 26.0000    0    4.000   1.0000          NULL 
 30.0000    5    2.000   1.0000         pwOrt
 32.0000    2    2.000   1.0000         rwOrt
 34.0000    4    2.000   1.0000         pwRep
 36.0000    2    2.000   1.0000         rwOrt
 38.0000    5    2.000   1.0000         pwOrt
 40.0000    0    2.000   1.0000          NULL 
 42.0000    1    2.000   1.0000         rwRep
 44.0000    3    2.000   1.0000         rwNov
 46.0000    3    2.000   1.0000         rwNov
 48.0000    5    2.000   1.0000         pwOrt
 50.0000    1    2.000   1.0000         rwRep
 52.0000    0    2.000   1.0000          NULL 
 54.0000    6    2.000   1.0000         pwNov
 56.0000    0    2.000   1.0000          NULL 
 58.0000    6    2.000   1.0000         pwNov
 60.0000    1    2.000   1.0000         rwRep
 62.0000    3    2.000   1.0000         rwNov
 64.0000    6    2.000   1.0000         pwNov
 66.0000    1    2.000   1.0000         rwRep
 68.0000    0    2.000   1.0000          NULL 
 70.0000    1    2.000   1.0000         rwRep
 72.0000    0    4.000   1.0000          NULL 
 76.0000    4    2.000   1.0000         pwRep
 78.0000    3    2.000   1.0000         rwNov
 80.0000    3    2.000   1.0000         rwNov
 82.0000    1    2.000   1.0000         rwRep
 84.0000    2    2.000   1.0000         rwOrt
 86.0000    0    2.000   1.0000          NULL 
 88.0000    2    2.000   1.0000         rwOrt
 90.0000    6    2.000   1.0000         pwNov
 92.0000    3    2.000   1.0000         rwNov
 94.0000    2    2.000   1.0000         rwOrt
 96.0000    6    2.000   1.0000         pwNov
 98.0000    0    2.000   1.0000          NULL 
100.0000    5    2.000   1.0000         pwOrt
102.0000    1    2.000   1.0000         rwRep
104.0000    5    2.000   1.0000         pwOrt
106.0000    3    2.000   1.0000         rwNov
108.0000    1    2.000   1.0000         rwRep
110.0000    1    2.000   1.0000         rwRep
112.0000    4    2.000   1.0000         pwRep
114.0000    0    6.000   1.0000          NULL 
120.0000    3    2.000   1.0000         rwNov
122.0000    1    2.000   1.0000         rwRep
124.0000    1    2.000   1.0000         rwRep
126.0000    1    2.000   1.0000         rwRep
128.0000    6    2.000   1.0000         pwNov
130.0000    5    2.000   1.0000         pwOrt
132.0000    3    2.000   1.0000         rwNov
134.0000    0    4.000   1.0000          NULL 
138.0000    2    2.000   1.0000         rwOrt
140.0000    0    6.000   1.0000          NULL 
146.0000    4    2.000   1.0000         pwRep
148.0000    6    2.000   1.0000         pwNov
150.0000    4    2.000   1.0000         pwRep
152.0000    2    2.000   1.0000         rwOrt
154.0000    2    2.000   1.0000         rwOrt
156.0000    5    2.000   1.0000         pwOrt
158.0000    5    2.000   1.0000         pwOrt
160.0000    6    2.000   1.0000         pwNov
162.0000    1    2.000   1.0000         rwRep
164.0000    6    2.000   1.0000         pwNov
166.0000    0    4.000   1.0000          NULL 
170.0000    3    2.000   1.0000         rwNov
172.0000    0    2.000   1.0000          NULL 
174.0000    5    2.000   1.0000         pwOrt
176.0000    0    4.000   1.0000          NULL 
180.0000    2    2.000   1.0000         rwOrt
182.0000    0    2.000   1.0000          NULL 
184.0000    1    2.000   1.0000         rwRep
186.0000    0    6.000   1.0000          NULL 
192.0000    3    2.000   1.0000         rwNov
194.0000    2    2.000   1.0000         rwOrt
196.0000    3    2.000   1.0000         rwNov
198.0000    5    2.000   1.0000         pwOrt
200.0000    4    2.000   1.0000         pwRep
202.0000    3    2.000   1.0000         rwNov
204.0000    4    2.000   1.0000         pwRep
206.0000    0    4.000   1.0000          NULL 
210.0000    5    2.000   1.0000         pwOrt
212.0000    4    2.000   1.0000         pwRep
214.0000    3    2.000   1.0000         rwNov
216.0000    6    2.000   1.0000         pwNov
218.0000    5    2.000   1.0000         pwOrt
220.0000    5    2.000   1.0000         pwOrt
222.0000    2    2.000   1.0000         rwOrt
224.0000    0    6.000   1.0000          NULL 
230.0000    6    2.000   1.0000         pwNov
232.0000    6    2.000   1.0000         pwNov
234.0000    0    2.000   1.0000          NULL 
236.0000    6    2.000   1.0000         pwNov
238.0000    0    2.000   1.0000          NULL 
240.0000    6    2.000   1.0000         pwNov
242.0000    4    2.000   1.0000         pwRep
244.0000    0    2.000   1.0000          NULL 
246.0000    5    2.000   1.0000         pwOrt
248.0000    0    2.000   1.0000          NULL 
250.0000    2    2.000   1.0000         rwOrt
252.0000    0    8.000   1.0000          NULL 
260.0000    2    2.000   1.0000         rwOrt
262.0000    5    2.000   1.0000         pwOrt
264.0000    0    2.000   1.0000          NULL 
266.0000    6    2.000   1.0000         pwNov
268.0000    0    2.000   1.0000          NULL 
270.0000    2    2.000   1.0000         rwOrt
272.0000    6    2.000   1.0000         pwNov
274.0000    4    2.000   1.0000         pwRep
276.0000    0    2.000   1.0000          NULL 
278.0000    5    2.000   1.0000         pwOrt
280.0000    5    2.000   1.0000         pwOrt
282.0000    2    2.000   1.0000         rwOrt
284.0000    2    2.000   1.0000         rwOrt
286.0000    0    4.000   1.0000          NULL 
290.0000    2    2.000   1.0000         rwOrt
292.0000    0    2.000   1.0000          NULL 
294.0000    3    2.000   1.0000         rwNov
296.0000    1    2.000   1.0000         rwRep
298.0000    0    2.000   1.0000          NULL 
300.0000    5    2.000   1.0000         pwOrt
302.0000    2    2.000   1.0000         rwOrt
304.0000    0    2.000   1.0000          NULL 
306.0000    6    2.000   1.0000         pwNov
308.0000    0    2.000   1.0000          NULL 
310.0000    1    2.000   1.0000         rwRep
312.0000    0    2.000   1.0000          NULL 
314.0000    5    2.000   1.0000         pwOrt
316.0000    4    2.000   1.0000         pwRep
318.0000    4    2.000   1.0000         pwRep
320.0000    0    2.000   1.0000          NULL 
322.0000    3    2.000   1.0000         rwNov
324.0000    6    2.000   1.0000         pwNov
326.0000    0    2.000   1.0000          NULL 
328.0000    4    2.000   1.0000         pwRep
330.0000    1    2.000   1.0000         rwRep
332.0000    0    2.000   1.0000          NULL 
334.0000    1    2.000   1.0000         rwRep
336.0000    4    2.000   1.0000         pwRep
338.0000    6    2.000   1.0000         pwNov
340.0000    6    2.000   1.0000         pwNov
342.0000    2    2.000   1.0000         rwOrt
344.0000    4    2.000   1.0000         pwRep
346.0000    0    6.000   1.0000          NULL 
352.0000    4    2.000   1.0000         pwRep
354.0000    3    2.000   1.0000         rwNov
356.0000    3    2.000   1.0000         rwNov
358.0000    4    2.000   1.0000         pwRep
