  0.0000    1    2.000   1.0000         rwRep
  2.0000    1    2.000   1.0000         rwRep
  4.0000    0    4.000   1.0000          NULL 
  8.0000    4    2.000   1.0000         pwRep
 10.0000    2    2.000   1.0000         rwOrt
 12.0000    1    2.000   1.0000         rwRep
 14.0000    4    2.000   1.0000         pwRep
 16.0000    5    2.000   1.0000         pwOrt
 18.0000    0    4.000   1.0000          NULL 
 22.0000    1    2.000   1.0000         rwRep
 24.0000    2    2.000   1.0000         rwOrt
 26.0000    3    2.000   1.0000         rwNov
 28.0000    5    2.000   1.0000         pwOrt
 30.0000    0    2.000   1.0000          NULL 
 32.0000    5    2.000   1.0000         pwOrt
 34.0000    0    2.000   1.0000          NULL 
 36.0000    1    2.000   1.0000         rwRep
 38.0000    2    2.000   1.0000         rwOrt
 40.0000    2    2.000   1.0000         rwOrt
 42.0000    2    2.000   1.0000         rwOrt
 44.0000    5    2.000   1.0000         pwOrt
 46.0000    5    2.000   1.0000         pwOrt
 48.0000    6    2.000   1.0000         pwNov
 50.0000    6    2.000   1.0000         pwNov
 52.0000    5    2.000   1.0000         pwOrt
 54.0000    1    2.000   1.0000         rwRep
 56.0000    0    2.000   1.0000          NULL 
 58.0000    5    2.000   1.0000         pwOrt
 60.0000    1    2.000   1.0000         rwRep
 62.0000    5    2.000   1.0000         pwOrt
 64.0000    4    2.000   1.0000         pwRep
 66.0000    4    2.000   1.0000         pwRep
 68.0000    6    2.000   1.0000         pwNov
 70.0000    0    4.000   1.0000          NULL 
 74.0000    2    2.000   1.0000         rwOrt
 76.0000    6    2.000   1.0000         pwNov
 78.0000    0    2.000   1.0000          NULL 
 80.0000    4    2.000   1.0000         pwRep
 82.0000    4    2.000   1.0000         pwRep
 84.0000    1    2.000   1.0000         rwRep
 86.0000    0    2.000   1.0000          NULL 
 88.0000    2    2.000   1.0000         rwOrt
 90.0000    0    2.000   1.0000          NULL 
 92.0000    5    2.000   1.0000         pwOrt
 94.0000    0    4.000   1.0000          NULL 
 98.0000    4    2.000   1.0000         pwRep
100.0000    3    2.000   1.0000         rwNov
102.0000    4    2.000   1.0000         pwRep
104.0000    6    2.000   1.0000         pwNov
106.0000    0    2.000   1.0000          NULL 
108.0000    3    2.000   1.0000         rwNov
110.0000    3    2.000   1.0000         rwNov
112.0000    0    4.000   1.0000          NULL 
116.0000    4    2.000   1.0000         pwRep
118.0000    6    2.000   1.0000         pwNov
120.0000    3    2.000   1.0000         rwNov
122.0000    5    2.000   1.0000         pwOrt
124.0000    2    2.000   1.0000         rwOrt
126.0000    2    2.000   1.0000         rwOrt
128.0000    0    2.000   1.0000          NULL 
130.0000    3    2.000   1.0000         rwNov
132.0000    0    4.000   1.0000          NULL 
136.0000    5    2.000   1.0000         pwOrt
138.0000    5    2.000   1.0000         pwOrt
140.0000    4    2.000   1.0000         pwRep
142.0000    0    2.000   1.0000          NULL 
144.0000    1    2.000   1.0000         rwRep
146.0000    5    2.000   1.0000         pwOrt
148.0000    0    4.000   1.0000          NULL 
152.0000    1    2.000   1.0000         rwRep
154.0000    3    2.000   1.0000         rwNov
156.0000    0    2.000   1.0000          NULL 
158.0000    6    2.000   1.0000         pwNov
160.0000    1    2.000   1.0000         rwRep
162.0000    0    2.000   1.0000          NULL 
164.0000    3    2.000   1.0000         rwNov
166.0000    0    2.000   1.0000          NULL 
168.0000    6    2.000   1.0000         pwNov
170.0000    1    2.000   1.0000         rwRep
172.0000    0    6.000   1.0000          NULL 
178.0000    4    2.000   1.0000         pwRep
180.0000    4    2.000   1.0000         pwRep
182.0000    1    2.000   1.0000         rwRep
184.0000    6    2.000   1.0000         pwNov
186.0000    5    2.000   1.0000         pwOrt
188.0000    6    2.000   1.0000         pwNov
190.0000    3    2.000   1.0000         rwNov
192.0000    6    2.000   1.0000         pwNov
194.0000    3    2.000   1.0000         rwNov
196.0000    6    2.000   1.0000         pwNov
198.0000    6    2.000   1.0000         pwNov
200.0000    1    2.000   1.0000         rwRep
202.0000    0    2.000   1.0000          NULL 
204.0000    5    2.000   1.0000         pwOrt
206.0000    3    2.000   1.0000         rwNov
208.0000    2    2.000   1.0000         rwOrt
210.0000    4    2.000   1.0000         pwRep
212.0000    2    2.000   1.0000         rwOrt
214.0000    0    4.000   1.0000          NULL 
218.0000    4    2.000   1.0000         pwRep
220.0000    0    2.000   1.0000          NULL 
222.0000    2    2.000   1.0000         rwOrt
224.0000    0    2.000   1.0000          NULL 
226.0000    1    2.000   1.0000         rwRep
228.0000    0    4.000   1.0000          NULL 
232.0000    3    2.000   1.0000         rwNov
234.0000    3    2.000   1.0000         rwNov
236.0000    2    2.000   1.0000         rwOrt
238.0000    0    2.000   1.0000          NULL 
240.0000    1    2.000   1.0000         rwRep
242.0000    0    2.000   1.0000          NULL 
244.0000    2    2.000   1.0000         rwOrt
246.0000    1    2.000   1.0000         rwRep
248.0000    6    2.000   1.0000         pwNov
250.0000    0    2.000   1.0000          NULL 
252.0000    3    2.000   1.0000         rwNov
254.0000    0    4.000   1.0000          NULL 
258.0000    3    2.000   1.0000         rwNov
260.0000    0    2.000   1.0000          NULL 
262.0000    1    2.000   1.0000         rwRep
264.0000    0    2.000   1.0000          NULL 
266.0000    6    2.000   1.0000         pwNov
268.0000    1    2.000   1.0000         rwRep
270.0000    0    2.000   1.0000          NULL 
272.0000    4    2.000   1.0000         pwRep
274.0000    0    6.000   1.0000          NULL 
280.0000    6    2.000   1.0000         pwNov
282.0000    4    2.000   1.0000         pwRep
284.0000    2    2.000   1.0000         rwOrt
286.0000    1    2.000   1.0000         rwRep
288.0000    5    2.000   1.0000         pwOrt
290.0000    2    2.000   1.0000         rwOrt
292.0000    0    4.000   1.0000          NULL 
296.0000    6    2.000   1.0000         pwNov
298.0000    0    2.000   1.0000          NULL 
300.0000    5    2.000   1.0000         pwOrt
302.0000    2    2.000   1.0000         rwOrt
304.0000    2    2.000   1.0000         rwOrt
306.0000    0    2.000   1.0000          NULL 
308.0000    3    2.000   1.0000         rwNov
310.0000    4    2.000   1.0000         pwRep
312.0000    2    2.000   1.0000         rwOrt
314.0000    0    2.000   1.0000          NULL 
316.0000    4    2.000   1.0000         pwRep
318.0000    6    2.000   1.0000         pwNov
320.0000    5    2.000   1.0000         pwOrt
322.0000    0    6.000   1.0000          NULL 
328.0000    5    2.000   1.0000         pwOrt
330.0000    0    2.000   1.0000          NULL 
332.0000    2    2.000   1.0000         rwOrt
334.0000    0    2.000   1.0000          NULL 
336.0000    6    2.000   1.0000         pwNov
338.0000    0    2.000   1.0000          NULL 
340.0000    3    2.000   1.0000         rwNov
342.0000    0    2.000   1.0000          NULL 
344.0000    3    2.000   1.0000         rwNov
346.0000    6    2.000   1.0000         pwNov
348.0000    5    2.000   1.0000         pwOrt
350.0000    4    2.000   1.0000         pwRep
352.0000    3    2.000   1.0000         rwNov
354.0000    3    2.000   1.0000         rwNov
356.0000    0    2.000   1.0000          NULL 
358.0000    4    2.000   1.0000         pwRep
