  0.0000    3    2.000   1.0000         rwNov
  2.0000    4    2.000   1.0000         pwRep
  4.0000    1    2.000   1.0000         rwRep
  6.0000    3    2.000   1.0000         rwNov
  8.0000    5    2.000   1.0000         pwOrt
 10.0000    0    2.000   1.0000          NULL 
 12.0000    3    2.000   1.0000         rwNov
 14.0000    5    2.000   1.0000         pwOrt
 16.0000    0    4.000   1.0000          NULL 
 20.0000    3    2.000   1.0000         rwNov
 22.0000    5    2.000   1.0000         pwOrt
 24.0000    0    2.000   1.0000          NULL 
 26.0000    2    2.000   1.0000         rwOrt
 28.0000    2    2.000   1.0000         rwOrt
 30.0000    0    2.000   1.0000          NULL 
 32.0000    1    2.000   1.0000         rwRep
 34.0000    5    2.000   1.0000         pwOrt
 36.0000    0    2.000   1.0000          NULL 
 38.0000    5    2.000   1.0000         pwOrt
 40.0000    0    2.000   1.0000          NULL 
 42.0000    5    2.000   1.0000         pwOrt
 44.0000    1    2.000   1.0000         rwRep
 46.0000    3    2.000   1.0000         rwNov
 48.0000    5    2.000   1.0000         pwOrt
 50.0000    4    2.000   1.0000         pwRep
 52.0000    0    6.000   1.0000          NULL 
 58.0000    3    2.000   1.0000         rwNov
 60.0000    0    2.000   1.0000          NULL 
 62.0000    5    2.000   1.0000         pwOrt
 64.0000    2    2.000   1.0000         rwOrt
 66.0000    6    2.000   1.0000         pwNov
 68.0000    2    2.000   1.0000         rwOrt
 70.0000    2    2.000   1.0000         rwOrt
 72.0000    0    2.000   1.0000          NULL 
 74.0000    1    2.000   1.0000         rwRep
 76.0000    0    2.000   1.0000          NULL 
 78.0000    4    2.000   1.0000         pwRep
 80.0000    1    2.000   1.0000         rwRep
 82.0000    3    2.000   1.0000         rwNov
 84.0000    2    2.000   1.0000         rwOrt
 86.0000    3    2.000   1.0000         rwNov
 88.0000    4    2.000   1.0000         pwRep
 90.0000    6    2.000   1.0000         pwNov
 92.0000    1    2.000   1.0000         rwRep
 94.0000    1    2.000   1.0000         rwRep
 96.0000    6    2.000   1.0000         pwNov
 98.0000    2    2.000   1.0000         rwOrt
100.0000    5    2.000   1.0000         pwOrt
102.0000    6    2.000   1.0000         pwNov
104.0000    0    4.000   1.0000          NULL 
108.0000    6    2.000   1.0000         pwNov
110.0000    6    2.000   1.0000         pwNov
112.0000    3    2.000   1.0000         rwNov
114.0000    6    2.000   1.0000         pwNov
116.0000    5    2.000   1.0000         pwOrt
118.0000    6    2.000   1.0000         pwNov
120.0000    0    2.000   1.0000          NULL 
122.0000    4    2.000   1.0000         pwRep
124.0000    5    2.000   1.0000         pwOrt
126.0000    4    2.000   1.0000         pwRep
128.0000    2    2.000   1.0000         rwOrt
130.0000    1    2.000   1.0000         rwRep
132.0000    0    4.000   1.0000          NULL 
136.0000    2    2.000   1.0000         rwOrt
138.0000    4    2.000   1.0000         pwRep
140.0000    6    2.000   1.0000         pwNov
142.0000    3    2.000   1.0000         rwNov
144.0000    0    6.000   1.0000          NULL 
150.0000    1    2.000   1.0000         rwRep
152.0000    6    2.000   1.0000         pwNov
154.0000    0    2.000   1.0000          NULL 
156.0000    6    2.000   1.0000         pwNov
158.0000    0    2.000   1.0000          NULL 
160.0000    3    2.000   1.0000         rwNov
162.0000    4    2.000   1.0000         pwRep
164.0000    0    2.000   1.0000          NULL 
166.0000    6    2.000   1.0000         pwNov
168.0000    0    6.000   1.0000          NULL 
174.0000    1    2.000   1.0000         rwRep
176.0000    2    2.000   1.0000         rwOrt
178.0000    0    2.000   1.0000          NULL 
180.0000    3    2.000   1.0000         rwNov
182.0000    0    2.000   1.0000          NULL 
184.0000    1    2.000   1.0000         rwRep
186.0000    5    2.000   1.0000         pwOrt
188.0000    0    4.000   1.0000          NULL 
192.0000    4    2.000   1.0000         pwRep
194.0000    6    2.000   1.0000         pwNov
196.0000    0    2.000   1.0000          NULL 
198.0000    4    2.000   1.0000         pwRep
200.0000    5    2.000   1.0000         pwOrt
202.0000    3    2.000   1.0000         rwNov
204.0000    0    2.000   1.0000          NULL 
206.0000    6    2.000   1.0000         pwNov
208.0000    0    6.000   1.0000          NULL 
214.0000    4    2.000   1.0000         pwRep
216.0000    6    2.000   1.0000         pwNov
218.0000    4    2.000   1.0000         pwRep
220.0000    1    2.000   1.0000         rwRep
222.0000    0    2.000   1.0000          NULL 
224.0000    6    2.000   1.0000         pwNov
226.0000    1    2.000   1.0000         rwRep
228.0000    0    2.000   1.0000          NULL 
230.0000    3    2.000   1.0000         rwNov
232.0000    4    2.000   1.0000         pwRep
234.0000    3    2.000   1.0000         rwNov
236.0000    0    2.000   1.0000          NULL 
238.0000    2    2.000   1.0000         rwOrt
240.0000    3    2.000   1.0000         rwNov
242.0000    5    2.000   1.0000         pwOrt
244.0000    2    2.000   1.0000         rwOrt
246.0000    3    2.000   1.0000         rwNov
248.0000    1    2.000   1.0000         rwRep
250.0000    1    2.000   1.0000         rwRep
252.0000    6    2.000   1.0000         pwNov
254.0000    1    2.000   1.0000         rwRep
256.0000    0    2.000   1.0000          NULL 
258.0000    2    2.000   1.0000         rwOrt
260.0000    0    4.000   1.0000          NULL 
264.0000    4    2.000   1.0000         pwRep
266.0000    5    2.000   1.0000         pwOrt
268.0000    0    6.000   1.0000          NULL 
274.0000    6    2.000   1.0000         pwNov
276.0000    0    6.000   1.0000          NULL 
282.0000    3    2.000   1.0000         rwNov
284.0000    1    2.000   1.0000         rwRep
286.0000    3    2.000   1.0000         rwNov
288.0000    0    2.000   1.0000          NULL 
290.0000    4    2.000   1.0000         pwRep
292.0000    0    2.000   1.0000          NULL 
294.0000    5    2.000   1.0000         pwOrt
296.0000    0    2.000   1.0000          NULL 
298.0000    1    2.000   1.0000         rwRep
300.0000    2    2.000   1.0000         rwOrt
302.0000    2    2.000   1.0000         rwOrt
304.0000    6    2.000   1.0000         pwNov
306.0000    6    2.000   1.0000         pwNov
308.0000    4    2.000   1.0000         pwRep
310.0000    4    2.000   1.0000         pwRep
312.0000    0    2.000   1.0000          NULL 
314.0000    4    2.000   1.0000         pwRep
316.0000    0    2.000   1.0000          NULL 
318.0000    2    2.000   1.0000         rwOrt
320.0000    5    2.000   1.0000         pwOrt
322.0000    0    6.000   1.0000          NULL 
328.0000    5    2.000   1.0000         pwOrt
330.0000    3    2.000   1.0000         rwNov
332.0000    2    2.000   1.0000         rwOrt
334.0000    5    2.000   1.0000         pwOrt
336.0000    4    2.000   1.0000         pwRep
338.0000    1    2.000   1.0000         rwRep
340.0000    4    2.000   1.0000         pwRep
342.0000    0    2.000   1.0000          NULL 
344.0000    5    2.000   1.0000         pwOrt
346.0000    1    2.000   1.0000         rwRep
348.0000    2    2.000   1.0000         rwOrt
350.0000    0    2.000   1.0000          NULL 
352.0000    2    2.000   1.0000         rwOrt
354.0000    0    4.000   1.0000          NULL 
358.0000    2    2.000   1.0000         rwOrt
