  0.0000    2    2.000   1.0000         rwOrt
  2.0000    1    2.000   1.0000         rwRep
  4.0000    0    4.000   1.0000          NULL 
  8.0000    1    2.000   1.0000         rwRep
 10.0000    0    2.000   1.0000          NULL 
 12.0000    1    2.000   1.0000         rwRep
 14.0000    6    2.000   1.0000         pwNov
 16.0000    2    2.000   1.0000         rwOrt
 18.0000    5    2.000   1.0000         pwOrt
 20.0000    5    2.000   1.0000         pwOrt
 22.0000    6    2.000   1.0000         pwNov
 24.0000    5    2.000   1.0000         pwOrt
 26.0000    1    2.000   1.0000         rwRep
 28.0000    2    2.000   1.0000         rwOrt
 30.0000    0    2.000   1.0000          NULL 
 32.0000    5    2.000   1.0000         pwOrt
 34.0000    2    2.000   1.0000         rwOrt
 36.0000    5    2.000   1.0000         pwOrt
 38.0000    3    2.000   1.0000         rwNov
 40.0000    0    2.000   1.0000          NULL 
 42.0000    3    2.000   1.0000         rwNov
 44.0000    3    2.000   1.0000         rwNov
 46.0000    4    2.000   1.0000         pwRep
 48.0000    3    2.000   1.0000         rwNov
 50.0000    0    2.000   1.0000          NULL 
 52.0000    3    2.000   1.0000         rwNov
 54.0000    5    2.000   1.0000         pwOrt
 56.0000    2    2.000   1.0000         rwOrt
 58.0000    0    2.000   1.0000          NULL 
 60.0000    4    2.000   1.0000         pwRep
 62.0000    0    2.000   1.0000          NULL 
 64.0000    6    2.000   1.0000         pwNov
 66.0000    4    2.000   1.0000         pwRep
 68.0000    2    2.000   1.0000         rwOrt
 70.0000    2    2.000   1.0000         rwOrt
 72.0000    1    2.000   1.0000         rwRep
 74.0000    3    2.000   1.0000         rwNov
 76.0000    5    2.000   1.0000         pwOrt
 78.0000    2    2.000   1.0000         rwOrt
 80.0000    4    2.000   1.0000         pwRep
 82.0000    0    2.000   1.0000          NULL 
 84.0000    2    2.000   1.0000         rwOrt
 86.0000    0    4.000   1.0000          NULL 
 90.0000    2    2.000   1.0000         rwOrt
 92.0000    0    2.000   1.0000          NULL 
 94.0000    2    2.000   1.0000         rwOrt
 96.0000    2    2.000   1.0000         rwOrt
 98.0000    3    2.000   1.0000         rwNov
100.0000    3    2.000   1.0000         rwNov
102.0000    3    2.000   1.0000         rwNov
104.0000    6    2.000   1.0000         pwNov
106.0000    3    2.000   1.0000         rwNov
108.0000    5    2.000   1.0000         pwOrt
110.0000    1    2.000   1.0000         rwRep
112.0000    4    2.000   1.0000         pwRep
114.0000    0    2.000   1.0000          NULL 
116.0000    5    2.000   1.0000         pwOrt
118.0000    4    2.000   1.0000         pwRep
120.0000    3    2.000   1.0000         rwNov
122.0000    0    2.000   1.0000          NULL 
124.0000    5    2.000   1.0000         pwOrt
126.0000    0    2.000   1.0000          NULL 
128.0000    3    2.000   1.0000         rwNov
130.0000    0    4.000   1.0000          NULL 
134.0000    1    2.000   1.0000         rwRep
136.0000    5    2.000   1.0000         pwOrt
138.0000    4    2.000   1.0000         pwRep
140.0000    0    4.000   1.0000          NULL 
144.0000    6    2.000   1.0000         pwNov
146.0000    5    2.000   1.0000         pwOrt
148.0000    0    2.000   1.0000          NULL 
150.0000    5    2.000   1.0000         pwOrt
152.0000    0    4.000   1.0000          NULL 
156.0000    6    2.000   1.0000         pwNov
158.0000    5    2.000   1.0000         pwOrt
160.0000    0    4.000   1.0000          NULL 
164.0000    5    2.000   1.0000         pwOrt
166.0000    4    2.000   1.0000         pwRep
168.0000    4    2.000   1.0000         pwRep
170.0000    0    2.000   1.0000          NULL 
172.0000    4    2.000   1.0000         pwRep
174.0000    6    2.000   1.0000         pwNov
176.0000    2    2.000   1.0000         rwOrt
178.0000    0    2.000   1.0000          NULL 
180.0000    4    2.000   1.0000         pwRep
182.0000    1    2.000   1.0000         rwRep
184.0000    0    2.000   1.0000          NULL 
186.0000    1    2.000   1.0000         rwRep
188.0000    0    6.000   1.0000          NULL 
194.0000    1    2.000   1.0000         rwRep
196.0000    1    2.000   1.0000         rwRep
198.0000    6    2.000   1.0000         pwNov
200.0000    3    2.000   1.0000         rwNov
202.0000    0    2.000   1.0000          NULL 
204.0000    4    2.000   1.0000         pwRep
206.0000    2    2.000   1.0000         rwOrt
208.0000    4    2.000   1.0000         pwRep
210.0000    0    8.000   1.0000          NULL 
218.0000    6    2.000   1.0000         pwNov
220.0000    3    2.000   1.0000         rwNov
222.0000    4    2.000   1.0000         pwRep
224.0000    0    4.000   1.0000          NULL 
228.0000    3    2.000   1.0000         rwNov
230.0000    5    2.000   1.0000         pwOrt
232.0000    0    4.000   1.0000          NULL 
236.0000    2    2.000   1.0000         rwOrt
238.0000    0    2.000   1.0000          NULL 
240.0000    3    2.000   1.0000         rwNov
242.0000    0    2.000   1.0000          NULL 
244.0000    2    2.000   1.0000         rwOrt
246.0000    1    2.000   1.0000         rwRep
248.0000    5    2.000   1.0000         pwOrt
250.0000    0    2.000   1.0000          NULL 
252.0000    1    2.000   1.0000         rwRep
254.0000    1    2.000   1.0000         rwRep
256.0000    0    2.000   1.0000          NULL 
258.0000    4    2.000   1.0000         pwRep
260.0000    0    4.000   1.0000          NULL 
264.0000    2    2.000   1.0000         rwOrt
266.0000    0    2.000   1.0000          NULL 
268.0000    1    2.000   1.0000         rwRep
270.0000    0    2.000   1.0000          NULL 
272.0000    2    2.000   1.0000         rwOrt
274.0000    6    2.000   1.0000         pwNov
276.0000    6    2.000   1.0000         pwNov
278.0000    0    2.000   1.0000          NULL 
280.0000    4    2.000   1.0000         pwRep
282.0000    6    2.000   1.0000         pwNov
284.0000    1    2.000   1.0000         rwRep
286.0000    6    2.000   1.0000         pwNov
288.0000    0    2.000   1.0000          NULL 
290.0000    4    2.000   1.0000         pwRep
292.0000    4    2.000   1.0000         pwRep
294.0000    2    2.000   1.0000         rwOrt
296.0000    5    2.000   1.0000         pwOrt
298.0000    6    2.000   1.0000         pwNov
300.0000    3    2.000   1.0000         rwNov
302.0000    2    2.000   1.0000         rwOrt
304.0000    1    2.000   1.0000         rwRep
306.0000    0    2.000   1.0000          NULL 
308.0000    5    2.000   1.0000         pwOrt
310.0000    0    2.000   1.0000          NULL 
312.0000    3    2.000   1.0000         rwNov
314.0000    4    2.000   1.0000         pwRep
316.0000    5    2.000   1.0000         pwOrt
318.0000    6    2.000   1.0000         pwNov
320.0000    1    2.000   1.0000         rwRep
322.0000    6    2.000   1.0000         pwNov
324.0000    3    2.000   1.0000         rwNov
326.0000    0    6.000   1.0000          NULL 
332.0000    6    2.000   1.0000         pwNov
334.0000    3    2.000   1.0000         rwNov
336.0000    6    2.000   1.0000         pwNov
338.0000    0    2.000   1.0000          NULL 
340.0000    6    2.000   1.0000         pwNov
342.0000    4    2.000   1.0000         pwRep
344.0000    1    2.000   1.0000         rwRep
346.0000    6    2.000   1.0000         pwNov
348.0000    1    2.000   1.0000         rwRep
350.0000    0   10.000   1.0000          NULL 
