  0.0000    2    2.000   1.0000         rwOrt
  2.0000    5    2.000   1.0000         pwOrt
  4.0000    4    2.000   1.0000         pwRep
  6.0000    4    2.000   1.0000         pwRep
  8.0000    6    2.000   1.0000         pwNov
 10.0000    0    4.000   1.0000          NULL 
 14.0000    1    2.000   1.0000         rwRep
 16.0000    5    2.000   1.0000         pwOrt
 18.0000    0    2.000   1.0000          NULL 
 20.0000    3    2.000   1.0000         rwNov
 22.0000    4    2.000   1.0000         pwRep
 24.0000    0    2.000   1.0000          NULL 
 26.0000    3    2.000   1.0000         rwNov
 28.0000    2    2.000   1.0000         rwOrt
 30.0000    6    2.000   1.0000         pwNov
 32.0000    4    2.000   1.0000         pwRep
 34.0000    3    2.000   1.0000         rwNov
 36.0000    4    2.000   1.0000         pwRep
 38.0000    4    2.000   1.0000         pwRep
 40.0000    4    2.000   1.0000         pwRep
 42.0000    0    2.000   1.0000          NULL 
 44.0000    2    2.000   1.0000         rwOrt
 46.0000    4    2.000   1.0000         pwRep
 48.0000    4    2.000   1.0000         pwRep
 50.0000    0    2.000   1.0000          NULL 
 52.0000    5    2.000   1.0000         pwOrt
 54.0000    5    2.000   1.0000         pwOrt
 56.0000    0    4.000   1.0000          NULL 
 60.0000    3    2.000   1.0000         rwNov
 62.0000    1    2.000   1.0000         rwRep
 64.0000    4    2.000   1.0000         pwRep
 66.0000    0    4.000   1.0000          NULL 
 70.0000    1    2.000   1.0000         rwRep
 72.0000    3    2.000   1.0000         rwNov
 74.0000    5    2.000   1.0000         pwOrt
 76.0000    2    2.000   1.0000         rwOrt
 78.0000    1    2.000   1.0000         rwRep
 80.0000    0    2.000   1.0000          NULL 
 82.0000    3    2.000   1.0000         rwNov
 84.0000    0    2.000   1.0000          NULL 
 86.0000    3    2.000   1.0000         rwNov
 88.0000    0    2.000   1.0000          NULL 
 90.0000    6    2.000   1.0000         pwNov
 92.0000    3    2.000   1.0000         rwNov
 94.0000    0    2.000   1.0000          NULL 
 96.0000    2    2.000   1.0000         rwOrt
 98.0000    2    2.000   1.0000         rwOrt
100.0000    1    2.000   1.0000         rwRep
102.0000    5    2.000   1.0000         pwOrt
104.0000    0    2.000   1.0000          NULL 
106.0000    4    2.000   1.0000         pwRep
108.0000    0    2.000   1.0000          NULL 
110.0000    2    2.000   1.0000         rwOrt
112.0000    6    2.000   1.0000         pwNov
114.0000    0    2.000   1.0000          NULL 
116.0000    4    2.000   1.0000         pwRep
118.0000    0    2.000   1.0000          NULL 
120.0000    5    2.000   1.0000         pwOrt
122.0000    2    2.000   1.0000         rwOrt
124.0000    5    2.000   1.0000         pwOrt
126.0000    1    2.000   1.0000         rwRep
128.0000    6    2.000   1.0000         pwNov
130.0000    2    2.000   1.0000         rwOrt
132.0000    2    2.000   1.0000         rwOrt
134.0000    0    2.000   1.0000          NULL 
136.0000    5    2.000   1.0000         pwOrt
138.0000    0    4.000   1.0000          NULL 
142.0000    3    2.000   1.0000         rwNov
144.0000    6    2.000   1.0000         pwNov
146.0000    1    2.000   1.0000         rwRep
148.0000    6    2.000   1.0000         pwNov
150.0000    0    6.000   1.0000          NULL 
156.0000    1    2.000   1.0000         rwRep
158.0000    6    2.000   1.0000         pwNov
160.0000    5    2.000   1.0000         pwOrt
162.0000    6    2.000   1.0000         pwNov
164.0000    0    4.000   1.0000          NULL 
168.0000    6    2.000   1.0000         pwNov
170.0000    0    4.000   1.0000          NULL 
174.0000    6    2.000   1.0000         pwNov
176.0000    6    2.000   1.0000         pwNov
178.0000    4    2.000   1.0000         pwRep
180.0000    0    2.000   1.0000          NULL 
182.0000    4    2.000   1.0000         pwRep
184.0000    2    2.000   1.0000         rwOrt
186.0000    3    2.000   1.0000         rwNov
188.0000    5    2.000   1.0000         pwOrt
190.0000    0    8.000   1.0000          NULL 
198.0000    5    2.000   1.0000         pwOrt
200.0000    1    2.000   1.0000         rwRep
202.0000    3    2.000   1.0000         rwNov
204.0000    0    6.000   1.0000          NULL 
210.0000    6    2.000   1.0000         pwNov
212.0000    3    2.000   1.0000         rwNov
214.0000    1    2.000   1.0000         rwRep
216.0000    2    2.000   1.0000         rwOrt
218.0000    1    2.000   1.0000         rwRep
220.0000    4    2.000   1.0000         pwRep
222.0000    5    2.000   1.0000         pwOrt
224.0000    0    2.000   1.0000          NULL 
226.0000    1    2.000   1.0000         rwRep
228.0000    1    2.000   1.0000         rwRep
230.0000    2    2.000   1.0000         rwOrt
232.0000    0    2.000   1.0000          NULL 
234.0000    2    2.000   1.0000         rwOrt
236.0000    3    2.000   1.0000         rwNov
238.0000    6    2.000   1.0000         pwNov
240.0000    0    4.000   1.0000          NULL 
244.0000    2    2.000   1.0000         rwOrt
246.0000    0    2.000   1.0000          NULL 
248.0000    1    2.000   1.0000         rwRep
250.0000    6    2.000   1.0000         pwNov
252.0000    1    2.000   1.0000         rwRep
254.0000    0    2.000   1.0000          NULL 
256.0000    3    2.000   1.0000         rwNov
258.0000    0    4.000   1.0000          NULL 
262.0000    5    2.000   1.0000         pwOrt
264.0000    0    4.000   1.0000          NULL 
268.0000    1    2.000   1.0000         rwRep
270.0000    0    2.000   1.0000          NULL 
272.0000    5    2.000   1.0000         pwOrt
274.0000    1    2.000   1.0000         rwRep
276.0000    0    2.000   1.0000          NULL 
278.0000    5    2.000   1.0000         pwOrt
280.0000    5    2.000   1.0000         pwOrt
282.0000    0    2.000   1.0000          NULL 
284.0000    3    2.000   1.0000         rwNov
286.0000    6    2.000   1.0000         pwNov
288.0000    3    2.000   1.0000         rwNov
290.0000    6    2.000   1.0000         pwNov
292.0000    1    2.000   1.0000         rwRep
294.0000    4    2.000   1.0000         pwRep
296.0000    5    2.000   1.0000         pwOrt
298.0000    0    6.000   1.0000          NULL 
304.0000    6    2.000   1.0000         pwNov
306.0000    0    6.000   1.0000          NULL 
312.0000    2    2.000   1.0000         rwOrt
314.0000    6    2.000   1.0000         pwNov
316.0000    3    2.000   1.0000         rwNov
318.0000    4    2.000   1.0000         pwRep
320.0000    3    2.000   1.0000         rwNov
322.0000    2    2.000   1.0000         rwOrt
324.0000    0    2.000   1.0000          NULL 
326.0000    4    2.000   1.0000         pwRep
328.0000    5    2.000   1.0000         pwOrt
330.0000    4    2.000   1.0000         pwRep
332.0000    0    4.000   1.0000          NULL 
336.0000    5    2.000   1.0000         pwOrt
338.0000    2    2.000   1.0000         rwOrt
340.0000    2    2.000   1.0000         rwOrt
342.0000    0    4.000   1.0000          NULL 
346.0000    1    2.000   1.0000         rwRep
348.0000    4    2.000   1.0000         pwRep
350.0000    6    2.000   1.0000         pwNov
352.0000    1    2.000   1.0000         rwRep
354.0000    2    2.000   1.0000         rwOrt
356.0000    3    2.000   1.0000         rwNov
358.0000    3    2.000   1.0000         rwNov
