  0.0000    6    2.000   1.0000         pwNov
  2.0000    0    2.000   1.0000          NULL 
  4.0000    6    2.000   1.0000         pwNov
  6.0000    5    2.000   1.0000         pwOrt
  8.0000    0    4.000   1.0000          NULL 
 12.0000    1    2.000   1.0000         rwRep
 14.0000    4    2.000   1.0000         pwRep
 16.0000    4    2.000   1.0000         pwRep
 18.0000    0    2.000   1.0000          NULL 
 20.0000    1    2.000   1.0000         rwRep
 22.0000    2    2.000   1.0000         rwOrt
 24.0000    1    2.000   1.0000         rwRep
 26.0000    0    2.000   1.0000          NULL 
 28.0000    6    2.000   1.0000         pwNov
 30.0000    1    2.000   1.0000         rwRep
 32.0000    0    6.000   1.0000          NULL 
 38.0000    4    2.000   1.0000         pwRep
 40.0000    2    2.000   1.0000         rwOrt
 42.0000    2    2.000   1.0000         rwOrt
 44.0000    0    2.000   1.0000          NULL 
 46.0000    2    2.000   1.0000         rwOrt
 48.0000    3    2.000   1.0000         rwNov
 50.0000    2    2.000   1.0000         rwOrt
 52.0000    1    2.000   1.0000         rwRep
 54.0000    4    2.000   1.0000         pwRep
 56.0000    0    8.000   1.0000          NULL 
 64.0000    4    2.000   1.0000         pwRep
 66.0000    3    2.000   1.0000         rwNov
 68.0000    0    2.000   1.0000          NULL 
 70.0000    4    2.000   1.0000         pwRep
 72.0000    0    4.000   1.0000          NULL 
 76.0000    5    2.000   1.0000         pwOrt
 78.0000    6    2.000   1.0000         pwNov
 80.0000    6    2.000   1.0000         pwNov
 82.0000    6    2.000   1.0000         pwNov
 84.0000    2    2.000   1.0000         rwOrt
 86.0000    5    2.000   1.0000         pwOrt
 88.0000    4    2.000   1.0000         pwRep
 90.0000    4    2.000   1.0000         pwRep
 92.0000    3    2.000   1.0000         rwNov
 94.0000    1    2.000   1.0000         rwRep
 96.0000    0    2.000   1.0000          NULL 
 98.0000    5    2.000   1.0000         pwOrt
100.0000    0    2.000   1.0000          NULL 
102.0000    1    2.000   1.0000         rwRep
104.0000    2    2.000   1.0000         rwOrt
106.0000    5    2.000   1.0000         pwOrt
108.0000    1    2.000   1.0000         rwRep
110.0000    0    2.000   1.0000          NULL 
112.0000    5    2.000   1.0000         pwOrt
114.0000    5    2.000   1.0000         pwOrt
116.0000    6    2.000   1.0000         pwNov
118.0000    0    2.000   1.0000          NULL 
120.0000    4    2.000   1.0000         pwRep
122.0000    1    2.000   1.0000         rwRep
124.0000    0    2.000   1.0000          NULL 
126.0000    3    2.000   1.0000         rwNov
128.0000    3    2.000   1.0000         rwNov
130.0000    6    2.000   1.0000         pwNov
132.0000    1    2.000   1.0000         rwRep
134.0000    5    2.000   1.0000         pwOrt
136.0000    5    2.000   1.0000         pwOrt
138.0000    3    2.000   1.0000         rwNov
140.0000    1    2.000   1.0000         rwRep
142.0000    3    2.000   1.0000         rwNov
144.0000    0    2.000   1.0000          NULL 
146.0000    2    2.000   1.0000         rwOrt
148.0000    0    2.000   1.0000          NULL 
150.0000    4    2.000   1.0000         pwRep
152.0000    0    2.000   1.0000          NULL 
154.0000    5    2.000   1.0000         pwOrt
156.0000    0    2.000   1.0000          NULL 
158.0000    5    2.000   1.0000         pwOrt
160.0000    5    2.000   1.0000         pwOrt
162.0000    0    2.000   1.0000          NULL 
164.0000    6    2.000   1.0000         pwNov
166.0000    6    2.000   1.0000         pwNov
168.0000    0    4.000   1.0000          NULL 
172.0000    1    2.000   1.0000         rwRep
174.0000    2    2.000   1.0000         rwOrt
176.0000    4    2.000   1.0000         pwRep
178.0000    5    2.000   1.0000         pwOrt
180.0000    0    2.000   1.0000          NULL 
182.0000    2    2.000   1.0000         rwOrt
184.0000    4    2.000   1.0000         pwRep
186.0000    6    2.000   1.0000         pwNov
188.0000    4    2.000   1.0000         pwRep
190.0000    0    4.000   1.0000          NULL 
194.0000    3    2.000   1.0000         rwNov
196.0000    3    2.000   1.0000         rwNov
198.0000    2    2.000   1.0000         rwOrt
200.0000    0    4.000   1.0000          NULL 
204.0000    3    2.000   1.0000         rwNov
206.0000    2    2.000   1.0000         rwOrt
208.0000    0    4.000   1.0000          NULL 
212.0000    4    2.000   1.0000         pwRep
214.0000    1    2.000   1.0000         rwRep
216.0000    0    2.000   1.0000          NULL 
218.0000    5    2.000   1.0000         pwOrt
220.0000    0    2.000   1.0000          NULL 
222.0000    3    2.000   1.0000         rwNov
224.0000    1    2.000   1.0000         rwRep
226.0000    3    2.000   1.0000         rwNov
228.0000    0    2.000   1.0000          NULL 
230.0000    4    2.000   1.0000         pwRep
232.0000    0    2.000   1.0000          NULL 
234.0000    5    2.000   1.0000         pwOrt
236.0000    5    2.000   1.0000         pwOrt
238.0000    0    4.000   1.0000          NULL 
242.0000    6    2.000   1.0000         pwNov
244.0000    5    2.000   1.0000         pwOrt
246.0000    4    2.000   1.0000         pwRep
248.0000    6    2.000   1.0000         pwNov
250.0000    5    2.000   1.0000         pwOrt
252.0000    3    2.000   1.0000         rwNov
254.0000    0    4.000   1.0000          NULL 
258.0000    4    2.000   1.0000         pwRep
260.0000    3    2.000   1.0000         rwNov
262.0000    4    2.000   1.0000         pwRep
264.0000    1    2.000   1.0000         rwRep
266.0000    0    2.000   1.0000          NULL 
268.0000    2    2.000   1.0000         rwOrt
270.0000    6    2.000   1.0000         pwNov
272.0000    0    6.000   1.0000          NULL 
278.0000    6    2.000   1.0000         pwNov
280.0000    3    2.000   1.0000         rwNov
282.0000    0    2.000   1.0000          NULL 
284.0000    2    2.000   1.0000         rwOrt
286.0000    3    2.000   1.0000         rwNov
288.0000    3    2.000   1.0000         rwNov
290.0000    4    2.000   1.0000         pwRep
292.0000    2    2.000   1.0000         rwOrt
294.0000    2    2.000   1.0000         rwOrt
296.0000    0    2.000   1.0000          NULL 
298.0000    1    2.000   1.0000         rwRep
300.0000    6    2.000   1.0000         pwNov
302.0000    1    2.000   1.0000         rwRep
304.0000    2    2.000   1.0000         rwOrt
306.0000    6    2.000   1.0000         pwNov
308.0000    0    2.000   1.0000          NULL 
310.0000    2    2.000   1.0000         rwOrt
312.0000    4    2.000   1.0000         pwRep
314.0000    0    2.000   1.0000          NULL 
316.0000    6    2.000   1.0000         pwNov
318.0000    0    4.000   1.0000          NULL 
322.0000    1    2.000   1.0000         rwRep
324.0000    3    2.000   1.0000         rwNov
326.0000    2    2.000   1.0000         rwOrt
328.0000    0    2.000   1.0000          NULL 
330.0000    6    2.000   1.0000         pwNov
332.0000    0    4.000   1.0000          NULL 
336.0000    5    2.000   1.0000         pwOrt
338.0000    0    4.000   1.0000          NULL 
342.0000    3    2.000   1.0000         rwNov
344.0000    3    2.000   1.0000         rwNov
346.0000    2    2.000   1.0000         rwOrt
348.0000    0    2.000   1.0000          NULL 
350.0000    1    2.000   1.0000         rwRep
352.0000    6    2.000   1.0000         pwNov
354.0000    1    2.000   1.0000         rwRep
356.0000    5    2.000   1.0000         pwOrt
358.0000    0    2.000   1.0000          NULL 
