  0.0000    3    2.000   1.0000         rwNov
  2.0000    6    2.000   1.0000         pwNov
  4.0000    4    2.000   1.0000         pwRep
  6.0000    0    2.000   1.0000          NULL 
  8.0000    6    2.000   1.0000         pwNov
 10.0000    0    2.000   1.0000          NULL 
 12.0000    3    2.000   1.0000         rwNov
 14.0000    0    4.000   1.0000          NULL 
 18.0000    1    2.000   1.0000         rwRep
 20.0000    1    2.000   1.0000         rwRep
 22.0000    6    2.000   1.0000         pwNov
 24.0000    2    2.000   1.0000         rwOrt
 26.0000    0    2.000   1.0000          NULL 
 28.0000    2    2.000   1.0000         rwOrt
 30.0000    5    2.000   1.0000         pwOrt
 32.0000    0    4.000   1.0000          NULL 
 36.0000    3    2.000   1.0000         rwNov
 38.0000    4    2.000   1.0000         pwRep
 40.0000    0    2.000   1.0000          NULL 
 42.0000    1    2.000   1.0000         rwRep
 44.0000    2    2.000   1.0000         rwOrt
 46.0000    3    2.000   1.0000         rwNov
 48.0000    2    2.000   1.0000         rwOrt
 50.0000    4    2.000   1.0000         pwRep
 52.0000    1    2.000   1.0000         rwRep
 54.0000    6    2.000   1.0000         pwNov
 56.0000    4    2.000   1.0000         pwRep
 58.0000    5    2.000   1.0000         pwOrt
 60.0000    5    2.000   1.0000         pwOrt
 62.0000    0    6.000   1.0000          NULL 
 68.0000    1    2.000   1.0000         rwRep
 70.0000    3    2.000   1.0000         rwNov
 72.0000    2    2.000   1.0000         rwOrt
 74.0000    1    2.000   1.0000         rwRep
 76.0000    0    2.000   1.0000          NULL 
 78.0000    1    2.000   1.0000         rwRep
 80.0000    0    6.000   1.0000          NULL 
 86.0000    5    2.000   1.0000         pwOrt
 88.0000    3    2.000   1.0000         rwNov
 90.0000    4    2.000   1.0000         pwRep
 92.0000    6    2.000   1.0000         pwNov
 94.0000    1    2.000   1.0000         rwRep
 96.0000    2    2.000   1.0000         rwOrt
 98.0000    0    4.000   1.0000          NULL 
102.0000    6    2.000   1.0000         pwNov
104.0000    0    4.000   1.0000          NULL 
108.0000    3    2.000   1.0000         rwNov
110.0000    0    2.000   1.0000          NULL 
112.0000    5    2.000   1.0000         pwOrt
114.0000    0    2.000   1.0000          NULL 
116.0000    5    2.000   1.0000         pwOrt
118.0000    3    2.000   1.0000         rwNov
120.0000    0    2.000   1.0000          NULL 
122.0000    3    2.000   1.0000         rwNov
124.0000    3    2.000   1.0000         rwNov
126.0000    5    2.000   1.0000         pwOrt
128.0000    6    2.000   1.0000         pwNov
130.0000    0    2.000   1.0000          NULL 
132.0000    3    2.000   1.0000         rwNov
134.0000    0    2.000   1.0000          NULL 
136.0000    4    2.000   1.0000         pwRep
138.0000    3    2.000   1.0000         rwNov
140.0000    0    4.000   1.0000          NULL 
144.0000    6    2.000   1.0000         pwNov
146.0000    4    2.000   1.0000         pwRep
148.0000    0    2.000   1.0000          NULL 
150.0000    1    2.000   1.0000         rwRep
152.0000    2    2.000   1.0000         rwOrt
154.0000    0    2.000   1.0000          NULL 
156.0000    3    2.000   1.0000         rwNov
158.0000    6    2.000   1.0000         pwNov
160.0000    1    2.000   1.0000         rwRep
162.0000    0    4.000   1.0000          NULL 
166.0000    3    2.000   1.0000         rwNov
168.0000    6    2.000   1.0000         pwNov
170.0000    2    2.000   1.0000         rwOrt
172.0000    6    2.000   1.0000         pwNov
174.0000    5    2.000   1.0000         pwOrt
176.0000    0    4.000   1.0000          NULL 
180.0000    1    2.000   1.0000         rwRep
182.0000    4    2.000   1.0000         pwRep
184.0000    5    2.000   1.0000         pwOrt
186.0000    3    2.000   1.0000         rwNov
188.0000    0    2.000   1.0000          NULL 
190.0000    2    2.000   1.0000         rwOrt
192.0000    1    2.000   1.0000         rwRep
194.0000    4    2.000   1.0000         pwRep
196.0000    0    2.000   1.0000          NULL 
198.0000    4    2.000   1.0000         pwRep
200.0000    0    2.000   1.0000          NULL 
202.0000    2    2.000   1.0000         rwOrt
204.0000    0    2.000   1.0000          NULL 
206.0000    6    2.000   1.0000         pwNov
208.0000    0    4.000   1.0000          NULL 
212.0000    4    2.000   1.0000         pwRep
214.0000    3    2.000   1.0000         rwNov
216.0000    0    2.000   1.0000          NULL 
218.0000    2    2.000   1.0000         rwOrt
220.0000    3    2.000   1.0000         rwNov
222.0000    0    2.000   1.0000          NULL 
224.0000    3    2.000   1.0000         rwNov
226.0000    0    2.000   1.0000          NULL 
228.0000    2    2.000   1.0000         rwOrt
230.0000    0    2.000   1.0000          NULL 
232.0000    1    2.000   1.0000         rwRep
234.0000    5    2.000   1.0000         pwOrt
236.0000    0    2.000   1.0000          NULL 
238.0000    1    2.000   1.0000         rwRep
240.0000    2    2.000   1.0000         rwOrt
242.0000    0    2.000   1.0000          NULL 
244.0000    4    2.000   1.0000         pwRep
246.0000    2    2.000   1.0000         rwOrt
248.0000    5    2.000   1.0000         pwOrt
250.0000    2    2.000   1.0000         rwOrt
252.0000    1    2.000   1.0000         rwRep
254.0000    0    2.000   1.0000          NULL 
256.0000    5    2.000   1.0000         pwOrt
258.0000    6    2.000   1.0000         pwNov
260.0000    0    6.000   1.0000          NULL 
266.0000    2    2.000   1.0000         rwOrt
268.0000    6    2.000   1.0000         pwNov
270.0000    6    2.000   1.0000         pwNov
272.0000    2    2.000   1.0000         rwOrt
274.0000    2    2.000   1.0000         rwOrt
276.0000    6    2.000   1.0000         pwNov
278.0000    6    2.000   1.0000         pwNov
280.0000    5    2.000   1.0000         pwOrt
282.0000    4    2.000   1.0000         pwRep
284.0000    2    2.000   1.0000         rwOrt
286.0000    5    2.000   1.0000         pwOrt
288.0000    1    2.000   1.0000         rwRep
290.0000    0    2.000   1.0000          NULL 
292.0000    6    2.000   1.0000         pwNov
294.0000    0    2.000   1.0000          NULL 
296.0000    1    2.000   1.0000         rwRep
298.0000    6    2.000   1.0000         pwNov
300.0000    4    2.000   1.0000         pwRep
302.0000    4    2.000   1.0000         pwRep
304.0000    0    2.000   1.0000          NULL 
306.0000    6    2.000   1.0000         pwNov
308.0000    4    2.000   1.0000         pwRep
310.0000    1    2.000   1.0000         rwRep
312.0000    5    2.000   1.0000         pwOrt
314.0000    5    2.000   1.0000         pwOrt
316.0000    4    2.000   1.0000         pwRep
318.0000    0    2.000   1.0000          NULL 
320.0000    5    2.000   1.0000         pwOrt
322.0000    0    2.000   1.0000          NULL 
324.0000    5    2.000   1.0000         pwOrt
326.0000    1    2.000   1.0000         rwRep
328.0000    3    2.000   1.0000         rwNov
330.0000    3    2.000   1.0000         rwNov
332.0000    0    4.000   1.0000          NULL 
336.0000    1    2.000   1.0000         rwRep
338.0000    0    2.000   1.0000          NULL 
340.0000    4    2.000   1.0000         pwRep
342.0000    2    2.000   1.0000         rwOrt
344.0000    0    2.000   1.0000          NULL 
346.0000    5    2.000   1.0000         pwOrt
348.0000    4    2.000   1.0000         pwRep
350.0000    0    2.000   1.0000          NULL 
352.0000    5    2.000   1.0000         pwOrt
354.0000    0    2.000   1.0000          NULL 
356.0000    4    2.000   1.0000         pwRep
358.0000    0    2.000   1.0000          NULL 
