  0.0000    2    2.000   1.0000         rwOrt
  2.0000    3    2.000   1.0000         rwNov
  4.0000    2    2.000   1.0000         rwOrt
  6.0000    4    2.000   1.0000         pwRep
  8.0000    6    2.000   1.0000         pwNov
 10.0000    0    4.000   1.0000          NULL 
 14.0000    2    2.000   1.0000         rwOrt
 16.0000    0    2.000   1.0000          NULL 
 18.0000    3    2.000   1.0000         rwNov
 20.0000    5    2.000   1.0000         pwOrt
 22.0000    6    2.000   1.0000         pwNov
 24.0000    0    2.000   1.0000          NULL 
 26.0000    2    2.000   1.0000         rwOrt
 28.0000    1    2.000   1.0000         rwRep
 30.0000    4    2.000   1.0000         pwRep
 32.0000    0    2.000   1.0000          NULL 
 34.0000    4    2.000   1.0000         pwRep
 36.0000    5    2.000   1.0000         pwOrt
 38.0000    5    2.000   1.0000         pwOrt
 40.0000    1    2.000   1.0000         rwRep
 42.0000    4    2.000   1.0000         pwRep
 44.0000    3    2.000   1.0000         rwNov
 46.0000    4    2.000   1.0000         pwRep
 48.0000    1    2.000   1.0000         rwRep
 50.0000    4    2.000   1.0000         pwRep
 52.0000    0    4.000   1.0000          NULL 
 56.0000    1    2.000   1.0000         rwRep
 58.0000    2    2.000   1.0000         rwOrt
 60.0000    0    4.000   1.0000          NULL 
 64.0000    6    2.000   1.0000         pwNov
 66.0000    2    2.000   1.0000         rwOrt
 68.0000    5    2.000   1.0000         pwOrt
 70.0000    6    2.000   1.0000         pwNov
 72.0000    5    2.000   1.0000         pwOrt
 74.0000    2    2.000   1.0000         rwOrt
 76.0000    0    4.000   1.0000          NULL 
 80.0000    2    2.000   1.0000         rwOrt
 82.0000    0    2.000   1.0000          NULL 
 84.0000    6    2.000   1.0000         pwNov
 86.0000    0    2.000   1.0000          NULL 
 88.0000    3    2.000   1.0000         rwNov
 90.0000    6    2.000   1.0000         pwNov
 92.0000    1    2.000   1.0000         rwRep
 94.0000    0    2.000   1.0000          NULL 
 96.0000    6    2.000   1.0000         pwNov
 98.0000    4    2.000   1.0000         pwRep
100.0000    0    2.000   1.0000          NULL 
102.0000    2    2.000   1.0000         rwOrt
104.0000    5    2.000   1.0000         pwOrt
106.0000    1    2.000   1.0000         rwRep
108.0000    3    2.000   1.0000         rwNov
110.0000    0    6.000   1.0000          NULL 
116.0000    6    2.000   1.0000         pwNov
118.0000    4    2.000   1.0000         pwRep
120.0000    3    2.000   1.0000         rwNov
122.0000    4    2.000   1.0000         pwRep
124.0000    5    2.000   1.0000         pwOrt
126.0000    6    2.000   1.0000         pwNov
128.0000    2    2.000   1.0000         rwOrt
130.0000    6    2.000   1.0000         pwNov
132.0000    3    2.000   1.0000         rwNov
134.0000    0    2.000   1.0000          NULL 
136.0000    2    2.000   1.0000         rwOrt
138.0000    1    2.000   1.0000         rwRep
140.0000    0    2.000   1.0000          NULL 
142.0000    1    2.000   1.0000         rwRep
144.0000    1    2.000   1.0000         rwRep
146.0000    5    2.000   1.0000         pwOrt
148.0000    0    4.000   1.0000          NULL 
152.0000    4    2.000   1.0000         pwRep
154.0000    0    6.000   1.0000          NULL 
160.0000    5    2.000   1.0000         pwOrt
162.0000    0    2.000   1.0000          NULL 
164.0000    5    2.000   1.0000         pwOrt
166.0000    1    2.000   1.0000         rwRep
168.0000    2    2.000   1.0000         rwOrt
170.0000    1    2.000   1.0000         rwRep
172.0000    0    2.000   1.0000          NULL 
174.0000    3    2.000   1.0000         rwNov
176.0000    3    2.000   1.0000         rwNov
178.0000    2    2.000   1.0000         rwOrt
180.0000    0    2.000   1.0000          NULL 
182.0000    6    2.000   1.0000         pwNov
184.0000    4    2.000   1.0000         pwRep
186.0000    0    4.000   1.0000          NULL 
190.0000    6    2.000   1.0000         pwNov
192.0000    0    2.000   1.0000          NULL 
194.0000    5    2.000   1.0000         pwOrt
196.0000    3    2.000   1.0000         rwNov
198.0000    0    2.000   1.0000          NULL 
200.0000    5    2.000   1.0000         pwOrt
202.0000    0    2.000   1.0000          NULL 
204.0000    5    2.000   1.0000         pwOrt
206.0000    6    2.000   1.0000         pwNov
208.0000    0    4.000   1.0000          NULL 
212.0000    1    2.000   1.0000         rwRep
214.0000    0    2.000   1.0000          NULL 
216.0000    2    2.000   1.0000         rwOrt
218.0000    3    2.000   1.0000         rwNov
220.0000    1    2.000   1.0000         rwRep
222.0000    3    2.000   1.0000         rwNov
224.0000    0    4.000   1.0000          NULL 
228.0000    5    2.000   1.0000         pwOrt
230.0000    3    2.000   1.0000         rwNov
232.0000    6    2.000   1.0000         pwNov
234.0000    6    2.000   1.0000         pwNov
236.0000    3    2.000   1.0000         rwNov
238.0000    3    2.000   1.0000         rwNov
240.0000    4    2.000   1.0000         pwRep
242.0000    2    2.000   1.0000         rwOrt
244.0000    4    2.000   1.0000         pwRep
246.0000    0    2.000   1.0000          NULL 
248.0000    6    2.000   1.0000         pwNov
250.0000    0    2.000   1.0000          NULL 
252.0000    1    2.000   1.0000         rwRep
254.0000    0    2.000   1.0000          NULL 
256.0000    4    2.000   1.0000         pwRep
258.0000    3    2.000   1.0000         rwNov
260.0000    0    4.000   1.0000          NULL 
264.0000    5    2.000   1.0000         pwOrt
266.0000    4    2.000   1.0000         pwRep
268.0000    0    2.000   1.0000          NULL 
270.0000    1    2.000   1.0000         rwRep
272.0000    0    2.000   1.0000          NULL 
274.0000    6    2.000   1.0000         pwNov
276.0000    0    8.000   1.0000          NULL 
284.0000    1    2.000   1.0000         rwRep
286.0000    3    2.000   1.0000         rwNov
288.0000    1    2.000   1.0000         rwRep
290.0000    2    2.000   1.0000         rwOrt
292.0000    1    2.000   1.0000         rwRep
294.0000    5    2.000   1.0000         pwOrt
296.0000    5    2.000   1.0000         pwOrt
298.0000    2    2.000   1.0000         rwOrt
300.0000    6    2.000   1.0000         pwNov
302.0000    3    2.000   1.0000         rwNov
304.0000    5    2.000   1.0000         pwOrt
306.0000    0    2.000   1.0000          NULL 
308.0000    3    2.000   1.0000         rwNov
310.0000    1    2.000   1.0000         rwRep
312.0000    0    6.000   1.0000          NULL 
318.0000    4    2.000   1.0000         pwRep
320.0000    3    2.000   1.0000         rwNov
322.0000    4    2.000   1.0000         pwRep
324.0000    5    2.000   1.0000         pwOrt
326.0000    0    2.000   1.0000          NULL 
328.0000    4    2.000   1.0000         pwRep
330.0000    0    2.000   1.0000          NULL 
332.0000    1    2.000   1.0000         rwRep
334.0000    2    2.000   1.0000         rwOrt
336.0000    6    2.000   1.0000         pwNov
338.0000    2    2.000   1.0000         rwOrt
340.0000    5    2.000   1.0000         pwOrt
342.0000    0    6.000   1.0000          NULL 
348.0000    4    2.000   1.0000         pwRep
350.0000    4    2.000   1.0000         pwRep
352.0000    0    2.000   1.0000          NULL 
354.0000    6    2.000   1.0000         pwNov
356.0000    0    2.000   1.0000          NULL 
358.0000    2    2.000   1.0000         rwOrt
