  0.0000    1    2.000   1.0000         rwRep
  2.0000    3    2.000   1.0000         rwNov
  4.0000    1    2.000   1.0000         rwRep
  6.0000    3    2.000   1.0000         rwNov
  8.0000    0    2.000   1.0000          NULL 
 10.0000    5    2.000   1.0000         pwOrt
 12.0000    2    2.000   1.0000         rwOrt
 14.0000    4    2.000   1.0000         pwRep
 16.0000    5    2.000   1.0000         pwOrt
 18.0000    2    2.000   1.0000         rwOrt
 20.0000    5    2.000   1.0000         pwOrt
 22.0000    0    2.000   1.0000          NULL 
 24.0000    6    2.000   1.0000         pwNov
 26.0000    1    2.000   1.0000         rwRep
 28.0000    1    2.000   1.0000         rwRep
 30.0000    6    2.000   1.0000         pwNov
 32.0000    4    2.000   1.0000         pwRep
 34.0000    3    2.000   1.0000         rwNov
 36.0000    3    2.000   1.0000         rwNov
 38.0000    0    2.000   1.0000          NULL 
 40.0000    5    2.000   1.0000         pwOrt
 42.0000    0    2.000   1.0000          NULL 
 44.0000    3    2.000   1.0000         rwNov
 46.0000    0    2.000   1.0000          NULL 
 48.0000    2    2.000   1.0000         rwOrt
 50.0000    0    2.000   1.0000          NULL 
 52.0000    2    2.000   1.0000         rwOrt
 54.0000    0    2.000   1.0000          NULL 
 56.0000    2    2.000   1.0000         rwOrt
 58.0000    4    2.000   1.0000         pwRep
 60.0000    1    2.000   1.0000         rwRep
 62.0000    5    2.000   1.0000         pwOrt
 64.0000    6    2.000   1.0000         pwNov
 66.0000    0    4.000   1.0000          NULL 
 70.0000    5    2.000   1.0000         pwOrt
 72.0000    5    2.000   1.0000         pwOrt
 74.0000    5    2.000   1.0000         pwOrt
 76.0000    0    2.000   1.0000          NULL 
 78.0000    4    2.000   1.0000         pwRep
 80.0000    2    2.000   1.0000         rwOrt
 82.0000    3    2.000   1.0000         rwNov
 84.0000    1    2.000   1.0000         rwRep
 86.0000    4    2.000   1.0000         pwRep
 88.0000    6    2.000   1.0000         pwNov
 90.0000    1    2.000   1.0000         rwRep
 92.0000    4    2.000   1.0000         pwRep
 94.0000    0    6.000   1.0000          NULL 
100.0000    2    2.000   1.0000         rwOrt
102.0000    5    2.000   1.0000         pwOrt
104.0000    0    2.000   1.0000          NULL 
106.0000    4    2.000   1.0000         pwRep
108.0000    1    2.000   1.0000         rwRep
110.0000    6    2.000   1.0000         pwNov
112.0000    6    2.000   1.0000         pwNov
114.0000    4    2.000   1.0000         pwRep
116.0000    4    2.000   1.0000         pwRep
118.0000    6    2.000   1.0000         pwNov
120.0000    3    2.000   1.0000         rwNov
122.0000    0    2.000   1.0000          NULL 
124.0000    3    2.000   1.0000         rwNov
126.0000    4    2.000   1.0000         pwRep
128.0000    0    2.000   1.0000          NULL 
130.0000    1    2.000   1.0000         rwRep
132.0000    2    2.000   1.0000         rwOrt
134.0000    0    2.000   1.0000          NULL 
136.0000    6    2.000   1.0000         pwNov
138.0000    1    2.000   1.0000         rwRep
140.0000    5    2.000   1.0000         pwOrt
142.0000    0    2.000   1.0000          NULL 
144.0000    6    2.000   1.0000         pwNov
146.0000    0    2.000   1.0000          NULL 
148.0000    5    2.000   1.0000         pwOrt
150.0000    4    2.000   1.0000         pwRep
152.0000    0    4.000   1.0000          NULL 
156.0000    3    2.000   1.0000         rwNov
158.0000    4    2.000   1.0000         pwRep
160.0000    0    2.000   1.0000          NULL 
162.0000    4    2.000   1.0000         pwRep
164.0000    3    2.000   1.0000         rwNov
166.0000    0    4.000   1.0000          NULL 
170.0000    3    2.000   1.0000         rwNov
172.0000    0    2.000   1.0000          NULL 
174.0000    4    2.000   1.0000         pwRep
176.0000    5    2.000   1.0000         pwOrt
178.0000    6    2.000   1.0000         pwNov
180.0000    0    2.000   1.0000          NULL 
182.0000    6    2.000   1.0000         pwNov
184.0000    4    2.000   1.0000         pwRep
186.0000    4    2.000   1.0000         pwRep
188.0000    4    2.000   1.0000         pwRep
190.0000    2    2.000   1.0000         rwOrt
192.0000    0    4.000   1.0000          NULL 
196.0000    1    2.000   1.0000         rwRep
198.0000    5    2.000   1.0000         pwOrt
200.0000    1    2.000   1.0000         rwRep
202.0000    2    2.000   1.0000         rwOrt
204.0000    3    2.000   1.0000         rwNov
206.0000    6    2.000   1.0000         pwNov
208.0000    0    4.000   1.0000          NULL 
212.0000    5    2.000   1.0000         pwOrt
214.0000    1    2.000   1.0000         rwRep
216.0000    3    2.000   1.0000         rwNov
218.0000    6    2.000   1.0000         pwNov
220.0000    2    2.000   1.0000         rwOrt
222.0000    6    2.000   1.0000         pwNov
224.0000    5    2.000   1.0000         pwOrt
226.0000    2    2.000   1.0000         rwOrt
228.0000    0    2.000   1.0000          NULL 
230.0000    2    2.000   1.0000         rwOrt
232.0000    6    2.000   1.0000         pwNov
234.0000    0    4.000   1.0000          NULL 
238.0000    5    2.000   1.0000         pwOrt
240.0000    6    2.000   1.0000         pwNov
242.0000    3    2.000   1.0000         rwNov
244.0000    3    2.000   1.0000         rwNov
246.0000    0    6.000   1.0000          NULL 
252.0000    3    2.000   1.0000         rwNov
254.0000    2    2.000   1.0000         rwOrt
256.0000    0    2.000   1.0000          NULL 
258.0000    5    2.000   1.0000         pwOrt
260.0000    1    2.000   1.0000         rwRep
262.0000    0    2.000   1.0000          NULL 
264.0000    5    2.000   1.0000         pwOrt
266.0000    0    2.000   1.0000          NULL 
268.0000    6    2.000   1.0000         pwNov
270.0000    0    4.000   1.0000          NULL 
274.0000    6    2.000   1.0000         pwNov
276.0000    0    2.000   1.0000          NULL 
278.0000    2    2.000   1.0000         rwOrt
280.0000    0    4.000   1.0000          NULL 
284.0000    3    2.000   1.0000         rwNov
286.0000    2    2.000   1.0000         rwOrt
288.0000    1    2.000   1.0000         rwRep
290.0000    3    2.000   1.0000         rwNov
292.0000    5    2.000   1.0000         pwOrt
294.0000    0    2.000   1.0000          NULL 
296.0000    6    2.000   1.0000         pwNov
298.0000    2    2.000   1.0000         rwOrt
300.0000    4    2.000   1.0000         pwRep
302.0000    0    2.000   1.0000          NULL 
304.0000    3    2.000   1.0000         rwNov
306.0000    0    2.000   1.0000          NULL 
308.0000    4    2.000   1.0000         pwRep
310.0000    0    2.000   1.0000          NULL 
312.0000    6    2.000   1.0000         pwNov
314.0000    0    2.000   1.0000          NULL 
316.0000    1    2.000   1.0000         rwRep
318.0000    2    2.000   1.0000         rwOrt
320.0000    0    2.000   1.0000          NULL 
322.0000    1    2.000   1.0000         rwRep
324.0000    1    2.000   1.0000         rwRep
326.0000    0    2.000   1.0000          NULL 
328.0000    2    2.000   1.0000         rwOrt
330.0000    5    2.000   1.0000         pwOrt
332.0000    0    2.000   1.0000          NULL 
334.0000    4    2.000   1.0000         pwRep
336.0000    0    2.000   1.0000          NULL 
338.0000    2    2.000   1.0000         rwOrt
340.0000    1    2.000   1.0000         rwRep
342.0000    1    2.000   1.0000         rwRep
344.0000    0   12.000   1.0000          NULL 
356.0000    3    2.000   1.0000         rwNov
358.0000    0    2.000   1.0000          NULL 
