  0.0000    4    2.000   1.0000         pwRep
  2.0000    1    2.000   1.0000         rwRep
  4.0000    2    2.000   1.0000         rwOrt
  6.0000    3    2.000   1.0000         rwNov
  8.0000    2    2.000   1.0000         rwOrt
 10.0000    1    2.000   1.0000         rwRep
 12.0000    3    2.000   1.0000         rwNov
 14.0000    2    2.000   1.0000         rwOrt
 16.0000    5    2.000   1.0000         pwOrt
 18.0000    4    2.000   1.0000         pwRep
 20.0000    2    2.000   1.0000         rwOrt
 22.0000    3    2.000   1.0000         rwNov
 24.0000    6    2.000   1.0000         pwNov
 26.0000    0    2.000   1.0000          NULL 
 28.0000    2    2.000   1.0000         rwOrt
 30.0000    0    2.000   1.0000          NULL 
 32.0000    1    2.000   1.0000         rwRep
 34.0000    3    2.000   1.0000         rwNov
 36.0000    0    2.000   1.0000          NULL 
 38.0000    1    2.000   1.0000         rwRep
 40.0000    0    2.000   1.0000          NULL 
 42.0000    3    2.000   1.0000         rwNov
 44.0000    4    2.000   1.0000         pwRep
 46.0000    2    2.000   1.0000         rwOrt
 48.0000    3    2.000   1.0000         rwNov
 50.0000    1    2.000   1.0000         rwRep
 52.0000    2    2.000   1.0000         rwOrt
 54.0000    0    4.000   1.0000          NULL 
 58.0000    1    2.000   1.0000         rwRep
 60.0000    2    2.000   1.0000         rwOrt
 62.0000    0    2.000   1.0000          NULL 
 64.0000    3    2.000   1.0000         rwNov
 66.0000    2    2.000   1.0000         rwOrt
 68.0000    1    2.000   1.0000         rwRep
 70.0000    5    2.000   1.0000         pwOrt
 72.0000    1    2.000   1.0000         rwRep
 74.0000    6    2.000   1.0000         pwNov
 76.0000    2    2.000   1.0000         rwOrt
 78.0000    6    2.000   1.0000         pwNov
 80.0000    6    2.000   1.0000         pwNov
 82.0000    1    2.000   1.0000         rwRep
 84.0000    0    4.000   1.0000          NULL 
 88.0000    4    2.000   1.0000         pwRep
 90.0000    3    2.000   1.0000         rwNov
 92.0000    3    2.000   1.0000         rwNov
 94.0000    5    2.000   1.0000         pwOrt
 96.0000    0    2.000   1.0000          NULL 
 98.0000    1    2.000   1.0000         rwRep
100.0000    0    2.000   1.0000          NULL 
102.0000    1    2.000   1.0000         rwRep
104.0000    1    2.000   1.0000         rwRep
106.0000    0    2.000   1.0000          NULL 
108.0000    1    2.000   1.0000         rwRep
110.0000    4    2.000   1.0000         pwRep
112.0000    0    2.000   1.0000          NULL 
114.0000    6    2.000   1.0000         pwNov
116.0000    0    2.000   1.0000          NULL 
118.0000    3    2.000   1.0000         rwNov
120.0000    1    2.000   1.0000         rwRep
122.0000    4    2.000   1.0000         pwRep
124.0000    2    2.000   1.0000         rwOrt
126.0000    0    2.000   1.0000          NULL 
128.0000    5    2.000   1.0000         pwOrt
130.0000    0    2.000   1.0000          NULL 
132.0000    6    2.000   1.0000         pwNov
134.0000    5    2.000   1.0000         pwOrt
136.0000    6    2.000   1.0000         pwNov
138.0000    4    2.000   1.0000         pwRep
140.0000    0    2.000   1.0000          NULL 
142.0000    5    2.000   1.0000         pwOrt
144.0000    5    2.000   1.0000         pwOrt
146.0000    1    2.000   1.0000         rwRep
148.0000    5    2.000   1.0000         pwOrt
150.0000    4    2.000   1.0000         pwRep
152.0000    3    2.000   1.0000         rwNov
154.0000    0    2.000   1.0000          NULL 
156.0000    6    2.000   1.0000         pwNov
158.0000    0    4.000   1.0000          NULL 
162.0000    6    2.000   1.0000         pwNov
164.0000    2    2.000   1.0000         rwOrt
166.0000    4    2.000   1.0000         pwRep
168.0000    0    2.000   1.0000          NULL 
170.0000    4    2.000   1.0000         pwRep
172.0000    4    2.000   1.0000         pwRep
174.0000    0    2.000   1.0000          NULL 
176.0000    3    2.000   1.0000         rwNov
178.0000    0    4.000   1.0000          NULL 
182.0000    6    2.000   1.0000         pwNov
184.0000    5    2.000   1.0000         pwOrt
186.0000    4    2.000   1.0000         pwRep
188.0000    0    2.000   1.0000          NULL 
190.0000    6    2.000   1.0000         pwNov
192.0000    0    2.000   1.0000          NULL 
194.0000    5    2.000   1.0000         pwOrt
196.0000    0    6.000   1.0000          NULL 
202.0000    2    2.000   1.0000         rwOrt
204.0000    3    2.000   1.0000         rwNov
206.0000    0    2.000   1.0000          NULL 
208.0000    3    2.000   1.0000         rwNov
210.0000    4    2.000   1.0000         pwRep
212.0000    3    2.000   1.0000         rwNov
214.0000    6    2.000   1.0000         pwNov
216.0000    1    2.000   1.0000         rwRep
218.0000    5    2.000   1.0000         pwOrt
220.0000    3    2.000   1.0000         rwNov
222.0000    3    2.000   1.0000         rwNov
224.0000    0    4.000   1.0000          NULL 
228.0000    4    2.000   1.0000         pwRep
230.0000    4    2.000   1.0000         pwRep
232.0000    5    2.000   1.0000         pwOrt
234.0000    0    2.000   1.0000          NULL 
236.0000    3    2.000   1.0000         rwNov
238.0000    0    2.000   1.0000          NULL 
240.0000    1    2.000   1.0000         rwRep
242.0000    5    2.000   1.0000         pwOrt
244.0000    5    2.000   1.0000         pwOrt
246.0000    6    2.000   1.0000         pwNov
248.0000    6    2.000   1.0000         pwNov
250.0000    0    6.000   1.0000          NULL 
256.0000    5    2.000   1.0000         pwOrt
258.0000    0    4.000   1.0000          NULL 
262.0000    6    2.000   1.0000         pwNov
264.0000    1    2.000   1.0000         rwRep
266.0000    0    2.000   1.0000          NULL 
268.0000    2    2.000   1.0000         rwOrt
270.0000    4    2.000   1.0000         pwRep
272.0000    0    2.000   1.0000          NULL 
274.0000    1    2.000   1.0000         rwRep
276.0000    0    2.000   1.0000          NULL 
278.0000    2    2.000   1.0000         rwOrt
280.0000    0    2.000   1.0000          NULL 
282.0000    2    2.000   1.0000         rwOrt
284.0000    0   10.000   1.0000          NULL 
294.0000    3    2.000   1.0000         rwNov
296.0000    5    2.000   1.0000         pwOrt
298.0000    5    2.000   1.0000         pwOrt
300.0000    6    2.000   1.0000         pwNov
302.0000    0    4.000   1.0000          NULL 
306.0000    4    2.000   1.0000         pwRep
308.0000    5    2.000   1.0000         pwOrt
310.0000    0    2.000   1.0000          NULL 
312.0000    5    2.000   1.0000         pwOrt
314.0000    0    4.000   1.0000          NULL 
318.0000    1    2.000   1.0000         rwRep
320.0000    6    2.000   1.0000         pwNov
322.0000    2    2.000   1.0000         rwOrt
324.0000    6    2.000   1.0000         pwNov
326.0000    0    4.000   1.0000          NULL 
330.0000    2    2.000   1.0000         rwOrt
332.0000    2    2.000   1.0000         rwOrt
334.0000    0    2.000   1.0000          NULL 
336.0000    2    2.000   1.0000         rwOrt
338.0000    0    2.000   1.0000          NULL 
340.0000    6    2.000   1.0000         pwNov
342.0000    4    2.000   1.0000         pwRep
344.0000    0    2.000   1.0000          NULL 
346.0000    5    2.000   1.0000         pwOrt
348.0000    0    2.000   1.0000          NULL 
350.0000    4    2.000   1.0000         pwRep
352.0000    6    2.000   1.0000         pwNov
354.0000    0    2.000   1.0000          NULL 
356.0000    3    2.000   1.0000         rwNov
358.0000    4    2.000   1.0000         pwRep
