  0.0000    3    2.000   1.0000         rwNov
  2.0000    4    2.000   1.0000         pwRep
  4.0000    5    2.000   1.0000         pwOrt
  6.0000    2    2.000   1.0000         rwOrt
  8.0000    2    2.000   1.0000         rwOrt
 10.0000    3    2.000   1.0000         rwNov
 12.0000    0    2.000   1.0000          NULL 
 14.0000    4    2.000   1.0000         pwRep
 16.0000    6    2.000   1.0000         pwNov
 18.0000    0    2.000   1.0000          NULL 
 20.0000    4    2.000   1.0000         pwRep
 22.0000    2    2.000   1.0000         rwOrt
 24.0000    2    2.000   1.0000         rwOrt
 26.0000    1    2.000   1.0000         rwRep
 28.0000    4    2.000   1.0000         pwRep
 30.0000    0    2.000   1.0000          NULL 
 32.0000    2    2.000   1.0000         rwOrt
 34.0000    0    2.000   1.0000          NULL 
 36.0000    5    2.000   1.0000         pwOrt
 38.0000    6    2.000   1.0000         pwNov
 40.0000    2    2.000   1.0000         rwOrt
 42.0000    4    2.000   1.0000         pwRep
 44.0000    3    2.000   1.0000         rwNov
 46.0000    1    2.000   1.0000         rwRep
 48.0000    3    2.000   1.0000         rwNov
 50.0000    0    2.000   1.0000          NULL 
 52.0000    3    2.000   1.0000         rwNov
 54.0000    2    2.000   1.0000         rwOrt
 56.0000    6    2.000   1.0000         pwNov
 58.0000    0    2.000   1.0000          NULL 
 60.0000    5    2.000   1.0000         pwOrt
 62.0000    0    4.000   1.0000          NULL 
 66.0000    6    2.000   1.0000         pwNov
 68.0000    3    2.000   1.0000         rwNov
 70.0000    2    2.000   1.0000         rwOrt
 72.0000    3    2.000   1.0000         rwNov
 74.0000    2    2.000   1.0000         rwOrt
 76.0000    5    2.000   1.0000         pwOrt
 78.0000    0    2.000   1.0000          NULL 
 80.0000    5    2.000   1.0000         pwOrt
 82.0000    3    2.000   1.0000         rwNov
 84.0000    1    2.000   1.0000         rwRep
 86.0000    0    2.000   1.0000          NULL 
 88.0000    3    2.000   1.0000         rwNov
 90.0000    1    2.000   1.0000         rwRep
 92.0000    0    6.000   1.0000          NULL 
 98.0000    5    2.000   1.0000         pwOrt
100.0000    3    2.000   1.0000         rwNov
102.0000    4    2.000   1.0000         pwRep
104.0000    3    2.000   1.0000         rwNov
106.0000    0    2.000   1.0000          NULL 
108.0000    4    2.000   1.0000         pwRep
110.0000    1    2.000   1.0000         rwRep
112.0000    0    2.000   1.0000          NULL 
114.0000    1    2.000   1.0000         rwRep
116.0000    5    2.000   1.0000         pwOrt
118.0000    5    2.000   1.0000         pwOrt
120.0000    1    2.000   1.0000         rwRep
122.0000    0    4.000   1.0000          NULL 
126.0000    4    2.000   1.0000         pwRep
128.0000    5    2.000   1.0000         pwOrt
130.0000    4    2.000   1.0000         pwRep
132.0000    1    2.000   1.0000         rwRep
134.0000    2    2.000   1.0000         rwOrt
136.0000    4    2.000   1.0000         pwRep
138.0000    3    2.000   1.0000         rwNov
140.0000    0    6.000   1.0000          NULL 
146.0000    6    2.000   1.0000         pwNov
148.0000    4    2.000   1.0000         pwRep
150.0000    0    2.000   1.0000          NULL 
152.0000    4    2.000   1.0000         pwRep
154.0000    0    2.000   1.0000          NULL 
156.0000    6    2.000   1.0000         pwNov
158.0000    5    2.000   1.0000         pwOrt
160.0000    0    6.000   1.0000          NULL 
166.0000    2    2.000   1.0000         rwOrt
168.0000    6    2.000   1.0000         pwNov
170.0000    0    4.000   1.0000          NULL 
174.0000    1    2.000   1.0000         rwRep
176.0000    1    2.000   1.0000         rwRep
178.0000    0    4.000   1.0000          NULL 
182.0000    4    2.000   1.0000         pwRep
184.0000    0    8.000   1.0000          NULL 
192.0000    1    2.000   1.0000         rwRep
194.0000    5    2.000   1.0000         pwOrt
196.0000    0    4.000   1.0000          NULL 
200.0000    2    2.000   1.0000         rwOrt
202.0000    0    4.000   1.0000          NULL 
206.0000    4    2.000   1.0000         pwRep
208.0000    5    2.000   1.0000         pwOrt
210.0000    6    2.000   1.0000         pwNov
212.0000    6    2.000   1.0000         pwNov
214.0000    3    2.000   1.0000         rwNov
216.0000    2    2.000   1.0000         rwOrt
218.0000    0    2.000   1.0000          NULL 
220.0000    2    2.000   1.0000         rwOrt
222.0000    0    2.000   1.0000          NULL 
224.0000    6    2.000   1.0000         pwNov
226.0000    6    2.000   1.0000         pwNov
228.0000    0    2.000   1.0000          NULL 
230.0000    2    2.000   1.0000         rwOrt
232.0000    4    2.000   1.0000         pwRep
234.0000    0    2.000   1.0000          NULL 
236.0000    2    2.000   1.0000         rwOrt
238.0000    1    2.000   1.0000         rwRep
240.0000    0    2.000   1.0000          NULL 
242.0000    6    2.000   1.0000         pwNov
244.0000    6    2.000   1.0000         pwNov
246.0000    3    2.000   1.0000         rwNov
248.0000    2    2.000   1.0000         rwOrt
250.0000    2    2.000   1.0000         rwOrt
252.0000    0    2.000   1.0000          NULL 
254.0000    1    2.000   1.0000         rwRep
256.0000    1    2.000   1.0000         rwRep
258.0000    0    6.000   1.0000          NULL 
264.0000    6    2.000   1.0000         pwNov
266.0000    4    2.000   1.0000         pwRep
268.0000    3    2.000   1.0000         rwNov
270.0000    4    2.000   1.0000         pwRep
272.0000    1    2.000   1.0000         rwRep
274.0000    5    2.000   1.0000         pwOrt
276.0000    3    2.000   1.0000         rwNov
278.0000    5    2.000   1.0000         pwOrt
280.0000    1    2.000   1.0000         rwRep
282.0000    0    2.000   1.0000          NULL 
284.0000    1    2.000   1.0000         rwRep
286.0000    1    2.000   1.0000         rwRep
288.0000    1    2.000   1.0000         rwRep
290.0000    6    2.000   1.0000         pwNov
292.0000    6    2.000   1.0000         pwNov
294.0000    2    2.000   1.0000         rwOrt
296.0000    0    2.000   1.0000          NULL 
298.0000    5    2.000   1.0000         pwOrt
300.0000    0    2.000   1.0000          NULL 
302.0000    3    2.000   1.0000         rwNov
304.0000    6    2.000   1.0000         pwNov
306.0000    0    2.000   1.0000          NULL 
308.0000    5    2.000   1.0000         pwOrt
310.0000    0    4.000   1.0000          NULL 
314.0000    1    2.000   1.0000         rwRep
316.0000    4    2.000   1.0000         pwRep
318.0000    0    2.000   1.0000          NULL 
320.0000    5    2.000   1.0000         pwOrt
322.0000    3    2.000   1.0000         rwNov
324.0000    0    8.000   1.0000          NULL 
332.0000    2    2.000   1.0000         rwOrt
334.0000    5    2.000   1.0000         pwOrt
336.0000    5    2.000   1.0000         pwOrt
338.0000    6    2.000   1.0000         pwNov
340.0000    6    2.000   1.0000         pwNov
342.0000    6    2.000   1.0000         pwNov
344.0000    0    2.000   1.0000          NULL 
346.0000    3    2.000   1.0000         rwNov
348.0000    0    4.000   1.0000          NULL 
352.0000    3    2.000   1.0000         rwNov
354.0000    4    2.000   1.0000         pwRep
356.0000    5    2.000   1.0000         pwOrt
358.0000    4    2.000   1.0000         pwRep
