  0.0000    3    2.000   1.0000         rwNov
  2.0000    2    2.000   1.0000         rwOrt
  4.0000    2    2.000   1.0000         rwOrt
  6.0000    0    2.000   1.0000          NULL 
  8.0000    4    2.000   1.0000         pwRep
 10.0000    1    2.000   1.0000         rwRep
 12.0000    5    2.000   1.0000         pwOrt
 14.0000    0    4.000   1.0000          NULL 
 18.0000    5    2.000   1.0000         pwOrt
 20.0000    3    2.000   1.0000         rwNov
 22.0000    4    2.000   1.0000         pwRep
 24.0000    5    2.000   1.0000         pwOrt
 26.0000    3    2.000   1.0000         rwNov
 28.0000    5    2.000   1.0000         pwOrt
 30.0000    0    2.000   1.0000          NULL 
 32.0000    4    2.000   1.0000         pwRep
 34.0000    0    6.000   1.0000          NULL 
 40.0000    6    2.000   1.0000         pwNov
 42.0000    6    2.000   1.0000         pwNov
 44.0000    1    2.000   1.0000         rwRep
 46.0000    4    2.000   1.0000         pwRep
 48.0000    4    2.000   1.0000         pwRep
 50.0000    6    2.000   1.0000         pwNov
 52.0000    0    6.000   1.0000          NULL 
 58.0000    2    2.000   1.0000         rwOrt
 60.0000    1    2.000   1.0000         rwRep
 62.0000    0    2.000   1.0000          NULL 
 64.0000    1    2.000   1.0000         rwRep
 66.0000    6    2.000   1.0000         pwNov
 68.0000    3    2.000   1.0000         rwNov
 70.0000    3    2.000   1.0000         rwNov
 72.0000    3    2.000   1.0000         rwNov
 74.0000    0    2.000   1.0000          NULL 
 76.0000    2    2.000   1.0000         rwOrt
 78.0000    0    2.000   1.0000          NULL 
 80.0000    4    2.000   1.0000         pwRep
 82.0000    4    2.000   1.0000         pwRep
 84.0000    5    2.000   1.0000         pwOrt
 86.0000    1    2.000   1.0000         rwRep
 88.0000    2    2.000   1.0000         rwOrt
 90.0000    0    2.000   1.0000          NULL 
 92.0000    5    2.000   1.0000         pwOrt
 94.0000    3    2.000   1.0000         rwNov
 96.0000    6    2.000   1.0000         pwNov
 98.0000    5    2.000   1.0000         pwOrt
100.0000    4    2.000   1.0000         pwRep
102.0000    1    2.000   1.0000         rwRep
104.0000    2    2.000   1.0000         rwOrt
106.0000    1    2.000   1.0000         rwRep
108.0000    0    2.000   1.0000          NULL 
110.0000    4    2.000   1.0000         pwRep
112.0000    0    4.000   1.0000          NULL 
116.0000    5    2.000   1.0000         pwOrt
118.0000    0    4.000   1.0000          NULL 
122.0000    6    2.000   1.0000         pwNov
124.0000    2    2.000   1.0000         rwOrt
126.0000    1    2.000   1.0000         rwRep
128.0000    1    2.000   1.0000         rwRep
130.0000    0    2.000   1.0000          NULL 
132.0000    2    2.000   1.0000         rwOrt
134.0000    1    2.000   1.0000         rwRep
136.0000    0    2.000   1.0000          NULL 
138.0000    2    2.000   1.0000         rwOrt
140.0000    5    2.000   1.0000         pwOrt
142.0000    1    2.000   1.0000         rwRep
144.0000    6    2.000   1.0000         pwNov
146.0000    3    2.000   1.0000         rwNov
148.0000    0    4.000   1.0000          NULL 
152.0000    4    2.000   1.0000         pwRep
154.0000    0    2.000   1.0000          NULL 
156.0000    4    2.000   1.0000         pwRep
158.0000    6    2.000   1.0000         pwNov
160.0000    4    2.000   1.0000         pwRep
162.0000    3    2.000   1.0000         rwNov
164.0000    1    2.000   1.0000         rwRep
166.0000    1    2.000   1.0000         rwRep
168.0000    6    2.000   1.0000         pwNov
170.0000    0    2.000   1.0000          NULL 
172.0000    2    2.000   1.0000         rwOrt
174.0000    2    2.000   1.0000         rwOrt
176.0000    0    2.000   1.0000          NULL 
178.0000    6    2.000   1.0000         pwNov
180.0000    6    2.000   1.0000         pwNov
182.0000    5    2.000   1.0000         pwOrt
184.0000    6    2.000   1.0000         pwNov
186.0000    0    2.000   1.0000          NULL 
188.0000    6    2.000   1.0000         pwNov
190.0000    0    2.000   1.0000          NULL 
192.0000    5    2.000   1.0000         pwOrt
194.0000    0    4.000   1.0000          NULL 
198.0000    4    2.000   1.0000         pwRep
200.0000    0    2.000   1.0000          NULL 
202.0000    4    2.000   1.0000         pwRep
204.0000    5    2.000   1.0000         pwOrt
206.0000    6    2.000   1.0000         pwNov
208.0000    0    2.000   1.0000          NULL 
210.0000    1    2.000   1.0000         rwRep
212.0000    4    2.000   1.0000         pwRep
214.0000    0    2.000   1.0000          NULL 
216.0000    3    2.000   1.0000         rwNov
218.0000    0   10.000   1.0000          NULL 
228.0000    5    2.000   1.0000         pwOrt
230.0000    5    2.000   1.0000         pwOrt
232.0000    0    2.000   1.0000          NULL 
234.0000    3    2.000   1.0000         rwNov
236.0000    0    4.000   1.0000          NULL 
240.0000    1    2.000   1.0000         rwRep
242.0000    2    2.000   1.0000         rwOrt
244.0000    6    2.000   1.0000         pwNov
246.0000    6    2.000   1.0000         pwNov
248.0000    4    2.000   1.0000         pwRep
250.0000    0    2.000   1.0000          NULL 
252.0000    3    2.000   1.0000         rwNov
254.0000    3    2.000   1.0000         rwNov
256.0000    2    2.000   1.0000         rwOrt
258.0000    5    2.000   1.0000         pwOrt
260.0000    3    2.000   1.0000         rwNov
262.0000    0    2.000   1.0000          NULL 
264.0000    1    2.000   1.0000         rwRep
266.0000    0    2.000   1.0000          NULL 
268.0000    3    2.000   1.0000         rwNov
270.0000    4    2.000   1.0000         pwRep
272.0000    2    2.000   1.0000         rwOrt
274.0000    3    2.000   1.0000         rwNov
276.0000    0    2.000   1.0000          NULL 
278.0000    1    2.000   1.0000         rwRep
280.0000    4    2.000   1.0000         pwRep
282.0000    2    2.000   1.0000         rwOrt
284.0000    6    2.000   1.0000         pwNov
286.0000    2    2.000   1.0000         rwOrt
288.0000    0    2.000   1.0000          NULL 
290.0000    2    2.000   1.0000         rwOrt
292.0000    1    2.000   1.0000         rwRep
294.0000    0    2.000   1.0000          NULL 
296.0000    2    2.000   1.0000         rwOrt
298.0000    3    2.000   1.0000         rwNov
300.0000    1    2.000   1.0000         rwRep
302.0000    5    2.000   1.0000         pwOrt
304.0000    0    2.000   1.0000          NULL 
306.0000    5    2.000   1.0000         pwOrt
308.0000    5    2.000   1.0000         pwOrt
310.0000    2    2.000   1.0000         rwOrt
312.0000    6    2.000   1.0000         pwNov
314.0000    0    2.000   1.0000          NULL 
316.0000    3    2.000   1.0000         rwNov
318.0000    2    2.000   1.0000         rwOrt
320.0000    4    2.000   1.0000         pwRep
322.0000    6    2.000   1.0000         pwNov
324.0000    0    2.000   1.0000          NULL 
326.0000    5    2.000   1.0000         pwOrt
328.0000    4    2.000   1.0000         pwRep
330.0000    0   12.000   1.0000          NULL 
342.0000    3    2.000   1.0000         rwNov
344.0000    0    2.000   1.0000          NULL 
346.0000    6    2.000   1.0000         pwNov
348.0000    0    4.000   1.0000          NULL 
352.0000    5    2.000   1.0000         pwOrt
354.0000    1    2.000   1.0000         rwRep
356.0000    0    2.000   1.0000          NULL 
358.0000    3    2.000   1.0000         rwNov
