  0.0000    4    2.000   1.0000         pwRep
  2.0000    0    2.000   1.0000          NULL 
  4.0000    6    2.000   1.0000         pwNov
  6.0000    3    2.000   1.0000         rwNov
  8.0000    0    2.000   1.0000          NULL 
 10.0000    1    2.000   1.0000         rwRep
 12.0000    0    2.000   1.0000          NULL 
 14.0000    5    2.000   1.0000         pwOrt
 16.0000    1    2.000   1.0000         rwRep
 18.0000    6    2.000   1.0000         pwNov
 20.0000    3    2.000   1.0000         rwNov
 22.0000    0    2.000   1.0000          NULL 
 24.0000    2    2.000   1.0000         rwOrt
 26.0000    3    2.000   1.0000         rwNov
 28.0000    4    2.000   1.0000         pwRep
 30.0000    5    2.000   1.0000         pwOrt
 32.0000    1    2.000   1.0000         rwRep
 34.0000    0    6.000   1.0000          NULL 
 40.0000    4    2.000   1.0000         pwRep
 42.0000    4    2.000   1.0000         pwRep
 44.0000    2    2.000   1.0000         rwOrt
 46.0000    4    2.000   1.0000         pwRep
 48.0000    0    2.000   1.0000          NULL 
 50.0000    6    2.000   1.0000         pwNov
 52.0000    0    2.000   1.0000          NULL 
 54.0000    3    2.000   1.0000         rwNov
 56.0000    0    2.000   1.0000          NULL 
 58.0000    2    2.000   1.0000         rwOrt
 60.0000    3    2.000   1.0000         rwNov
 62.0000    5    2.000   1.0000         pwOrt
 64.0000    5    2.000   1.0000         pwOrt
 66.0000    4    2.000   1.0000         pwRep
 68.0000    0    4.000   1.0000          NULL 
 72.0000    6    2.000   1.0000         pwNov
 74.0000    1    2.000   1.0000         rwRep
 76.0000    2    2.000   1.0000         rwOrt
 78.0000    2    2.000   1.0000         rwOrt
 80.0000    6    2.000   1.0000         pwNov
 82.0000    0    2.000   1.0000          NULL 
 84.0000    2    2.000   1.0000         rwOrt
 86.0000    3    2.000   1.0000         rwNov
 88.0000    3    2.000   1.0000         rwNov
 90.0000    0    2.000   1.0000          NULL 
 92.0000    1    2.000   1.0000         rwRep
 94.0000    2    2.000   1.0000         rwOrt
 96.0000    1    2.000   1.0000         rwRep
 98.0000    0    2.000   1.0000          NULL 
100.0000    2    2.000   1.0000         rwOrt
102.0000    4    2.000   1.0000         pwRep
104.0000    6    2.000   1.0000         pwNov
106.0000    6    2.000   1.0000         pwNov
108.0000    2    2.000   1.0000         rwOrt
110.0000    2    2.000   1.0000         rwOrt
112.0000    5    2.000   1.0000         pwOrt
114.0000    6    2.000   1.0000         pwNov
116.0000    0    6.000   1.0000          NULL 
122.0000    5    2.000   1.0000         pwOrt
124.0000    1    2.000   1.0000         rwRep
126.0000    3    2.000   1.0000         rwNov
128.0000    0    2.000   1.0000          NULL 
130.0000    4    2.000   1.0000         pwRep
132.0000    0    2.000   1.0000          NULL 
134.0000    1    2.000   1.0000         rwRep
136.0000    0    2.000   1.0000          NULL 
138.0000    1    2.000   1.0000         rwRep
140.0000    1    2.000   1.0000         rwRep
142.0000    5    2.000   1.0000         pwOrt
144.0000    3    2.000   1.0000         rwNov
146.0000    0    6.000   1.0000          NULL 
152.0000    4    2.000   1.0000         pwRep
154.0000    3    2.000   1.0000         rwNov
156.0000    2    2.000   1.0000         rwOrt
158.0000    1    2.000   1.0000         rwRep
160.0000    0    4.000   1.0000          NULL 
164.0000    2    2.000   1.0000         rwOrt
166.0000    3    2.000   1.0000         rwNov
168.0000    2    2.000   1.0000         rwOrt
170.0000    4    2.000   1.0000         pwRep
172.0000    0    6.000   1.0000          NULL 
178.0000    5    2.000   1.0000         pwOrt
180.0000    4    2.000   1.0000         pwRep
182.0000    1    2.000   1.0000         rwRep
184.0000    4    2.000   1.0000         pwRep
186.0000    2    2.000   1.0000         rwOrt
188.0000    5    2.000   1.0000         pwOrt
190.0000    1    2.000   1.0000         rwRep
192.0000    1    2.000   1.0000         rwRep
194.0000    6    2.000   1.0000         pwNov
196.0000    0    2.000   1.0000          NULL 
198.0000    1    2.000   1.0000         rwRep
200.0000    5    2.000   1.0000         pwOrt
202.0000    6    2.000   1.0000         pwNov
204.0000    0    2.000   1.0000          NULL 
206.0000    2    2.000   1.0000         rwOrt
208.0000    6    2.000   1.0000         pwNov
210.0000    0    2.000   1.0000          NULL 
212.0000    4    2.000   1.0000         pwRep
214.0000    0    2.000   1.0000          NULL 
216.0000    5    2.000   1.0000         pwOrt
218.0000    3    2.000   1.0000         rwNov
220.0000    1    2.000   1.0000         rwRep
222.0000    0    6.000   1.0000          NULL 
228.0000    6    2.000   1.0000         pwNov
230.0000    0    4.000   1.0000          NULL 
234.0000    6    2.000   1.0000         pwNov
236.0000    3    2.000   1.0000         rwNov
238.0000    5    2.000   1.0000         pwOrt
240.0000    0    2.000   1.0000          NULL 
242.0000    2    2.000   1.0000         rwOrt
244.0000    6    2.000   1.0000         pwNov
246.0000    2    2.000   1.0000         rwOrt
248.0000    0    2.000   1.0000          NULL 
250.0000    3    2.000   1.0000         rwNov
252.0000    4    2.000   1.0000         pwRep
254.0000    6    2.000   1.0000         pwNov
256.0000    6    2.000   1.0000         pwNov
258.0000    5    2.000   1.0000         pwOrt
260.0000    0    2.000   1.0000          NULL 
262.0000    4    2.000   1.0000         pwRep
264.0000    5    2.000   1.0000         pwOrt
266.0000    0    4.000   1.0000          NULL 
270.0000    4    2.000   1.0000         pwRep
272.0000    4    2.000   1.0000         pwRep
274.0000    6    2.000   1.0000         pwNov
276.0000    0    4.000   1.0000          NULL 
280.0000    3    2.000   1.0000         rwNov
282.0000    6    2.000   1.0000         pwNov
284.0000    3    2.000   1.0000         rwNov
286.0000    5    2.000   1.0000         pwOrt
288.0000    1    2.000   1.0000         rwRep
290.0000    0    2.000   1.0000          NULL 
292.0000    1    2.000   1.0000         rwRep
294.0000    2    2.000   1.0000         rwOrt
296.0000    0    4.000   1.0000          NULL 
300.0000    5    2.000   1.0000         pwOrt
302.0000    5    2.000   1.0000         pwOrt
304.0000    0    6.000   1.0000          NULL 
310.0000    2    2.000   1.0000         rwOrt
312.0000    5    2.000   1.0000         pwOrt
314.0000    6    2.000   1.0000         pwNov
316.0000    1    2.000   1.0000         rwRep
318.0000    3    2.000   1.0000         rwNov
320.0000    0    6.000   1.0000          NULL 
326.0000    4    2.000   1.0000         pwRep
328.0000    5    2.000   1.0000         pwOrt
330.0000    3    2.000   1.0000         rwNov
332.0000    3    2.000   1.0000         rwNov
334.0000    0    2.000   1.0000          NULL 
336.0000    3    2.000   1.0000         rwNov
338.0000    1    2.000   1.0000         rwRep
340.0000    5    2.000   1.0000         pwOrt
342.0000    2    2.000   1.0000         rwOrt
344.0000    0    2.000   1.0000          NULL 
346.0000    6    2.000   1.0000         pwNov
348.0000    0    4.000   1.0000          NULL 
352.0000    4    2.000   1.0000         pwRep
354.0000    0    4.000   1.0000          NULL 
358.0000    4    2.000   1.0000         pwRep
