  0.0000    5    2.000   1.0000         pwOrt
  2.0000    2    2.000   1.0000         rwOrt
  4.0000    3    2.000   1.0000         rwNov
  6.0000    2    2.000   1.0000         rwOrt
  8.0000    3    2.000   1.0000         rwNov
 10.0000    5    2.000   1.0000         pwOrt
 12.0000    2    2.000   1.0000         rwOrt
 14.0000    4    2.000   1.0000         pwRep
 16.0000    4    2.000   1.0000         pwRep
 18.0000    0    2.000   1.0000          NULL 
 20.0000    1    2.000   1.0000         rwRep
 22.0000    3    2.000   1.0000         rwNov
 24.0000    2    2.000   1.0000         rwOrt
 26.0000    0    2.000   1.0000          NULL 
 28.0000    6    2.000   1.0000         pwNov
 30.0000    1    2.000   1.0000         rwRep
 32.0000    4    2.000   1.0000         pwRep
 34.0000    3    2.000   1.0000         rwNov
 36.0000    1    2.000   1.0000         rwRep
 38.0000    6    2.000   1.0000         pwNov
 40.0000    0    2.000   1.0000          NULL 
 42.0000    2    2.000   1.0000         rwOrt
 44.0000    0    2.000   1.0000          NULL 
 46.0000    1    2.000   1.0000         rwRep
 48.0000    0    4.000   1.0000          NULL 
 52.0000    4    2.000   1.0000         pwRep
 54.0000    5    2.000   1.0000         pwOrt
 56.0000    5    2.000   1.0000         pwOrt
 58.0000    5    2.000   1.0000         pwOrt
 60.0000    6    2.000   1.0000         pwNov
 62.0000    0    2.000   1.0000          NULL 
 64.0000    2    2.000   1.0000         rwOrt
 66.0000    6    2.000   1.0000         pwNov
 68.0000    0    2.000   1.0000          NULL 
 70.0000    6    2.000   1.0000         pwNov
 72.0000    5    2.000   1.0000         pwOrt
 74.0000    1    2.000   1.0000         rwRep
 76.0000    0    4.000   1.0000          NULL 
 80.0000    2    2.000   1.0000         rwOrt
 82.0000    0    2.000   1.0000          NULL 
 84.0000    6    2.000   1.0000         pwNov
 86.0000    2    2.000   1.0000         rwOrt
 88.0000    0    4.000   1.0000          NULL 
 92.0000    4    2.000   1.0000         pwRep
 94.0000    6    2.000   1.0000         pwNov
 96.0000    3    2.000   1.0000         rwNov
 98.0000    0    4.000   1.0000          NULL 
102.0000    2    2.000   1.0000         rwOrt
104.0000    1    2.000   1.0000         rwRep
106.0000    0    2.000   1.0000          NULL 
108.0000    6    2.000   1.0000         pwNov
110.0000    3    2.000   1.0000         rwNov
112.0000    6    2.000   1.0000         pwNov
114.0000    5    2.000   1.0000         pwOrt
116.0000    2    2.000   1.0000         rwOrt
118.0000    4    2.000   1.0000         pwRep
120.0000    3    2.000   1.0000         rwNov
122.0000    0    6.000   1.0000          NULL 
128.0000    5    2.000   1.0000         pwOrt
130.0000    0    4.000   1.0000          NULL 
134.0000    3    2.000   1.0000         rwNov
136.0000    0    4.000   1.0000          NULL 
140.0000    4    2.000   1.0000         pwRep
142.0000    0    2.000   1.0000          NULL 
144.0000    4    2.000   1.0000         pwRep
146.0000    1    2.000   1.0000         rwRep
148.0000    5    2.000   1.0000         pwOrt
150.0000    2    2.000   1.0000         rwOrt
152.0000    3    2.000   1.0000         rwNov
154.0000    6    2.000   1.0000         pwNov
156.0000    3    2.000   1.0000         rwNov
158.0000    0    2.000   1.0000          NULL 
160.0000    3    2.000   1.0000         rwNov
162.0000    4    2.000   1.0000         pwRep
164.0000    0    2.000   1.0000          NULL 
166.0000    3    2.000   1.0000         rwNov
168.0000    0    2.000   1.0000          NULL 
170.0000    4    2.000   1.0000         pwRep
172.0000    6    2.000   1.0000         pwNov
174.0000    3    2.000   1.0000         rwNov
176.0000    0    2.000   1.0000          NULL 
178.0000    2    2.000   1.0000         rwOrt
180.0000    0    4.000   1.0000          NULL 
184.0000    1    2.000   1.0000         rwRep
186.0000    2    2.000   1.0000         rwOrt
188.0000    2    2.000   1.0000         rwOrt
190.0000    5    2.000   1.0000         pwOrt
192.0000    4    2.000   1.0000         pwRep
194.0000    1    2.000   1.0000         rwRep
196.0000    5    2.000   1.0000         pwOrt
198.0000    0    2.000   1.0000          NULL 
200.0000    5    2.000   1.0000         pwOrt
202.0000    0    4.000   1.0000          NULL 
206.0000    6    2.000   1.0000         pwNov
208.0000    0    2.000   1.0000          NULL 
210.0000    4    2.000   1.0000         pwRep
212.0000    0    2.000   1.0000          NULL 
214.0000    5    2.000   1.0000         pwOrt
216.0000    1    2.000   1.0000         rwRep
218.0000    4    2.000   1.0000         pwRep
220.0000    4    2.000   1.0000         pwRep
222.0000    0    2.000   1.0000          NULL 
224.0000    1    2.000   1.0000         rwRep
226.0000    1    2.000   1.0000         rwRep
228.0000    1    2.000   1.0000         rwRep
230.0000    0    2.000   1.0000          NULL 
232.0000    3    2.000   1.0000         rwNov
234.0000    0    2.000   1.0000          NULL 
236.0000    6    2.000   1.0000         pwNov
238.0000    5    2.000   1.0000         pwOrt
240.0000    6    2.000   1.0000         pwNov
242.0000    3    2.000   1.0000         rwNov
244.0000    0    8.000   1.0000          NULL 
252.0000    5    2.000   1.0000         pwOrt
254.0000    6    2.000   1.0000         pwNov
256.0000    1    2.000   1.0000         rwRep
258.0000    0    2.000   1.0000          NULL 
260.0000    4    2.000   1.0000         pwRep
262.0000    1    2.000   1.0000         rwRep
264.0000    4    2.000   1.0000         pwRep
266.0000    6    2.000   1.0000         pwNov
268.0000    0    2.000   1.0000          NULL 
270.0000    1    2.000   1.0000         rwRep
272.0000    3    2.000   1.0000         rwNov
274.0000    5    2.000   1.0000         pwOrt
276.0000    5    2.000   1.0000         pwOrt
278.0000    0    4.000   1.0000          NULL 
282.0000    6    2.000   1.0000         pwNov
284.0000    4    2.000   1.0000         pwRep
286.0000    6    2.000   1.0000         pwNov
288.0000    3    2.000   1.0000         rwNov
290.0000    4    2.000   1.0000         pwRep
292.0000    0    6.000   1.0000          NULL 
298.0000    2    2.000   1.0000         rwOrt
300.0000    0    2.000   1.0000          NULL 
302.0000    5    2.000   1.0000         pwOrt
304.0000    2    2.000   1.0000         rwOrt
306.0000    6    2.000   1.0000         pwNov
308.0000    2    2.000   1.0000         rwOrt
310.0000    0    2.000   1.0000          NULL 
312.0000    2    2.000   1.0000         rwOrt
314.0000    0    2.000   1.0000          NULL 
316.0000    3    2.000   1.0000         rwNov
318.0000    4    2.000   1.0000         pwRep
320.0000    2    2.000   1.0000         rwOrt
322.0000    0    6.000   1.0000          NULL 
328.0000    3    2.000   1.0000         rwNov
330.0000    5    2.000   1.0000         pwOrt
332.0000    3    2.000   1.0000         rwNov
334.0000    1    2.000   1.0000         rwRep
336.0000    5    2.000   1.0000         pwOrt
338.0000    6    2.000   1.0000         pwNov
340.0000    0    2.000   1.0000          NULL 
342.0000    1    2.000   1.0000         rwRep
344.0000    0    4.000   1.0000          NULL 
348.0000    4    2.000   1.0000         pwRep
350.0000    1    2.000   1.0000         rwRep
352.0000    1    2.000   1.0000         rwRep
354.0000    0    4.000   1.0000          NULL 
358.0000    2    2.000   1.0000         rwOrt
