  0.0000    1    2.000   1.0000         rwRep
  2.0000    0    2.000   1.0000          NULL 
  4.0000    1    2.000   1.0000         rwRep
  6.0000    2    2.000   1.0000         rwOrt
  8.0000    3    2.000   1.0000         rwNov
 10.0000    3    2.000   1.0000         rwNov
 12.0000    2    2.000   1.0000         rwOrt
 14.0000    0    2.000   1.0000          NULL 
 16.0000    6    2.000   1.0000         pwNov
 18.0000    0    2.000   1.0000          NULL 
 20.0000    6    2.000   1.0000         pwNov
 22.0000    4    2.000   1.0000         pwRep
 24.0000    6    2.000   1.0000         pwNov
 26.0000    3    2.000   1.0000         rwNov
 28.0000    1    2.000   1.0000         rwRep
 30.0000    3    2.000   1.0000         rwNov
 32.0000    0    2.000   1.0000          NULL 
 34.0000    4    2.000   1.0000         pwRep
 36.0000    5    2.000   1.0000         pwOrt
 38.0000    1    2.000   1.0000         rwRep
 40.0000    6    2.000   1.0000         pwNov
 42.0000    3    2.000   1.0000         rwNov
 44.0000    0    2.000   1.0000          NULL 
 46.0000    1    2.000   1.0000         rwRep
 48.0000    5    2.000   1.0000         pwOrt
 50.0000    2    2.000   1.0000         rwOrt
 52.0000    5    2.000   1.0000         pwOrt
 54.0000    6    2.000   1.0000         pwNov
 56.0000    1    2.000   1.0000         rwRep
 58.0000    5    2.000   1.0000         pwOrt
 60.0000    0    2.000   1.0000          NULL 
 62.0000    3    2.000   1.0000         rwNov
 64.0000    1    2.000   1.0000         rwRep
 66.0000    2    2.000   1.0000         rwOrt
 68.0000    1    2.000   1.0000         rwRep
 70.0000    3    2.000   1.0000         rwNov
 72.0000    1    2.000   1.0000         rwRep
 74.0000    6    2.000   1.0000         pwNov
 76.0000    6    2.000   1.0000         pwNov
 78.0000    1    2.000   1.0000         rwRep
 80.0000    3    2.000   1.0000         rwNov
 82.0000    2    2.000   1.0000         rwOrt
 84.0000    5    2.000   1.0000         pwOrt
 86.0000    0    6.000   1.0000          NULL 
 92.0000    5    2.000   1.0000         pwOrt
 94.0000    6    2.000   1.0000         pwNov
 96.0000    0    2.000   1.0000          NULL 
 98.0000    2    2.000   1.0000         rwOrt
100.0000    6    2.000   1.0000         pwNov
102.0000    4    2.000   1.0000         pwRep
104.0000    1    2.000   1.0000         rwRep
106.0000    4    2.000   1.0000         pwRep
108.0000    0    6.000   1.0000          NULL 
114.0000    3    2.000   1.0000         rwNov
116.0000    5    2.000   1.0000         pwOrt
118.0000    1    2.000   1.0000         rwRep
120.0000    0    2.000   1.0000          NULL 
122.0000    2    2.000   1.0000         rwOrt
124.0000    3    2.000   1.0000         rwNov
126.0000    5    2.000   1.0000         pwOrt
128.0000    0    2.000   1.0000          NULL 
130.0000    2    2.000   1.0000         rwOrt
132.0000    0    2.000   1.0000          NULL 
134.0000    4    2.000   1.0000         pwRep
136.0000    2    2.000   1.0000         rwOrt
138.0000    6    2.000   1.0000         pwNov
140.0000    4    2.000   1.0000         pwRep
142.0000    0    2.000   1.0000          NULL 
144.0000    3    2.000   1.0000         rwNov
146.0000    3    2.000   1.0000         rwNov
148.0000    0    2.000   1.0000          NULL 
150.0000    3    2.000   1.0000         rwNov
152.0000    0    2.000   1.0000          NULL 
154.0000    4    2.000   1.0000         pwRep
156.0000    0    6.000   1.0000          NULL 
162.0000    4    2.000   1.0000         pwRep
164.0000    6    2.000   1.0000         pwNov
166.0000    4    2.000   1.0000         pwRep
168.0000    6    2.000   1.0000         pwNov
170.0000    0    2.000   1.0000          NULL 
172.0000    4    2.000   1.0000         pwRep
174.0000    0    2.000   1.0000          NULL 
176.0000    5    2.000   1.0000         pwOrt
178.0000    0   10.000   1.0000          NULL 
188.0000    6    2.000   1.0000         pwNov
190.0000    2    2.000   1.0000         rwOrt
192.0000    0    2.000   1.0000          NULL 
194.0000    5    2.000   1.0000         pwOrt
196.0000    5    2.000   1.0000         pwOrt
198.0000    1    2.000   1.0000         rwRep
200.0000    4    2.000   1.0000         pwRep
202.0000    5    2.000   1.0000         pwOrt
204.0000    5    2.000   1.0000         pwOrt
206.0000    0    2.000   1.0000          NULL 
208.0000    5    2.000   1.0000         pwOrt
210.0000    2    2.000   1.0000         rwOrt
212.0000    2    2.000   1.0000         rwOrt
214.0000    1    2.000   1.0000         rwRep
216.0000    0    2.000   1.0000          NULL 
218.0000    3    2.000   1.0000         rwNov
220.0000    4    2.000   1.0000         pwRep
222.0000    0    6.000   1.0000          NULL 
228.0000    2    2.000   1.0000         rwOrt
230.0000    0    4.000   1.0000          NULL 
234.0000    4    2.000   1.0000         pwRep
236.0000    0    2.000   1.0000          NULL 
238.0000    2    2.000   1.0000         rwOrt
240.0000    0    4.000   1.0000          NULL 
244.0000    6    2.000   1.0000         pwNov
246.0000    0    2.000   1.0000          NULL 
248.0000    4    2.000   1.0000         pwRep
250.0000    0    2.000   1.0000          NULL 
252.0000    4    2.000   1.0000         pwRep
254.0000    0    2.000   1.0000          NULL 
256.0000    6    2.000   1.0000         pwNov
258.0000    5    2.000   1.0000         pwOrt
260.0000    0    2.000   1.0000          NULL 
262.0000    1    2.000   1.0000         rwRep
264.0000    0    2.000   1.0000          NULL 
266.0000    4    2.000   1.0000         pwRep
268.0000    0    2.000   1.0000          NULL 
270.0000    3    2.000   1.0000         rwNov
272.0000    6    2.000   1.0000         pwNov
274.0000    1    2.000   1.0000         rwRep
276.0000    0    8.000   1.0000          NULL 
284.0000    1    2.000   1.0000         rwRep
286.0000    0    2.000   1.0000          NULL 
288.0000    5    2.000   1.0000         pwOrt
290.0000    5    2.000   1.0000         pwOrt
292.0000    1    2.000   1.0000         rwRep
294.0000    3    2.000   1.0000         rwNov
296.0000    6    2.000   1.0000         pwNov
298.0000    0    4.000   1.0000          NULL 
302.0000    4    2.000   1.0000         pwRep
304.0000    4    2.000   1.0000         pwRep
306.0000    5    2.000   1.0000         pwOrt
308.0000    0    4.000   1.0000          NULL 
312.0000    2    2.000   1.0000         rwOrt
314.0000    6    2.000   1.0000         pwNov
316.0000    2    2.000   1.0000         rwOrt
318.0000    3    2.000   1.0000         rwNov
320.0000    2    2.000   1.0000         rwOrt
322.0000    0    2.000   1.0000          NULL 
324.0000    1    2.000   1.0000         rwRep
326.0000    6    2.000   1.0000         pwNov
328.0000    0    2.000   1.0000          NULL 
330.0000    6    2.000   1.0000         pwNov
332.0000    5    2.000   1.0000         pwOrt
334.0000    5    2.000   1.0000         pwOrt
336.0000    3    2.000   1.0000         rwNov
338.0000    4    2.000   1.0000         pwRep
340.0000    3    2.000   1.0000         rwNov
342.0000    2    2.000   1.0000         rwOrt
344.0000    3    2.000   1.0000         rwNov
346.0000    0    2.000   1.0000          NULL 
348.0000    1    2.000   1.0000         rwRep
350.0000    4    2.000   1.0000         pwRep
352.0000    0    2.000   1.0000          NULL 
354.0000    2    2.000   1.0000         rwOrt
356.0000    0    2.000   1.0000          NULL 
358.0000    2    2.000   1.0000         rwOrt
