  0.0000    3    2.000   1.0000         rwNov
  2.0000    1    2.000   1.0000         rwRep
  4.0000    5    2.000   1.0000         pwOrt
  6.0000    6    2.000   1.0000         pwNov
  8.0000    5    2.000   1.0000         pwOrt
 10.0000    3    2.000   1.0000         rwNov
 12.0000    0    2.000   1.0000          NULL 
 14.0000    4    2.000   1.0000         pwRep
 16.0000    0    2.000   1.0000          NULL 
 18.0000    5    2.000   1.0000         pwOrt
 20.0000    1    2.000   1.0000         rwRep
 22.0000    1    2.000   1.0000         rwRep
 24.0000    6    2.000   1.0000         pwNov
 26.0000    5    2.000   1.0000         pwOrt
 28.0000    2    2.000   1.0000         rwOrt
 30.0000    1    2.000   1.0000         rwRep
 32.0000    0    4.000   1.0000          NULL 
 36.0000    3    2.000   1.0000         rwNov
 38.0000    2    2.000   1.0000         rwOrt
 40.0000    1    2.000   1.0000         rwRep
 42.0000    0    2.000   1.0000          NULL 
 44.0000    4    2.000   1.0000         pwRep
 46.0000    5    2.000   1.0000         pwOrt
 48.0000    0    2.000   1.0000          NULL 
 50.0000    3    2.000   1.0000         rwNov
 52.0000    2    2.000   1.0000         rwOrt
 54.0000    2    2.000   1.0000         rwOrt
 56.0000    6    2.000   1.0000         pwNov
 58.0000    4    2.000   1.0000         pwRep
 60.0000    4    2.000   1.0000         pwRep
 62.0000    0    4.000   1.0000          NULL 
 66.0000    4    2.000   1.0000         pwRep
 68.0000    2    2.000   1.0000         rwOrt
 70.0000    0    2.000   1.0000          NULL 
 72.0000    5    2.000   1.0000         pwOrt
 74.0000    0    4.000   1.0000          NULL 
 78.0000    6    2.000   1.0000         pwNov
 80.0000    0    4.000   1.0000          NULL 
 84.0000    5    2.000   1.0000         pwOrt
 86.0000    2    2.000   1.0000         rwOrt
 88.0000    5    2.000   1.0000         pwOrt
 90.0000    6    2.000   1.0000         pwNov
 92.0000    4    2.000   1.0000         pwRep
 94.0000    3    2.000   1.0000         rwNov
 96.0000    4    2.000   1.0000         pwRep
 98.0000    0    2.000   1.0000          NULL 
100.0000    2    2.000   1.0000         rwOrt
102.0000    0    2.000   1.0000          NULL 
104.0000    2    2.000   1.0000         rwOrt
106.0000    3    2.000   1.0000         rwNov
108.0000    3    2.000   1.0000         rwNov
110.0000    0    2.000   1.0000          NULL 
112.0000    3    2.000   1.0000         rwNov
114.0000    5    2.000   1.0000         pwOrt
116.0000    0    2.000   1.0000          NULL 
118.0000    3    2.000   1.0000         rwNov
120.0000    4    2.000   1.0000         pwRep
122.0000    0    4.000   1.0000          NULL 
126.0000    1    2.000   1.0000         rwRep
128.0000    4    2.000   1.0000         pwRep
130.0000    1    2.000   1.0000         rwRep
132.0000    0    2.000   1.0000          NULL 
134.0000    2    2.000   1.0000         rwOrt
136.0000    0    6.000   1.0000          NULL 
142.0000    6    2.000   1.0000         pwNov
144.0000    6    2.000   1.0000         pwNov
146.0000    0    4.000   1.0000          NULL 
150.0000    1    2.000   1.0000         rwRep
152.0000    3    2.000   1.0000         rwNov
154.0000    4    2.000   1.0000         pwRep
156.0000    1    2.000   1.0000         rwRep
158.0000    1    2.000   1.0000         rwRep
160.0000    0    2.000   1.0000          NULL 
162.0000    1    2.000   1.0000         rwRep
164.0000    0    2.000   1.0000          NULL 
166.0000    6    2.000   1.0000         pwNov
168.0000    0    2.000   1.0000          NULL 
170.0000    3    2.000   1.0000         rwNov
172.0000    6    2.000   1.0000         pwNov
174.0000    5    2.000   1.0000         pwOrt
176.0000    4    2.000   1.0000         pwRep
178.0000    2    2.000   1.0000         rwOrt
180.0000    0    2.000   1.0000          NULL 
182.0000    3    2.000   1.0000         rwNov
184.0000    2    2.000   1.0000         rwOrt
186.0000    0    2.000   1.0000          NULL 
188.0000    5    2.000   1.0000         pwOrt
190.0000    4    2.000   1.0000         pwRep
192.0000    6    2.000   1.0000         pwNov
194.0000    1    2.000   1.0000         rwRep
196.0000    5    2.000   1.0000         pwOrt
198.0000    3    2.000   1.0000         rwNov
200.0000    3    2.000   1.0000         rwNov
202.0000    0    4.000   1.0000          NULL 
206.0000    5    2.000   1.0000         pwOrt
208.0000    5    2.000   1.0000         pwOrt
210.0000    2    2.000   1.0000         rwOrt
212.0000    0    2.000   1.0000          NULL 
214.0000    1    2.000   1.0000         rwRep
216.0000    0    2.000   1.0000          NULL 
218.0000    1    2.000   1.0000         rwRep
220.0000    3    2.000   1.0000         rwNov
222.0000    0    8.000   1.0000          NULL 
230.0000    4    2.000   1.0000         pwRep
232.0000    6    2.000   1.0000         pwNov
234.0000    3    2.000   1.0000         rwNov
236.0000    1    2.000   1.0000         rwRep
238.0000    0    2.000   1.0000          NULL 
240.0000    1    2.000   1.0000         rwRep
242.0000    6    2.000   1.0000         pwNov
244.0000    6    2.000   1.0000         pwNov
246.0000    2    2.000   1.0000         rwOrt
248.0000    0    2.000   1.0000          NULL 
250.0000    5    2.000   1.0000         pwOrt
252.0000    5    2.000   1.0000         pwOrt
254.0000    5    2.000   1.0000         pwOrt
256.0000    0    4.000   1.0000          NULL 
260.0000    6    2.000   1.0000         pwNov
262.0000    2    2.000   1.0000         rwOrt
264.0000    4    2.000   1.0000         pwRep
266.0000    0    2.000   1.0000          NULL 
268.0000    6    2.000   1.0000         pwNov
270.0000    0    2.000   1.0000          NULL 
272.0000    4    2.000   1.0000         pwRep
274.0000    4    2.000   1.0000         pwRep
276.0000    6    2.000   1.0000         pwNov
278.0000    0    2.000   1.0000          NULL 
280.0000    1    2.000   1.0000         rwRep
282.0000    6    2.000   1.0000         pwNov
284.0000    4    2.000   1.0000         pwRep
286.0000    2    2.000   1.0000         rwOrt
288.0000    6    2.000   1.0000         pwNov
290.0000    3    2.000   1.0000         rwNov
292.0000    0    2.000   1.0000          NULL 
294.0000    2    2.000   1.0000         rwOrt
296.0000    0    4.000   1.0000          NULL 
300.0000    3    2.000   1.0000         rwNov
302.0000    0    4.000   1.0000          NULL 
306.0000    4    2.000   1.0000         pwRep
308.0000    1    2.000   1.0000         rwRep
310.0000    1    2.000   1.0000         rwRep
312.0000    4    2.000   1.0000         pwRep
314.0000    2    2.000   1.0000         rwOrt
316.0000    4    2.000   1.0000         pwRep
318.0000    2    2.000   1.0000         rwOrt
320.0000    2    2.000   1.0000         rwOrt
322.0000    0    2.000   1.0000          NULL 
324.0000    2    2.000   1.0000         rwOrt
326.0000    6    2.000   1.0000         pwNov
328.0000    0    2.000   1.0000          NULL 
330.0000    3    2.000   1.0000         rwNov
332.0000    0    2.000   1.0000          NULL 
334.0000    5    2.000   1.0000         pwOrt
336.0000    6    2.000   1.0000         pwNov
338.0000    0    2.000   1.0000          NULL 
340.0000    5    2.000   1.0000         pwOrt
342.0000    0    2.000   1.0000          NULL 
344.0000    1    2.000   1.0000         rwRep
346.0000    0    8.000   1.0000          NULL 
354.0000    5    2.000   1.0000         pwOrt
356.0000    0    2.000   1.0000          NULL 
358.0000    3    2.000   1.0000         rwNov
