  0.0000    4    2.000   1.0000         pwRep
  2.0000    0    2.000   1.0000          NULL 
  4.0000    5    2.000   1.0000         pwOrt
  6.0000    0    2.000   1.0000          NULL 
  8.0000    2    2.000   1.0000         rwOrt
 10.0000    1    2.000   1.0000         rwRep
 12.0000    0    2.000   1.0000          NULL 
 14.0000    4    2.000   1.0000         pwRep
 16.0000    0    4.000   1.0000          NULL 
 20.0000    5    2.000   1.0000         pwOrt
 22.0000    5    2.000   1.0000         pwOrt
 24.0000    0    2.000   1.0000          NULL 
 26.0000    2    2.000   1.0000         rwOrt
 28.0000    0    2.000   1.0000          NULL 
 30.0000    1    2.000   1.0000         rwRep
 32.0000    6    2.000   1.0000         pwNov
 34.0000    6    2.000   1.0000         pwNov
 36.0000    0    2.000   1.0000          NULL 
 38.0000    3    2.000   1.0000         rwNov
 40.0000    3    2.000   1.0000         rwNov
 42.0000    6    2.000   1.0000         pwNov
 44.0000    5    2.000   1.0000         pwOrt
 46.0000    0    2.000   1.0000          NULL 
 48.0000    4    2.000   1.0000         pwRep
 50.0000    6    2.000   1.0000         pwNov
 52.0000    2    2.000   1.0000         rwOrt
 54.0000    4    2.000   1.0000         pwRep
 56.0000    2    2.000   1.0000         rwOrt
 58.0000    4    2.000   1.0000         pwRep
 60.0000    6    2.000   1.0000         pwNov
 62.0000    1    2.000   1.0000         rwRep
 64.0000    0    2.000   1.0000          NULL 
 66.0000    1    2.000   1.0000         rwRep
 68.0000    4    2.000   1.0000         pwRep
 70.0000    1    2.000   1.0000         rwRep
 72.0000    3    2.000   1.0000         rwNov
 74.0000    3    2.000   1.0000         rwNov
 76.0000    1    2.000   1.0000         rwRep
 78.0000    0    4.000   1.0000          NULL 
 82.0000    6    2.000   1.0000         pwNov
 84.0000    1    2.000   1.0000         rwRep
 86.0000    2    2.000   1.0000         rwOrt
 88.0000    0    2.000   1.0000          NULL 
 90.0000    1    2.000   1.0000         rwRep
 92.0000    3    2.000   1.0000         rwNov
 94.0000    0    2.000   1.0000          NULL 
 96.0000    6    2.000   1.0000         pwNov
 98.0000    1    2.000   1.0000         rwRep
100.0000    0    2.000   1.0000          NULL 
102.0000    1    2.000   1.0000         rwRep
104.0000    2    2.000   1.0000         rwOrt
106.0000    6    2.000   1.0000         pwNov
108.0000    4    2.000   1.0000         pwRep
110.0000    5    2.000   1.0000         pwOrt
112.0000    3    2.000   1.0000         rwNov
114.0000    0    2.000   1.0000          NULL 
116.0000    3    2.000   1.0000         rwNov
118.0000    0    2.000   1.0000          NULL 
120.0000    3    2.000   1.0000         rwNov
122.0000    0    2.000   1.0000          NULL 
124.0000    5    2.000   1.0000         pwOrt
126.0000    0    2.000   1.0000          NULL 
128.0000    6    2.000   1.0000         pwNov
130.0000    5    2.000   1.0000         pwOrt
132.0000    3    2.000   1.0000         rwNov
134.0000    6    2.000   1.0000         pwNov
136.0000    4    2.000   1.0000         pwRep
138.0000    4    2.000   1.0000         pwRep
140.0000    5    2.000   1.0000         pwOrt
142.0000    2    2.000   1.0000         rwOrt
144.0000    0    2.000   1.0000          NULL 
146.0000    6    2.000   1.0000         pwNov
148.0000    0    4.000   1.0000          NULL 
152.0000    3    2.000   1.0000         rwNov
154.0000    4    2.000   1.0000         pwRep
156.0000    0    2.000   1.0000          NULL 
158.0000    4    2.000   1.0000         pwRep
160.0000    6    2.000   1.0000         pwNov
162.0000    1    2.000   1.0000         rwRep
164.0000    5    2.000   1.0000         pwOrt
166.0000    0    2.000   1.0000          NULL 
168.0000    5    2.000   1.0000         pwOrt
170.0000    0    2.000   1.0000          NULL 
172.0000    6    2.000   1.0000         pwNov
174.0000    6    2.000   1.0000         pwNov
176.0000    2    2.000   1.0000         rwOrt
178.0000    0    2.000   1.0000          NULL 
180.0000    5    2.000   1.0000         pwOrt
182.0000    0    2.000   1.0000          NULL 
184.0000    3    2.000   1.0000         rwNov
186.0000    6    2.000   1.0000         pwNov
188.0000    0    6.000   1.0000          NULL 
194.0000    2    2.000   1.0000         rwOrt
196.0000    0    4.000   1.0000          NULL 
200.0000    1    2.000   1.0000         rwRep
202.0000    5    2.000   1.0000         pwOrt
204.0000    0    2.000   1.0000          NULL 
206.0000    1    2.000   1.0000         rwRep
208.0000    3    2.000   1.0000         rwNov
210.0000    0    2.000   1.0000          NULL 
212.0000    1    2.000   1.0000         rwRep
214.0000    0    2.000   1.0000          NULL 
216.0000    4    2.000   1.0000         pwRep
218.0000    5    2.000   1.0000         pwOrt
220.0000    4    2.000   1.0000         pwRep
222.0000    0    8.000   1.0000          NULL 
230.0000    4    2.000   1.0000         pwRep
232.0000    2    2.000   1.0000         rwOrt
234.0000    3    2.000   1.0000         rwNov
236.0000    2    2.000   1.0000         rwOrt
238.0000    0    4.000   1.0000          NULL 
242.0000    2    2.000   1.0000         rwOrt
244.0000    0    2.000   1.0000          NULL 
246.0000    6    2.000   1.0000         pwNov
248.0000    3    2.000   1.0000         rwNov
250.0000    0    4.000   1.0000          NULL 
254.0000    4    2.000   1.0000         pwRep
256.0000    3    2.000   1.0000         rwNov
258.0000    1    2.000   1.0000         rwRep
260.0000    4    2.000   1.0000         pwRep
262.0000    5    2.000   1.0000         pwOrt
264.0000    2    2.000   1.0000         rwOrt
266.0000    5    2.000   1.0000         pwOrt
268.0000    0    4.000   1.0000          NULL 
272.0000    1    2.000   1.0000         rwRep
274.0000    0    8.000   1.0000          NULL 
282.0000    2    2.000   1.0000         rwOrt
284.0000    3    2.000   1.0000         rwNov
286.0000    3    2.000   1.0000         rwNov
288.0000    6    2.000   1.0000         pwNov
290.0000    3    2.000   1.0000         rwNov
292.0000    5    2.000   1.0000         pwOrt
294.0000    4    2.000   1.0000         pwRep
296.0000    0    2.000   1.0000          NULL 
298.0000    2    2.000   1.0000         rwOrt
300.0000    0    2.000   1.0000          NULL 
302.0000    5    2.000   1.0000         pwOrt
304.0000    2    2.000   1.0000         rwOrt
306.0000    2    2.000   1.0000         rwOrt
308.0000    1    2.000   1.0000         rwRep
310.0000    0    4.000   1.0000          NULL 
314.0000    3    2.000   1.0000         rwNov
316.0000    0    2.000   1.0000          NULL 
318.0000    6    2.000   1.0000         pwNov
320.0000    4    2.000   1.0000         pwRep
322.0000    6    2.000   1.0000         pwNov
324.0000    6    2.000   1.0000         pwNov
326.0000    1    2.000   1.0000         rwRep
328.0000    3    2.000   1.0000         rwNov
330.0000    0    2.000   1.0000          NULL 
332.0000    1    2.000   1.0000         rwRep
334.0000    5    2.000   1.0000         pwOrt
336.0000    4    2.000   1.0000         pwRep
338.0000    1    2.000   1.0000         rwRep
340.0000    5    2.000   1.0000         pwOrt
342.0000    0    2.000   1.0000          NULL 
344.0000    2    2.000   1.0000         rwOrt
346.0000    5    2.000   1.0000         pwOrt
348.0000    4    2.000   1.0000         pwRep
350.0000    0    4.000   1.0000          NULL 
354.0000    2    2.000   1.0000         rwOrt
356.0000    2    2.000   1.0000         rwOrt
358.0000    0    2.000   1.0000          NULL 
