  0.0000    2    2.000   1.0000         rwOrt
  2.0000    6    2.000   1.0000         pwNov
  4.0000    2    2.000   1.0000         rwOrt
  6.0000    0    2.000   1.0000          NULL 
  8.0000    1    2.000   1.0000         rwRep
 10.0000    0    2.000   1.0000          NULL 
 12.0000    4    2.000   1.0000         pwRep
 14.0000    4    2.000   1.0000         pwRep
 16.0000    4    2.000   1.0000         pwRep
 18.0000    4    2.000   1.0000         pwRep
 20.0000    1    2.000   1.0000         rwRep
 22.0000    0    4.000   1.0000          NULL 
 26.0000    6    2.000   1.0000         pwNov
 28.0000    2    2.000   1.0000         rwOrt
 30.0000    5    2.000   1.0000         pwOrt
 32.0000    0    2.000   1.0000          NULL 
 34.0000    1    2.000   1.0000         rwRep
 36.0000    2    2.000   1.0000         rwOrt
 38.0000    2    2.000   1.0000         rwOrt
 40.0000    4    2.000   1.0000         pwRep
 42.0000    0    2.000   1.0000          NULL 
 44.0000    6    2.000   1.0000         pwNov
 46.0000    5    2.000   1.0000         pwOrt
 48.0000    2    2.000   1.0000         rwOrt
 50.0000    0    2.000   1.0000          NULL 
 52.0000    6    2.000   1.0000         pwNov
 54.0000    4    2.000   1.0000         pwRep
 56.0000    2    2.000   1.0000         rwOrt
 58.0000    0    4.000   1.0000          NULL 
 62.0000    5    2.000   1.0000         pwOrt
 64.0000    3    2.000   1.0000         rwNov
 66.0000    3    2.000   1.0000         rwNov
 68.0000    1    2.000   1.0000         rwRep
 70.0000    0    2.000   1.0000          NULL 
 72.0000    2    2.000   1.0000         rwOrt
 74.0000    1    2.000   1.0000         rwRep
 76.0000    1    2.000   1.0000         rwRep
 78.0000    6    2.000   1.0000         pwNov
 80.0000    5    2.000   1.0000         pwOrt
 82.0000    0    4.000   1.0000          NULL 
 86.0000    4    2.000   1.0000         pwRep
 88.0000    0    2.000   1.0000          NULL 
 90.0000    2    2.000   1.0000         rwOrt
 92.0000    0    2.000   1.0000          NULL 
 94.0000    5    2.000   1.0000         pwOrt
 96.0000    6    2.000   1.0000         pwNov
 98.0000    0    2.000   1.0000          NULL 
100.0000    2    2.000   1.0000         rwOrt
102.0000    0    6.000   1.0000          NULL 
108.0000    1    2.000   1.0000         rwRep
110.0000    2    2.000   1.0000         rwOrt
112.0000    3    2.000   1.0000         rwNov
114.0000    3    2.000   1.0000         rwNov
116.0000    3    2.000   1.0000         rwNov
118.0000    1    2.000   1.0000         rwRep
120.0000    0    4.000   1.0000          NULL 
124.0000    5    2.000   1.0000         pwOrt
126.0000    5    2.000   1.0000         pwOrt
128.0000    3    2.000   1.0000         rwNov
130.0000    2    2.000   1.0000         rwOrt
132.0000    6    2.000   1.0000         pwNov
134.0000    0    2.000   1.0000          NULL 
136.0000    5    2.000   1.0000         pwOrt
138.0000    0    2.000   1.0000          NULL 
140.0000    3    2.000   1.0000         rwNov
142.0000    6    2.000   1.0000         pwNov
144.0000    1    2.000   1.0000         rwRep
146.0000    2    2.000   1.0000         rwOrt
148.0000    0    6.000   1.0000          NULL 
154.0000    3    2.000   1.0000         rwNov
156.0000    2    2.000   1.0000         rwOrt
158.0000    2    2.000   1.0000         rwOrt
160.0000    0    4.000   1.0000          NULL 
164.0000    2    2.000   1.0000         rwOrt
166.0000    0    2.000   1.0000          NULL 
168.0000    3    2.000   1.0000         rwNov
170.0000    4    2.000   1.0000         pwRep
172.0000    5    2.000   1.0000         pwOrt
174.0000    0    4.000   1.0000          NULL 
178.0000    3    2.000   1.0000         rwNov
180.0000    0    2.000   1.0000          NULL 
182.0000    2    2.000   1.0000         rwOrt
184.0000    0    2.000   1.0000          NULL 
186.0000    3    2.000   1.0000         rwNov
188.0000    5    2.000   1.0000         pwOrt
190.0000    2    2.000   1.0000         rwOrt
192.0000    0    2.000   1.0000          NULL 
194.0000    6    2.000   1.0000         pwNov
196.0000    1    2.000   1.0000         rwRep
198.0000    4    2.000   1.0000         pwRep
200.0000    0    2.000   1.0000          NULL 
202.0000    2    2.000   1.0000         rwOrt
204.0000    0    4.000   1.0000          NULL 
208.0000    5    2.000   1.0000         pwOrt
210.0000    0    4.000   1.0000          NULL 
214.0000    3    2.000   1.0000         rwNov
216.0000    5    2.000   1.0000         pwOrt
218.0000    1    2.000   1.0000         rwRep
220.0000    5    2.000   1.0000         pwOrt
222.0000    5    2.000   1.0000         pwOrt
224.0000    4    2.000   1.0000         pwRep
226.0000    3    2.000   1.0000         rwNov
228.0000    0    4.000   1.0000          NULL 
232.0000    5    2.000   1.0000         pwOrt
234.0000    0    2.000   1.0000          NULL 
236.0000    4    2.000   1.0000         pwRep
238.0000    1    2.000   1.0000         rwRep
240.0000    6    2.000   1.0000         pwNov
242.0000    0    4.000   1.0000          NULL 
246.0000    2    2.000   1.0000         rwOrt
248.0000    1    2.000   1.0000         rwRep
250.0000    0    2.000   1.0000          NULL 
252.0000    4    2.000   1.0000         pwRep
254.0000    1    2.000   1.0000         rwRep
256.0000    6    2.000   1.0000         pwNov
258.0000    6    2.000   1.0000         pwNov
260.0000    0    2.000   1.0000          NULL 
262.0000    4    2.000   1.0000         pwRep
264.0000    0    2.000   1.0000          NULL 
266.0000    5    2.000   1.0000         pwOrt
268.0000    3    2.000   1.0000         rwNov
270.0000    4    2.000   1.0000         pwRep
272.0000    1    2.000   1.0000         rwRep
274.0000    4    2.000   1.0000         pwRep
276.0000    0    4.000   1.0000          NULL 
280.0000    1    2.000   1.0000         rwRep
282.0000    4    2.000   1.0000         pwRep
284.0000    0    2.000   1.0000          NULL 
286.0000    4    2.000   1.0000         pwRep
288.0000    0    2.000   1.0000          NULL 
290.0000    6    2.000   1.0000         pwNov
292.0000    3    2.000   1.0000         rwNov
294.0000    6    2.000   1.0000         pwNov
296.0000    0    4.000   1.0000          NULL 
300.0000    6    2.000   1.0000         pwNov
302.0000    6    2.000   1.0000         pwNov
304.0000    0    2.000   1.0000          NULL 
306.0000    6    2.000   1.0000         pwNov
308.0000    4    2.000   1.0000         pwRep
310.0000    5    2.000   1.0000         pwOrt
312.0000    4    2.000   1.0000         pwRep
314.0000    3    2.000   1.0000         rwNov
316.0000    1    2.000   1.0000         rwRep
318.0000    5    2.000   1.0000         pwOrt
320.0000    1    2.000   1.0000         rwRep
322.0000    6    2.000   1.0000         pwNov
324.0000    0    2.000   1.0000          NULL 
326.0000    3    2.000   1.0000         rwNov
328.0000    3    2.000   1.0000         rwNov
330.0000    0    2.000   1.0000          NULL 
332.0000    6    2.000   1.0000         pwNov
334.0000    0    2.000   1.0000          NULL 
336.0000    6    2.000   1.0000         pwNov
338.0000    0    2.000   1.0000          NULL 
340.0000    1    2.000   1.0000         rwRep
342.0000    3    2.000   1.0000         rwNov
344.0000    0    2.000   1.0000          NULL 
346.0000    1    2.000   1.0000         rwRep
348.0000    0    2.000   1.0000          NULL 
350.0000    5    2.000   1.0000         pwOrt
352.0000    4    2.000   1.0000         pwRep
354.0000    5    2.000   1.0000         pwOrt
356.0000    3    2.000   1.0000         rwNov
358.0000    0    2.000   1.0000          NULL 
