  0.0000    1    2.000   1.0000         rwRep
  2.0000    3    2.000   1.0000         rwNov
  4.0000    2    2.000   1.0000         rwOrt
  6.0000    3    2.000   1.0000         rwNov
  8.0000    4    2.000   1.0000         pwRep
 10.0000    5    2.000   1.0000         pwOrt
 12.0000    3    2.000   1.0000         rwNov
 14.0000    6    2.000   1.0000         pwNov
 16.0000    4    2.000   1.0000         pwRep
 18.0000    2    2.000   1.0000         rwOrt
 20.0000    1    2.000   1.0000         rwRep
 22.0000    0    2.000   1.0000          NULL 
 24.0000    2    2.000   1.0000         rwOrt
 26.0000    2    2.000   1.0000         rwOrt
 28.0000    6    2.000   1.0000         pwNov
 30.0000    3    2.000   1.0000         rwNov
 32.0000    0    4.000   1.0000          NULL 
 36.0000    2    2.000   1.0000         rwOrt
 38.0000    4    2.000   1.0000         pwRep
 40.0000    0    4.000   1.0000          NULL 
 44.0000    4    2.000   1.0000         pwRep
 46.0000    0    2.000   1.0000          NULL 
 48.0000    6    2.000   1.0000         pwNov
 50.0000    2    2.000   1.0000         rwOrt
 52.0000    6    2.000   1.0000         pwNov
 54.0000    6    2.000   1.0000         pwNov
 56.0000    3    2.000   1.0000         rwNov
 58.0000    6    2.000   1.0000         pwNov
 60.0000    5    2.000   1.0000         pwOrt
 62.0000    0    2.000   1.0000          NULL 
 64.0000    1    2.000   1.0000         rwRep
 66.0000    5    2.000   1.0000         pwOrt
 68.0000    0    2.000   1.0000          NULL 
 70.0000    2    2.000   1.0000         rwOrt
 72.0000    0    4.000   1.0000          NULL 
 76.0000    5    2.000   1.0000         pwOrt
 78.0000    5    2.000   1.0000         pwOrt
 80.0000    1    2.000   1.0000         rwRep
 82.0000    2    2.000   1.0000         rwOrt
 84.0000    0    2.000   1.0000          NULL 
 86.0000    5    2.000   1.0000         pwOrt
 88.0000    0    2.000   1.0000          NULL 
 90.0000    5    2.000   1.0000         pwOrt
 92.0000    5    2.000   1.0000         pwOrt
 94.0000    0    2.000   1.0000          NULL 
 96.0000    4    2.000   1.0000         pwRep
 98.0000    4    2.000   1.0000         pwRep
100.0000    2    2.000   1.0000         rwOrt
102.0000    0    2.000   1.0000          NULL 
104.0000    1    2.000   1.0000         rwRep
106.0000    3    2.000   1.0000         rwNov
108.0000    0    6.000   1.0000          NULL 
114.0000    3    2.000   1.0000         rwNov
116.0000    0    4.000   1.0000          NULL 
120.0000    3    2.000   1.0000         rwNov
122.0000    2    2.000   1.0000         rwOrt
124.0000    4    2.000   1.0000         pwRep
126.0000    0    2.000   1.0000          NULL 
128.0000    2    2.000   1.0000         rwOrt
130.0000    5    2.000   1.0000         pwOrt
132.0000    0    4.000   1.0000          NULL 
136.0000    4    2.000   1.0000         pwRep
138.0000    0    2.000   1.0000          NULL 
140.0000    1    2.000   1.0000         rwRep
142.0000    1    2.000   1.0000         rwRep
144.0000    4    2.000   1.0000         pwRep
146.0000    5    2.000   1.0000         pwOrt
148.0000    0    2.000   1.0000          NULL 
150.0000    5    2.000   1.0000         pwOrt
152.0000    6    2.000   1.0000         pwNov
154.0000    6    2.000   1.0000         pwNov
156.0000    2    2.000   1.0000         rwOrt
158.0000    3    2.000   1.0000         rwNov
160.0000    2    2.000   1.0000         rwOrt
162.0000    4    2.000   1.0000         pwRep
164.0000    1    2.000   1.0000         rwRep
166.0000    0    2.000   1.0000          NULL 
168.0000    6    2.000   1.0000         pwNov
170.0000    0    4.000   1.0000          NULL 
174.0000    3    2.000   1.0000         rwNov
176.0000    4    2.000   1.0000         pwRep
178.0000    2    2.000   1.0000         rwOrt
180.0000    0    4.000   1.0000          NULL 
184.0000    1    2.000   1.0000         rwRep
186.0000    4    2.000   1.0000         pwRep
188.0000    5    2.000   1.0000         pwOrt
190.0000    4    2.000   1.0000         pwRep
192.0000    3    2.000   1.0000         rwNov
194.0000    0    4.000   1.0000          NULL 
198.0000    4    2.000   1.0000         pwRep
200.0000    4    2.000   1.0000         pwRep
202.0000    1    2.000   1.0000         rwRep
204.0000    2    2.000   1.0000         rwOrt
206.0000    0    2.000   1.0000          NULL 
208.0000    5    2.000   1.0000         pwOrt
210.0000    4    2.000   1.0000         pwRep
212.0000    4    2.000   1.0000         pwRep
214.0000    1    2.000   1.0000         rwRep
216.0000    2    2.000   1.0000         rwOrt
218.0000    0    2.000   1.0000          NULL 
220.0000    5    2.000   1.0000         pwOrt
222.0000    5    2.000   1.0000         pwOrt
224.0000    0    2.000   1.0000          NULL 
226.0000    5    2.000   1.0000         pwOrt
228.0000    3    2.000   1.0000         rwNov
230.0000    1    2.000   1.0000         rwRep
232.0000    0    2.000   1.0000          NULL 
234.0000    6    2.000   1.0000         pwNov
236.0000    3    2.000   1.0000         rwNov
238.0000    6    2.000   1.0000         pwNov
240.0000    6    2.000   1.0000         pwNov
242.0000    0    2.000   1.0000          NULL 
244.0000    5    2.000   1.0000         pwOrt
246.0000    0    2.000   1.0000          NULL 
248.0000    1    2.000   1.0000         rwRep
250.0000    0    2.000   1.0000          NULL 
252.0000    1    2.000   1.0000         rwRep
254.0000    6    2.000   1.0000         pwNov
256.0000    6    2.000   1.0000         pwNov
258.0000    0    2.000   1.0000          NULL 
260.0000    1    2.000   1.0000         rwRep
262.0000    0    4.000   1.0000          NULL 
266.0000    6    2.000   1.0000         pwNov
268.0000    0   10.000   1.0000          NULL 
278.0000    6    2.000   1.0000         pwNov
280.0000    1    2.000   1.0000         rwRep
282.0000    0    2.000   1.0000          NULL 
284.0000    3    2.000   1.0000         rwNov
286.0000    3    2.000   1.0000         rwNov
288.0000    3    2.000   1.0000         rwNov
290.0000    5    2.000   1.0000         pwOrt
292.0000    0    2.000   1.0000          NULL 
294.0000    3    2.000   1.0000         rwNov
296.0000    1    2.000   1.0000         rwRep
298.0000    6    2.000   1.0000         pwNov
300.0000    3    2.000   1.0000         rwNov
302.0000    0    2.000   1.0000          NULL 
304.0000    6    2.000   1.0000         pwNov
306.0000    1    2.000   1.0000         rwRep
308.0000    2    2.000   1.0000         rwOrt
310.0000    4    2.000   1.0000         pwRep
312.0000    6    2.000   1.0000         pwNov
314.0000    0    2.000   1.0000          NULL 
316.0000    4    2.000   1.0000         pwRep
318.0000    0    2.000   1.0000          NULL 
320.0000    1    2.000   1.0000         rwRep
322.0000    5    2.000   1.0000         pwOrt
324.0000    2    2.000   1.0000         rwOrt
326.0000    0    8.000   1.0000          NULL 
334.0000    6    2.000   1.0000         pwNov
336.0000    1    2.000   1.0000         rwRep
338.0000    3    2.000   1.0000         rwNov
340.0000    2    2.000   1.0000         rwOrt
342.0000    0    6.000   1.0000          NULL 
348.0000    3    2.000   1.0000         rwNov
350.0000    0    2.000   1.0000          NULL 
352.0000    2    2.000   1.0000         rwOrt
354.0000    5    2.000   1.0000         pwOrt
356.0000    0    2.000   1.0000          NULL 
358.0000    4    2.000   1.0000         pwRep
