  0.0000    1    2.000   1.0000         rwRep
  2.0000    1    2.000   1.0000         rwRep
  4.0000    2    2.000   1.0000         rwOrt
  6.0000    4    2.000   1.0000         pwRep
  8.0000    1    2.000   1.0000         rwRep
 10.0000    3    2.000   1.0000         rwNov
 12.0000    6    2.000   1.0000         pwNov
 14.0000    3    2.000   1.0000         rwNov
 16.0000    0    2.000   1.0000          NULL 
 18.0000    1    2.000   1.0000         rwRep
 20.0000    2    2.000   1.0000         rwOrt
 22.0000    0    2.000   1.0000          NULL 
 24.0000    2    2.000   1.0000         rwOrt
 26.0000    0    2.000   1.0000          NULL 
 28.0000    5    2.000   1.0000         pwOrt
 30.0000    6    2.000   1.0000         pwNov
 32.0000    6    2.000   1.0000         pwNov
 34.0000    2    2.000   1.0000         rwOrt
 36.0000    5    2.000   1.0000         pwOrt
 38.0000    2    2.000   1.0000         rwOrt
 40.0000    2    2.000   1.0000         rwOrt
 42.0000    6    2.000   1.0000         pwNov
 44.0000    5    2.000   1.0000         pwOrt
 46.0000    0    2.000   1.0000          NULL 
 48.0000    2    2.000   1.0000         rwOrt
 50.0000    5    2.000   1.0000         pwOrt
 52.0000    0    4.000   1.0000          NULL 
 56.0000    3    2.000   1.0000         rwNov
 58.0000    1    2.000   1.0000         rwRep
 60.0000    3    2.000   1.0000         rwNov
 62.0000    0    2.000   1.0000          NULL 
 64.0000    6    2.000   1.0000         pwNov
 66.0000    1    2.000   1.0000         rwRep
 68.0000    0    2.000   1.0000          NULL 
 70.0000    3    2.000   1.0000         rwNov
 72.0000    6    2.000   1.0000         pwNov
 74.0000    0    2.000   1.0000          NULL 
 76.0000    5    2.000   1.0000         pwOrt
 78.0000    3    2.000   1.0000         rwNov
 80.0000    5    2.000   1.0000         pwOrt
 82.0000    5    2.000   1.0000         pwOrt
 84.0000    6    2.000   1.0000         pwNov
 86.0000    0    2.000   1.0000          NULL 
 88.0000    5    2.000   1.0000         pwOrt
 90.0000    4    2.000   1.0000         pwRep
 92.0000    3    2.000   1.0000         rwNov
 94.0000    3    2.000   1.0000         rwNov
 96.0000    0    2.000   1.0000          NULL 
 98.0000    3    2.000   1.0000         rwNov
100.0000    2    2.000   1.0000         rwOrt
102.0000    5    2.000   1.0000         pwOrt
104.0000    1    2.000   1.0000         rwRep
106.0000    6    2.000   1.0000         pwNov
108.0000    0    4.000   1.0000          NULL 
112.0000    2    2.000   1.0000         rwOrt
114.0000    0    2.000   1.0000          NULL 
116.0000    4    2.000   1.0000         pwRep
118.0000    0    2.000   1.0000          NULL 
120.0000    4    2.000   1.0000         pwRep
122.0000    3    2.000   1.0000         rwNov
124.0000    0    2.000   1.0000          NULL 
126.0000    2    2.000   1.0000         rwOrt
128.0000    3    2.000   1.0000         rwNov
130.0000    0    2.000   1.0000          NULL 
132.0000    1    2.000   1.0000         rwRep
134.0000    0    2.000   1.0000          NULL 
136.0000    6    2.000   1.0000         pwNov
138.0000    2    2.000   1.0000         rwOrt
140.0000    0    4.000   1.0000          NULL 
144.0000    4    2.000   1.0000         pwRep
146.0000    0    6.000   1.0000          NULL 
152.0000    4    2.000   1.0000         pwRep
154.0000    4    2.000   1.0000         pwRep
156.0000    0    2.000   1.0000          NULL 
158.0000    3    2.000   1.0000         rwNov
160.0000    4    2.000   1.0000         pwRep
162.0000    5    2.000   1.0000         pwOrt
164.0000    5    2.000   1.0000         pwOrt
166.0000    4    2.000   1.0000         pwRep
168.0000    1    2.000   1.0000         rwRep
170.0000    0    2.000   1.0000          NULL 
172.0000    1    2.000   1.0000         rwRep
174.0000    6    2.000   1.0000         pwNov
176.0000    1    2.000   1.0000         rwRep
178.0000    6    2.000   1.0000         pwNov
180.0000    5    2.000   1.0000         pwOrt
182.0000    6    2.000   1.0000         pwNov
184.0000    6    2.000   1.0000         pwNov
186.0000    4    2.000   1.0000         pwRep
188.0000    4    2.000   1.0000         pwRep
190.0000    1    2.000   1.0000         rwRep
192.0000    4    2.000   1.0000         pwRep
194.0000    5    2.000   1.0000         pwOrt
196.0000    1    2.000   1.0000         rwRep
198.0000    0    4.000   1.0000          NULL 
202.0000    2    2.000   1.0000         rwOrt
204.0000    0    4.000   1.0000          NULL 
208.0000    4    2.000   1.0000         pwRep
210.0000    0    4.000   1.0000          NULL 
214.0000    6    2.000   1.0000         pwNov
216.0000    4    2.000   1.0000         pwRep
218.0000    6    2.000   1.0000         pwNov
220.0000    5    2.000   1.0000         pwOrt
222.0000    0    8.000   1.0000          NULL 
230.0000    4    2.000   1.0000         pwRep
232.0000    0    2.000   1.0000          NULL 
234.0000    4    2.000   1.0000         pwRep
236.0000    2    2.000   1.0000         rwOrt
238.0000    0    4.000   1.0000          NULL 
242.0000    5    2.000   1.0000         pwOrt
244.0000    0    2.000   1.0000          NULL 
246.0000    3    2.000   1.0000         rwNov
248.0000    6    2.000   1.0000         pwNov
250.0000    0    2.000   1.0000          NULL 
252.0000    6    2.000   1.0000         pwNov
254.0000    0    6.000   1.0000          NULL 
260.0000    2    2.000   1.0000         rwOrt
262.0000    3    2.000   1.0000         rwNov
264.0000    5    2.000   1.0000         pwOrt
266.0000    3    2.000   1.0000         rwNov
268.0000    0    2.000   1.0000          NULL 
270.0000    5    2.000   1.0000         pwOrt
272.0000    0    2.000   1.0000          NULL 
274.0000    1    2.000   1.0000         rwRep
276.0000    0    2.000   1.0000          NULL 
278.0000    1    2.000   1.0000         rwRep
280.0000    5    2.000   1.0000         pwOrt
282.0000    2    2.000   1.0000         rwOrt
284.0000    1    2.000   1.0000         rwRep
286.0000    1    2.000   1.0000         rwRep
288.0000    2    2.000   1.0000         rwOrt
290.0000    6    2.000   1.0000         pwNov
292.0000    0    2.000   1.0000          NULL 
294.0000    1    2.000   1.0000         rwRep
296.0000    0    2.000   1.0000          NULL 
298.0000    1    2.000   1.0000         rwRep
300.0000    0    2.000   1.0000          NULL 
302.0000    6    2.000   1.0000         pwNov
304.0000    0    6.000   1.0000          NULL 
310.0000    5    2.000   1.0000         pwOrt
312.0000    3    2.000   1.0000         rwNov
314.0000    0    2.000   1.0000          NULL 
316.0000    4    2.000   1.0000         pwRep
318.0000    2    2.000   1.0000         rwOrt
320.0000    0    6.000   1.0000          NULL 
326.0000    2    2.000   1.0000         rwOrt
328.0000    2    2.000   1.0000         rwOrt
330.0000    4    2.000   1.0000         pwRep
332.0000    0    2.000   1.0000          NULL 
334.0000    3    2.000   1.0000         rwNov
336.0000    4    2.000   1.0000         pwRep
338.0000    4    2.000   1.0000         pwRep
340.0000    2    2.000   1.0000         rwOrt
342.0000    3    2.000   1.0000         rwNov
344.0000    3    2.000   1.0000         rwNov
346.0000    1    2.000   1.0000         rwRep
348.0000    0    4.000   1.0000          NULL 
352.0000    3    2.000   1.0000         rwNov
354.0000    6    2.000   1.0000         pwNov
356.0000    0    2.000   1.0000          NULL 
358.0000    5    2.000   1.0000         pwOrt
