  0.0000    6    2.000   1.0000         pwNov
  2.0000    3    2.000   1.0000         rwNov
  4.0000    2    2.000   1.0000         rwOrt
  6.0000    0    2.000   1.0000          NULL 
  8.0000    1    2.000   1.0000         rwRep
 10.0000    0    6.000   1.0000          NULL 
 16.0000    2    2.000   1.0000         rwOrt
 18.0000    3    2.000   1.0000         rwNov
 20.0000    6    2.000   1.0000         pwNov
 22.0000    2    2.000   1.0000         rwOrt
 24.0000    0    4.000   1.0000          NULL 
 28.0000    5    2.000   1.0000         pwOrt
 30.0000    1    2.000   1.0000         rwRep
 32.0000    6    2.000   1.0000         pwNov
 34.0000    0    2.000   1.0000          NULL 
 36.0000    6    2.000   1.0000         pwNov
 38.0000    0    2.000   1.0000          NULL 
 40.0000    4    2.000   1.0000         pwRep
 42.0000    5    2.000   1.0000         pwOrt
 44.0000    0    2.000   1.0000          NULL 
 46.0000    4    2.000   1.0000         pwRep
 48.0000    3    2.000   1.0000         rwNov
 50.0000    0    6.000   1.0000          NULL 
 56.0000    4    2.000   1.0000         pwRep
 58.0000    0    2.000   1.0000          NULL 
 60.0000    2    2.000   1.0000         rwOrt
 62.0000    3    2.000   1.0000         rwNov
 64.0000    0    2.000   1.0000          NULL 
 66.0000    6    2.000   1.0000         pwNov
 68.0000    2    2.000   1.0000         rwOrt
 70.0000    0    2.000   1.0000          NULL 
 72.0000    4    2.000   1.0000         pwRep
 74.0000    1    2.000   1.0000         rwRep
 76.0000    5    2.000   1.0000         pwOrt
 78.0000    0    2.000   1.0000          NULL 
 80.0000    1    2.000   1.0000         rwRep
 82.0000    1    2.000   1.0000         rwRep
 84.0000    2    2.000   1.0000         rwOrt
 86.0000    4    2.000   1.0000         pwRep
 88.0000    3    2.000   1.0000         rwNov
 90.0000    0    2.000   1.0000          NULL 
 92.0000    3    2.000   1.0000         rwNov
 94.0000    2    2.000   1.0000         rwOrt
 96.0000    6    2.000   1.0000         pwNov
 98.0000    3    2.000   1.0000         rwNov
100.0000    2    2.000   1.0000         rwOrt
102.0000    5    2.000   1.0000         pwOrt
104.0000    3    2.000   1.0000         rwNov
106.0000    5    2.000   1.0000         pwOrt
108.0000    3    2.000   1.0000         rwNov
110.0000    0    2.000   1.0000          NULL 
112.0000    5    2.000   1.0000         pwOrt
114.0000    0    2.000   1.0000          NULL 
116.0000    3    2.000   1.0000         rwNov
118.0000    3    2.000   1.0000         rwNov
120.0000    6    2.000   1.0000         pwNov
122.0000    0    4.000   1.0000          NULL 
126.0000    5    2.000   1.0000         pwOrt
128.0000    0    2.000   1.0000          NULL 
130.0000    1    2.000   1.0000         rwRep
132.0000    4    2.000   1.0000         pwRep
134.0000    5    2.000   1.0000         pwOrt
136.0000    2    2.000   1.0000         rwOrt
138.0000    1    2.000   1.0000         rwRep
140.0000    6    2.000   1.0000         pwNov
142.0000    5    2.000   1.0000         pwOrt
144.0000    0    4.000   1.0000          NULL 
148.0000    6    2.000   1.0000         pwNov
150.0000    2    2.000   1.0000         rwOrt
152.0000    4    2.000   1.0000         pwRep
154.0000    1    2.000   1.0000         rwRep
156.0000    6    2.000   1.0000         pwNov
158.0000    0    2.000   1.0000          NULL 
160.0000    6    2.000   1.0000         pwNov
162.0000    4    2.000   1.0000         pwRep
164.0000    0    2.000   1.0000          NULL 
166.0000    6    2.000   1.0000         pwNov
168.0000    2    2.000   1.0000         rwOrt
170.0000    0    4.000   1.0000          NULL 
174.0000    4    2.000   1.0000         pwRep
176.0000    0    8.000   1.0000          NULL 
184.0000    1    2.000   1.0000         rwRep
186.0000    0    2.000   1.0000          NULL 
188.0000    2    2.000   1.0000         rwOrt
190.0000    5    2.000   1.0000         pwOrt
192.0000    5    2.000   1.0000         pwOrt
194.0000    0    2.000   1.0000          NULL 
196.0000    4    2.000   1.0000         pwRep
198.0000    0    2.000   1.0000          NULL 
200.0000    1    2.000   1.0000         rwRep
202.0000    5    2.000   1.0000         pwOrt
204.0000    4    2.000   1.0000         pwRep
206.0000    0    4.000   1.0000          NULL 
210.0000    2    2.000   1.0000         rwOrt
212.0000    3    2.000   1.0000         rwNov
214.0000    4    2.000   1.0000         pwRep
216.0000    3    2.000   1.0000         rwNov
218.0000    3    2.000   1.0000         rwNov
220.0000    0    4.000   1.0000          NULL 
224.0000    1    2.000   1.0000         rwRep
226.0000    0    6.000   1.0000          NULL 
232.0000    3    2.000   1.0000         rwNov
234.0000    5    2.000   1.0000         pwOrt
236.0000    0    2.000   1.0000          NULL 
238.0000    2    2.000   1.0000         rwOrt
240.0000    6    2.000   1.0000         pwNov
242.0000    5    2.000   1.0000         pwOrt
244.0000    6    2.000   1.0000         pwNov
246.0000    1    2.000   1.0000         rwRep
248.0000    1    2.000   1.0000         rwRep
250.0000    3    2.000   1.0000         rwNov
252.0000    0    2.000   1.0000          NULL 
254.0000    5    2.000   1.0000         pwOrt
256.0000    1    2.000   1.0000         rwRep
258.0000    6    2.000   1.0000         pwNov
260.0000    0    4.000   1.0000          NULL 
264.0000    1    2.000   1.0000         rwRep
266.0000    0    2.000   1.0000          NULL 
268.0000    4    2.000   1.0000         pwRep
270.0000    5    2.000   1.0000         pwOrt
272.0000    0    2.000   1.0000          NULL 
274.0000    4    2.000   1.0000         pwRep
276.0000    0    2.000   1.0000          NULL 
278.0000    1    2.000   1.0000         rwRep
280.0000    0    2.000   1.0000          NULL 
282.0000    2    2.000   1.0000         rwOrt
284.0000    2    2.000   1.0000         rwOrt
286.0000    4    2.000   1.0000         pwRep
288.0000    6    2.000   1.0000         pwNov
290.0000    0    2.000   1.0000          NULL 
292.0000    4    2.000   1.0000         pwRep
294.0000    1    2.000   1.0000         rwRep
296.0000    0    2.000   1.0000          NULL 
298.0000    5    2.000   1.0000         pwOrt
300.0000    0    2.000   1.0000          NULL 
302.0000    5    2.000   1.0000         pwOrt
304.0000    2    2.000   1.0000         rwOrt
306.0000    3    2.000   1.0000         rwNov
308.0000    1    2.000   1.0000         rwRep
310.0000    2    2.000   1.0000         rwOrt
312.0000    2    2.000   1.0000         rwOrt
314.0000    0    4.000   1.0000          NULL 
318.0000    4    2.000   1.0000         pwRep
320.0000    4    2.000   1.0000         pwRep
322.0000    6    2.000   1.0000         pwNov
324.0000    5    2.000   1.0000         pwOrt
326.0000    0    4.000   1.0000          NULL 
330.0000    3    2.000   1.0000         rwNov
332.0000    6    2.000   1.0000         pwNov
334.0000    0    2.000   1.0000          NULL 
336.0000    6    2.000   1.0000         pwNov
338.0000    3    2.000   1.0000         rwNov
340.0000    1    2.000   1.0000         rwRep
342.0000    5    2.000   1.0000         pwOrt
344.0000    4    2.000   1.0000         pwRep
346.0000    0    2.000   1.0000          NULL 
348.0000    4    2.000   1.0000         pwRep
350.0000    3    2.000   1.0000         rwNov
352.0000    6    2.000   1.0000         pwNov
354.0000    2    2.000   1.0000         rwOrt
356.0000    0    2.000   1.0000          NULL 
358.0000    1    2.000   1.0000         rwRep
