  0.0000    3    2.000   1.0000         rwNov
  2.0000    6    2.000   1.0000         pwNov
  4.0000    3    2.000   1.0000         rwNov
  6.0000    5    2.000   1.0000         pwOrt
  8.0000    5    2.000   1.0000         pwOrt
 10.0000    5    2.000   1.0000         pwOrt
 12.0000    0    2.000   1.0000          NULL 
 14.0000    1    2.000   1.0000         rwRep
 16.0000    1    2.000   1.0000         rwRep
 18.0000    5    2.000   1.0000         pwOrt
 20.0000    2    2.000   1.0000         rwOrt
 22.0000    1    2.000   1.0000         rwRep
 24.0000    5    2.000   1.0000         pwOrt
 26.0000    0    2.000   1.0000          NULL 
 28.0000    1    2.000   1.0000         rwRep
 30.0000    2    2.000   1.0000         rwOrt
 32.0000    3    2.000   1.0000         rwNov
 34.0000    0    2.000   1.0000          NULL 
 36.0000    1    2.000   1.0000         rwRep
 38.0000    1    2.000   1.0000         rwRep
 40.0000    5    2.000   1.0000         pwOrt
 42.0000    4    2.000   1.0000         pwRep
 44.0000    0    2.000   1.0000          NULL 
 46.0000    6    2.000   1.0000         pwNov
 48.0000    1    2.000   1.0000         rwRep
 50.0000    0    4.000   1.0000          NULL 
 54.0000    2    2.000   1.0000         rwOrt
 56.0000    5    2.000   1.0000         pwOrt
 58.0000    2    2.000   1.0000         rwOrt
 60.0000    2    2.000   1.0000         rwOrt
 62.0000    0    2.000   1.0000          NULL 
 64.0000    4    2.000   1.0000         pwRep
 66.0000    2    2.000   1.0000         rwOrt
 68.0000    2    2.000   1.0000         rwOrt
 70.0000    3    2.000   1.0000         rwNov
 72.0000    0    2.000   1.0000          NULL 
 74.0000    4    2.000   1.0000         pwRep
 76.0000    2    2.000   1.0000         rwOrt
 78.0000    3    2.000   1.0000         rwNov
 80.0000    0    4.000   1.0000          NULL 
 84.0000    5    2.000   1.0000         pwOrt
 86.0000    0    2.000   1.0000          NULL 
 88.0000    5    2.000   1.0000         pwOrt
 90.0000    1    2.000   1.0000         rwRep
 92.0000    6    2.000   1.0000         pwNov
 94.0000    0    2.000   1.0000          NULL 
 96.0000    4    2.000   1.0000         pwRep
 98.0000    5    2.000   1.0000         pwOrt
100.0000    0    2.000   1.0000          NULL 
102.0000    1    2.000   1.0000         rwRep
104.0000    6    2.000   1.0000         pwNov
106.0000    3    2.000   1.0000         rwNov
108.0000    4    2.000   1.0000         pwRep
110.0000    0    2.000   1.0000          NULL 
112.0000    5    2.000   1.0000         pwOrt
114.0000    6    2.000   1.0000         pwNov
116.0000    4    2.000   1.0000         pwRep
118.0000    0    2.000   1.0000          NULL 
120.0000    3    2.000   1.0000         rwNov
122.0000    5    2.000   1.0000         pwOrt
124.0000    1    2.000   1.0000         rwRep
126.0000    1    2.000   1.0000         rwRep
128.0000    0    4.000   1.0000          NULL 
132.0000    2    2.000   1.0000         rwOrt
134.0000    0    2.000   1.0000          NULL 
136.0000    3    2.000   1.0000         rwNov
138.0000    2    2.000   1.0000         rwOrt
140.0000    2    2.000   1.0000         rwOrt
142.0000    0    2.000   1.0000          NULL 
144.0000    6    2.000   1.0000         pwNov
146.0000    0    2.000   1.0000          NULL 
148.0000    2    2.000   1.0000         rwOrt
150.0000    0    4.000   1.0000          NULL 
154.0000    3    2.000   1.0000         rwNov
156.0000    0    2.000   1.0000          NULL 
158.0000    4    2.000   1.0000         pwRep
160.0000    5    2.000   1.0000         pwOrt
162.0000    6    2.000   1.0000         pwNov
164.0000    0    2.000   1.0000          NULL 
166.0000    4    2.000   1.0000         pwRep
168.0000    0    2.000   1.0000          NULL 
170.0000    3    2.000   1.0000         rwNov
172.0000    1    2.000   1.0000         rwRep
174.0000    0    2.000   1.0000          NULL 
176.0000    3    2.000   1.0000         rwNov
178.0000    0    8.000   1.0000          NULL 
186.0000    6    2.000   1.0000         pwNov
188.0000    4    2.000   1.0000         pwRep
190.0000    0    2.000   1.0000          NULL 
192.0000    5    2.000   1.0000         pwOrt
194.0000    6    2.000   1.0000         pwNov
196.0000    2    2.000   1.0000         rwOrt
198.0000    1    2.000   1.0000         rwRep
200.0000    0    8.000   1.0000          NULL 
208.0000    1    2.000   1.0000         rwRep
210.0000    0    2.000   1.0000          NULL 
212.0000    4    2.000   1.0000         pwRep
214.0000    1    2.000   1.0000         rwRep
216.0000    4    2.000   1.0000         pwRep
218.0000    0    8.000   1.0000          NULL 
226.0000    2    2.000   1.0000         rwOrt
228.0000    5    2.000   1.0000         pwOrt
230.0000    1    2.000   1.0000         rwRep
232.0000    0    2.000   1.0000          NULL 
234.0000    6    2.000   1.0000         pwNov
236.0000    0    2.000   1.0000          NULL 
238.0000    2    2.000   1.0000         rwOrt
240.0000    4    2.000   1.0000         pwRep
242.0000    1    2.000   1.0000         rwRep
244.0000    0    2.000   1.0000          NULL 
246.0000    1    2.000   1.0000         rwRep
248.0000    3    2.000   1.0000         rwNov
250.0000    5    2.000   1.0000         pwOrt
252.0000    0    4.000   1.0000          NULL 
256.0000    3    2.000   1.0000         rwNov
258.0000    4    2.000   1.0000         pwRep
260.0000    0    2.000   1.0000          NULL 
262.0000    6    2.000   1.0000         pwNov
264.0000    0    2.000   1.0000          NULL 
266.0000    4    2.000   1.0000         pwRep
268.0000    3    2.000   1.0000         rwNov
270.0000    2    2.000   1.0000         rwOrt
272.0000    1    2.000   1.0000         rwRep
274.0000    6    2.000   1.0000         pwNov
276.0000    0    4.000   1.0000          NULL 
280.0000    4    2.000   1.0000         pwRep
282.0000    3    2.000   1.0000         rwNov
284.0000    3    2.000   1.0000         rwNov
286.0000    6    2.000   1.0000         pwNov
288.0000    0    2.000   1.0000          NULL 
290.0000    2    2.000   1.0000         rwOrt
292.0000    5    2.000   1.0000         pwOrt
294.0000    3    2.000   1.0000         rwNov
296.0000    6    2.000   1.0000         pwNov
298.0000    4    2.000   1.0000         pwRep
300.0000    6    2.000   1.0000         pwNov
302.0000    0    2.000   1.0000          NULL 
304.0000    2    2.000   1.0000         rwOrt
306.0000    3    2.000   1.0000         rwNov
308.0000    4    2.000   1.0000         pwRep
310.0000    4    2.000   1.0000         pwRep
312.0000    0    2.000   1.0000          NULL 
314.0000    4    2.000   1.0000         pwRep
316.0000    6    2.000   1.0000         pwNov
318.0000    5    2.000   1.0000         pwOrt
320.0000    0    4.000   1.0000          NULL 
324.0000    6    2.000   1.0000         pwNov
326.0000    6    2.000   1.0000         pwNov
328.0000    5    2.000   1.0000         pwOrt
330.0000    3    2.000   1.0000         rwNov
332.0000    1    2.000   1.0000         rwRep
334.0000    0    2.000   1.0000          NULL 
336.0000    3    2.000   1.0000         rwNov
338.0000    2    2.000   1.0000         rwOrt
340.0000    2    2.000   1.0000         rwOrt
342.0000    0    2.000   1.0000          NULL 
344.0000    5    2.000   1.0000         pwOrt
346.0000    0    6.000   1.0000          NULL 
352.0000    6    2.000   1.0000         pwNov
354.0000    4    2.000   1.0000         pwRep
356.0000    6    2.000   1.0000         pwNov
358.0000    0    2.000   1.0000          NULL 
