  0.0000    4    2.000   1.0000         pwRep
  2.0000    0    2.000   1.0000          NULL 
  4.0000    2    2.000   1.0000         rwOrt
  6.0000    6    2.000   1.0000         pwNov
  8.0000    0    2.000   1.0000          NULL 
 10.0000    3    2.000   1.0000         rwNov
 12.0000    0    2.000   1.0000          NULL 
 14.0000    1    2.000   1.0000         rwRep
 16.0000    2    2.000   1.0000         rwOrt
 18.0000    1    2.000   1.0000         rwRep
 20.0000    3    2.000   1.0000         rwNov
 22.0000    1    2.000   1.0000         rwRep
 24.0000    4    2.000   1.0000         pwRep
 26.0000    4    2.000   1.0000         pwRep
 28.0000    3    2.000   1.0000         rwNov
 30.0000    3    2.000   1.0000         rwNov
 32.0000    3    2.000   1.0000         rwNov
 34.0000    4    2.000   1.0000         pwRep
 36.0000    0    2.000   1.0000          NULL 
 38.0000    2    2.000   1.0000         rwOrt
 40.0000    0    8.000   1.0000          NULL 
 48.0000    2    2.000   1.0000         rwOrt
 50.0000    0    2.000   1.0000          NULL 
 52.0000    3    2.000   1.0000         rwNov
 54.0000    5    2.000   1.0000         pwOrt
 56.0000    5    2.000   1.0000         pwOrt
 58.0000    6    2.000   1.0000         pwNov
 60.0000    3    2.000   1.0000         rwNov
 62.0000    2    2.000   1.0000         rwOrt
 64.0000    0    2.000   1.0000          NULL 
 66.0000    5    2.000   1.0000         pwOrt
 68.0000    4    2.000   1.0000         pwRep
 70.0000    0    2.000   1.0000          NULL 
 72.0000    3    2.000   1.0000         rwNov
 74.0000    5    2.000   1.0000         pwOrt
 76.0000    1    2.000   1.0000         rwRep
 78.0000    4    2.000   1.0000         pwRep
 80.0000    4    2.000   1.0000         pwRep
 82.0000    3    2.000   1.0000         rwNov
 84.0000    2    2.000   1.0000         rwOrt
 86.0000    2    2.000   1.0000         rwOrt
 88.0000    1    2.000   1.0000         rwRep
 90.0000    0    4.000   1.0000          NULL 
 94.0000    1    2.000   1.0000         rwRep
 96.0000    0    2.000   1.0000          NULL 
 98.0000    3    2.000   1.0000         rwNov
100.0000    5    2.000   1.0000         pwOrt
102.0000    4    2.000   1.0000         pwRep
104.0000    0    4.000   1.0000          NULL 
108.0000    3    2.000   1.0000         rwNov
110.0000    6    2.000   1.0000         pwNov
112.0000    2    2.000   1.0000         rwOrt
114.0000    6    2.000   1.0000         pwNov
116.0000    2    2.000   1.0000         rwOrt
118.0000    6    2.000   1.0000         pwNov
120.0000    2    2.000   1.0000         rwOrt
122.0000    5    2.000   1.0000         pwOrt
124.0000    6    2.000   1.0000         pwNov
126.0000    1    2.000   1.0000         rwRep
128.0000    1    2.000   1.0000         rwRep
130.0000    0    2.000   1.0000          NULL 
132.0000    4    2.000   1.0000         pwRep
134.0000    0    2.000   1.0000          NULL 
136.0000    6    2.000   1.0000         pwNov
138.0000    0    2.000   1.0000          NULL 
140.0000    3    2.000   1.0000         rwNov
142.0000    4    2.000   1.0000         pwRep
144.0000    6    2.000   1.0000         pwNov
146.0000    0    2.000   1.0000          NULL 
148.0000    2    2.000   1.0000         rwOrt
150.0000    6    2.000   1.0000         pwNov
152.0000    3    2.000   1.0000         rwNov
154.0000    0    2.000   1.0000          NULL 
156.0000    3    2.000   1.0000         rwNov
158.0000    0    2.000   1.0000          NULL 
160.0000    3    2.000   1.0000         rwNov
162.0000    4    2.000   1.0000         pwRep
164.0000    1    2.000   1.0000         rwRep
166.0000    0    6.000   1.0000          NULL 
172.0000    4    2.000   1.0000         pwRep
174.0000    3    2.000   1.0000         rwNov
176.0000    0    2.000   1.0000          NULL 
178.0000    5    2.000   1.0000         pwOrt
180.0000    0    2.000   1.0000          NULL 
182.0000    5    2.000   1.0000         pwOrt
184.0000    5    2.000   1.0000         pwOrt
186.0000    0    2.000   1.0000          NULL 
188.0000    6    2.000   1.0000         pwNov
190.0000    6    2.000   1.0000         pwNov
192.0000    5    2.000   1.0000         pwOrt
194.0000    1    2.000   1.0000         rwRep
196.0000    0    4.000   1.0000          NULL 
200.0000    1    2.000   1.0000         rwRep
202.0000    2    2.000   1.0000         rwOrt
204.0000    3    2.000   1.0000         rwNov
206.0000    5    2.000   1.0000         pwOrt
208.0000    0    2.000   1.0000          NULL 
210.0000    1    2.000   1.0000         rwRep
212.0000    5    2.000   1.0000         pwOrt
214.0000    0    2.000   1.0000          NULL 
216.0000    2    2.000   1.0000         rwOrt
218.0000    0    4.000   1.0000          NULL 
222.0000    5    2.000   1.0000         pwOrt
224.0000    2    2.000   1.0000         rwOrt
226.0000    5    2.000   1.0000         pwOrt
228.0000    0    6.000   1.0000          NULL 
234.0000    6    2.000   1.0000         pwNov
236.0000    1    2.000   1.0000         rwRep
238.0000    4    2.000   1.0000         pwRep
240.0000    1    2.000   1.0000         rwRep
242.0000    0    4.000   1.0000          NULL 
246.0000    5    2.000   1.0000         pwOrt
248.0000    0    8.000   1.0000          NULL 
256.0000    6    2.000   1.0000         pwNov
258.0000    1    2.000   1.0000         rwRep
260.0000    0    2.000   1.0000          NULL 
262.0000    2    2.000   1.0000         rwOrt
264.0000    3    2.000   1.0000         rwNov
266.0000    0    4.000   1.0000          NULL 
270.0000    4    2.000   1.0000         pwRep
272.0000    0    2.000   1.0000          NULL 
274.0000    4    2.000   1.0000         pwRep
276.0000    2    2.000   1.0000         rwOrt
278.0000    2    2.000   1.0000         rwOrt
280.0000    5    2.000   1.0000         pwOrt
282.0000    5    2.000   1.0000         pwOrt
284.0000    2    2.000   1.0000         rwOrt
286.0000    0    2.000   1.0000          NULL 
288.0000    1    2.000   1.0000         rwRep
290.0000    2    2.000   1.0000         rwOrt
292.0000    0    2.000   1.0000          NULL 
294.0000    2    2.000   1.0000         rwOrt
296.0000    3    2.000   1.0000         rwNov
298.0000    6    2.000   1.0000         pwNov
300.0000    6    2.000   1.0000         pwNov
302.0000    5    2.000   1.0000         pwOrt
304.0000    4    2.000   1.0000         pwRep
306.0000    1    2.000   1.0000         rwRep
308.0000    4    2.000   1.0000         pwRep
310.0000    1    2.000   1.0000         rwRep
312.0000    0    4.000   1.0000          NULL 
316.0000    6    2.000   1.0000         pwNov
318.0000    0    4.000   1.0000          NULL 
322.0000    6    2.000   1.0000         pwNov
324.0000    6    2.000   1.0000         pwNov
326.0000    0    6.000   1.0000          NULL 
332.0000    4    2.000   1.0000         pwRep
334.0000    6    2.000   1.0000         pwNov
336.0000    3    2.000   1.0000         rwNov
338.0000    1    2.000   1.0000         rwRep
340.0000    0    4.000   1.0000          NULL 
344.0000    5    2.000   1.0000         pwOrt
346.0000    4    2.000   1.0000         pwRep
348.0000    1    2.000   1.0000         rwRep
350.0000    5    2.000   1.0000         pwOrt
352.0000    0    4.000   1.0000          NULL 
356.0000    4    2.000   1.0000         pwRep
358.0000    6    2.000   1.0000         pwNov
