  0.0000    4    2.000   1.0000         pwRep
  2.0000    0    2.000   1.0000          NULL 
  4.0000    2    2.000   1.0000         rwOrt
  6.0000    6    2.000   1.0000         pwNov
  8.0000    1    2.000   1.0000         rwRep
 10.0000    1    2.000   1.0000         rwRep
 12.0000    1    2.000   1.0000         rwRep
 14.0000    5    2.000   1.0000         pwOrt
 16.0000    0    2.000   1.0000          NULL 
 18.0000    2    2.000   1.0000         rwOrt
 20.0000    3    2.000   1.0000         rwNov
 22.0000    0    4.000   1.0000          NULL 
 26.0000    3    2.000   1.0000         rwNov
 28.0000    0    2.000   1.0000          NULL 
 30.0000    2    2.000   1.0000         rwOrt
 32.0000    0    2.000   1.0000          NULL 
 34.0000    1    2.000   1.0000         rwRep
 36.0000    2    2.000   1.0000         rwOrt
 38.0000    0    2.000   1.0000          NULL 
 40.0000    1    2.000   1.0000         rwRep
 42.0000    5    2.000   1.0000         pwOrt
 44.0000    6    2.000   1.0000         pwNov
 46.0000    3    2.000   1.0000         rwNov
 48.0000    0    4.000   1.0000          NULL 
 52.0000    6    2.000   1.0000         pwNov
 54.0000    0    2.000   1.0000          NULL 
 56.0000    2    2.000   1.0000         rwOrt
 58.0000    2    2.000   1.0000         rwOrt
 60.0000    6    2.000   1.0000         pwNov
 62.0000    2    2.000   1.0000         rwOrt
 64.0000    4    2.000   1.0000         pwRep
 66.0000    0    6.000   1.0000          NULL 
 72.0000    3    2.000   1.0000         rwNov
 74.0000    6    2.000   1.0000         pwNov
 76.0000    3    2.000   1.0000         rwNov
 78.0000    6    2.000   1.0000         pwNov
 80.0000    2    2.000   1.0000         rwOrt
 82.0000    3    2.000   1.0000         rwNov
 84.0000    3    2.000   1.0000         rwNov
 86.0000    0    2.000   1.0000          NULL 
 88.0000    5    2.000   1.0000         pwOrt
 90.0000    0    2.000   1.0000          NULL 
 92.0000    4    2.000   1.0000         pwRep
 94.0000    6    2.000   1.0000         pwNov
 96.0000    0    2.000   1.0000          NULL 
 98.0000    4    2.000   1.0000         pwRep
100.0000    4    2.000   1.0000         pwRep
102.0000    0    2.000   1.0000          NULL 
104.0000    3    2.000   1.0000         rwNov
106.0000    4    2.000   1.0000         pwRep
108.0000    1    2.000   1.0000         rwRep
110.0000    0    2.000   1.0000          NULL 
112.0000    6    2.000   1.0000         pwNov
114.0000    2    2.000   1.0000         rwOrt
116.0000    3    2.000   1.0000         rwNov
118.0000    1    2.000   1.0000         rwRep
120.0000    4    2.000   1.0000         pwRep
122.0000    6    2.000   1.0000         pwNov
124.0000    0    2.000   1.0000          NULL 
126.0000    6    2.000   1.0000         pwNov
128.0000    2    2.000   1.0000         rwOrt
130.0000    2    2.000   1.0000         rwOrt
132.0000    0    8.000   1.0000          NULL 
140.0000    2    2.000   1.0000         rwOrt
142.0000    5    2.000   1.0000         pwOrt
144.0000    5    2.000   1.0000         pwOrt
146.0000    0    4.000   1.0000          NULL 
150.0000    6    2.000   1.0000         pwNov
152.0000    5    2.000   1.0000         pwOrt
154.0000    0    2.000   1.0000          NULL 
156.0000    1    2.000   1.0000         rwRep
158.0000    0    2.000   1.0000          NULL 
160.0000    4    2.000   1.0000         pwRep
162.0000    6    2.000   1.0000         pwNov
164.0000    4    2.000   1.0000         pwRep
166.0000    0    2.000   1.0000          NULL 
168.0000    2    2.000   1.0000         rwOrt
170.0000    0    2.000   1.0000          NULL 
172.0000    4    2.000   1.0000         pwRep
174.0000    6    2.000   1.0000         pwNov
176.0000    6    2.000   1.0000         pwNov
178.0000    0    2.000   1.0000          NULL 
180.0000    3    2.000   1.0000         rwNov
182.0000    0    2.000   1.0000          NULL 
184.0000    5    2.000   1.0000         pwOrt
186.0000    1    2.000   1.0000         rwRep
188.0000    2    2.000   1.0000         rwOrt
190.0000    0    2.000   1.0000          NULL 
192.0000    5    2.000   1.0000         pwOrt
194.0000    1    2.000   1.0000         rwRep
196.0000    1    2.000   1.0000         rwRep
198.0000    0    2.000   1.0000          NULL 
200.0000    3    2.000   1.0000         rwNov
202.0000    4    2.000   1.0000         pwRep
204.0000    4    2.000   1.0000         pwRep
206.0000    4    2.000   1.0000         pwRep
208.0000    5    2.000   1.0000         pwOrt
210.0000    1    2.000   1.0000         rwRep
212.0000    3    2.000   1.0000         rwNov
214.0000    0    2.000   1.0000          NULL 
216.0000    4    2.000   1.0000         pwRep
218.0000    3    2.000   1.0000         rwNov
220.0000    1    2.000   1.0000         rwRep
222.0000    4    2.000   1.0000         pwRep
224.0000    0   12.000   1.0000          NULL 
236.0000    3    2.000   1.0000         rwNov
238.0000    1    2.000   1.0000         rwRep
240.0000    2    2.000   1.0000         rwOrt
242.0000    1    2.000   1.0000         rwRep
244.0000    0    2.000   1.0000          NULL 
246.0000    3    2.000   1.0000         rwNov
248.0000    1    2.000   1.0000         rwRep
250.0000    0    2.000   1.0000          NULL 
252.0000    4    2.000   1.0000         pwRep
254.0000    5    2.000   1.0000         pwOrt
256.0000    5    2.000   1.0000         pwOrt
258.0000    0    2.000   1.0000          NULL 
260.0000    1    2.000   1.0000         rwRep
262.0000    5    2.000   1.0000         pwOrt
264.0000    0    6.000   1.0000          NULL 
270.0000    6    2.000   1.0000         pwNov
272.0000    4    2.000   1.0000         pwRep
274.0000    3    2.000   1.0000         rwNov
276.0000    0    4.000   1.0000          NULL 
280.0000    2    2.000   1.0000         rwOrt
282.0000    5    2.000   1.0000         pwOrt
284.0000    0    2.000   1.0000          NULL 
286.0000    6    2.000   1.0000         pwNov
288.0000    5    2.000   1.0000         pwOrt
290.0000    4    2.000   1.0000         pwRep
292.0000    0    2.000   1.0000          NULL 
294.0000    6    2.000   1.0000         pwNov
296.0000    5    2.000   1.0000         pwOrt
298.0000    0    2.000   1.0000          NULL 
300.0000    1    2.000   1.0000         rwRep
302.0000    0    2.000   1.0000          NULL 
304.0000    3    2.000   1.0000         rwNov
306.0000    3    2.000   1.0000         rwNov
308.0000    0    2.000   1.0000          NULL 
310.0000    6    2.000   1.0000         pwNov
312.0000    2    2.000   1.0000         rwOrt
314.0000    0    2.000   1.0000          NULL 
316.0000    5    2.000   1.0000         pwOrt
318.0000    3    2.000   1.0000         rwNov
320.0000    5    2.000   1.0000         pwOrt
322.0000    0    2.000   1.0000          NULL 
324.0000    5    2.000   1.0000         pwOrt
326.0000    5    2.000   1.0000         pwOrt
328.0000    4    2.000   1.0000         pwRep
330.0000    2    2.000   1.0000         rwOrt
332.0000    4    2.000   1.0000         pwRep
334.0000    1    2.000   1.0000         rwRep
336.0000    0    2.000   1.0000          NULL 
338.0000    5    2.000   1.0000         pwOrt
340.0000    1    2.000   1.0000         rwRep
342.0000    0    4.000   1.0000          NULL 
346.0000    6    2.000   1.0000         pwNov
348.0000    2    2.000   1.0000         rwOrt
350.0000    0    4.000   1.0000          NULL 
354.0000    3    2.000   1.0000         rwNov
356.0000    6    2.000   1.0000         pwNov
358.0000    2    2.000   1.0000         rwOrt
