  0.0000    4    2.000   1.0000         pwRep
  2.0000    0    2.000   1.0000          NULL 
  4.0000    5    2.000   1.0000         pwOrt
  6.0000    6    2.000   1.0000         pwNov
  8.0000    5    2.000   1.0000         pwOrt
 10.0000    0    2.000   1.0000          NULL 
 12.0000    3    2.000   1.0000         rwNov
 14.0000    0    4.000   1.0000          NULL 
 18.0000    2    2.000   1.0000         rwOrt
 20.0000    3    2.000   1.0000         rwNov
 22.0000    1    2.000   1.0000         rwRep
 24.0000    2    2.000   1.0000         rwOrt
 26.0000    2    2.000   1.0000         rwOrt
 28.0000    2    2.000   1.0000         rwOrt
 30.0000    2    2.000   1.0000         rwOrt
 32.0000    0    6.000   1.0000          NULL 
 38.0000    6    2.000   1.0000         pwNov
 40.0000    0    2.000   1.0000          NULL 
 42.0000    4    2.000   1.0000         pwRep
 44.0000    1    2.000   1.0000         rwRep
 46.0000    1    2.000   1.0000         rwRep
 48.0000    4    2.000   1.0000         pwRep
 50.0000    0    2.000   1.0000          NULL 
 52.0000    4    2.000   1.0000         pwRep
 54.0000    0    2.000   1.0000          NULL 
 56.0000    2    2.000   1.0000         rwOrt
 58.0000    0    2.000   1.0000          NULL 
 60.0000    3    2.000   1.0000         rwNov
 62.0000    0    4.000   1.0000          NULL 
 66.0000    1    2.000   1.0000         rwRep
 68.0000    0    2.000   1.0000          NULL 
 70.0000    6    2.000   1.0000         pwNov
 72.0000    1    2.000   1.0000         rwRep
 74.0000    3    2.000   1.0000         rwNov
 76.0000    5    2.000   1.0000         pwOrt
 78.0000    0    2.000   1.0000          NULL 
 80.0000    5    2.000   1.0000         pwOrt
 82.0000    0    4.000   1.0000          NULL 
 86.0000    2    2.000   1.0000         rwOrt
 88.0000    6    2.000   1.0000         pwNov
 90.0000    4    2.000   1.0000         pwRep
 92.0000    0    2.000   1.0000          NULL 
 94.0000    5    2.000   1.0000         pwOrt
 96.0000    0    2.000   1.0000          NULL 
 98.0000    3    2.000   1.0000         rwNov
100.0000    4    2.000   1.0000         pwRep
102.0000    2    2.000   1.0000         rwOrt
104.0000    0    2.000   1.0000          NULL 
106.0000    6    2.000   1.0000         pwNov
108.0000    2    2.000   1.0000         rwOrt
110.0000    1    2.000   1.0000         rwRep
112.0000    5    2.000   1.0000         pwOrt
114.0000    3    2.000   1.0000         rwNov
116.0000    4    2.000   1.0000         pwRep
118.0000    0    2.000   1.0000          NULL 
120.0000    1    2.000   1.0000         rwRep
122.0000    0    2.000   1.0000          NULL 
124.0000    3    2.000   1.0000         rwNov
126.0000    0    4.000   1.0000          NULL 
130.0000    6    2.000   1.0000         pwNov
132.0000    0    2.000   1.0000          NULL 
134.0000    2    2.000   1.0000         rwOrt
136.0000    1    2.000   1.0000         rwRep
138.0000    0    2.000   1.0000          NULL 
140.0000    3    2.000   1.0000         rwNov
142.0000    6    2.000   1.0000         pwNov
144.0000    1    2.000   1.0000         rwRep
146.0000    5    2.000   1.0000         pwOrt
148.0000    6    2.000   1.0000         pwNov
150.0000    1    2.000   1.0000         rwRep
152.0000    0    6.000   1.0000          NULL 
158.0000    4    2.000   1.0000         pwRep
160.0000    3    2.000   1.0000         rwNov
162.0000    1    2.000   1.0000         rwRep
164.0000    3    2.000   1.0000         rwNov
166.0000    0    2.000   1.0000          NULL 
168.0000    4    2.000   1.0000         pwRep
170.0000    0    2.000   1.0000          NULL 
172.0000    4    2.000   1.0000         pwRep
174.0000    3    2.000   1.0000         rwNov
176.0000    0    4.000   1.0000          NULL 
180.0000    1    2.000   1.0000         rwRep
182.0000    1    2.000   1.0000         rwRep
184.0000    0    2.000   1.0000          NULL 
186.0000    1    2.000   1.0000         rwRep
188.0000    6    2.000   1.0000         pwNov
190.0000    0    2.000   1.0000          NULL 
192.0000    3    2.000   1.0000         rwNov
194.0000    4    2.000   1.0000         pwRep
196.0000    6    2.000   1.0000         pwNov
198.0000    6    2.000   1.0000         pwNov
200.0000    2    2.000   1.0000         rwOrt
202.0000    4    2.000   1.0000         pwRep
204.0000    0    6.000   1.0000          NULL 
210.0000    5    2.000   1.0000         pwOrt
212.0000    6    2.000   1.0000         pwNov
214.0000    2    2.000   1.0000         rwOrt
216.0000    0    2.000   1.0000          NULL 
218.0000    2    2.000   1.0000         rwOrt
220.0000    4    2.000   1.0000         pwRep
222.0000    4    2.000   1.0000         pwRep
224.0000    2    2.000   1.0000         rwOrt
226.0000    0    2.000   1.0000          NULL 
228.0000    5    2.000   1.0000         pwOrt
230.0000    2    2.000   1.0000         rwOrt
232.0000    0    2.000   1.0000          NULL 
234.0000    4    2.000   1.0000         pwRep
236.0000    3    2.000   1.0000         rwNov
238.0000    5    2.000   1.0000         pwOrt
240.0000    2    2.000   1.0000         rwOrt
242.0000    0    4.000   1.0000          NULL 
246.0000    5    2.000   1.0000         pwOrt
248.0000    4    2.000   1.0000         pwRep
250.0000    3    2.000   1.0000         rwNov
252.0000    2    2.000   1.0000         rwOrt
254.0000    3    2.000   1.0000         rwNov
256.0000    0    4.000   1.0000          NULL 
260.0000    2    2.000   1.0000         rwOrt
262.0000    5    2.000   1.0000         pwOrt
264.0000    0    2.000   1.0000          NULL 
266.0000    6    2.000   1.0000         pwNov
268.0000    1    2.000   1.0000         rwRep
270.0000    0    4.000   1.0000          NULL 
274.0000    5    2.000   1.0000         pwOrt
276.0000    5    2.000   1.0000         pwOrt
278.0000    2    2.000   1.0000         rwOrt
280.0000    0    4.000   1.0000          NULL 
284.0000    3    2.000   1.0000         rwNov
286.0000    5    2.000   1.0000         pwOrt
288.0000    5    2.000   1.0000         pwOrt
290.0000    0    2.000   1.0000          NULL 
292.0000    6    2.000   1.0000         pwNov
294.0000    5    2.000   1.0000         pwOrt
296.0000    1    2.000   1.0000         rwRep
298.0000    6    2.000   1.0000         pwNov
300.0000    1    2.000   1.0000         rwRep
302.0000    0    2.000   1.0000          NULL 
304.0000    3    2.000   1.0000         rwNov
306.0000    0    4.000   1.0000          NULL 
310.0000    6    2.000   1.0000         pwNov
312.0000    6    2.000   1.0000         pwNov
314.0000    3    2.000   1.0000         rwNov
316.0000    6    2.000   1.0000         pwNov
318.0000    3    2.000   1.0000         rwNov
320.0000    3    2.000   1.0000         rwNov
322.0000    4    2.000   1.0000         pwRep
324.0000    0    2.000   1.0000          NULL 
326.0000    4    2.000   1.0000         pwRep
328.0000    1    2.000   1.0000         rwRep
330.0000    0    4.000   1.0000          NULL 
334.0000    5    2.000   1.0000         pwOrt
336.0000    5    2.000   1.0000         pwOrt
338.0000    0    2.000   1.0000          NULL 
340.0000    2    2.000   1.0000         rwOrt
342.0000    0    2.000   1.0000          NULL 
344.0000    1    2.000   1.0000         rwRep
346.0000    5    2.000   1.0000         pwOrt
348.0000    0    2.000   1.0000          NULL 
350.0000    6    2.000   1.0000         pwNov
352.0000    1    2.000   1.0000         rwRep
354.0000    4    2.000   1.0000         pwRep
356.0000    4    2.000   1.0000         pwRep
358.0000    6    2.000   1.0000         pwNov
