  0.0000    3    2.000   1.0000         rwNov
  2.0000    5    2.000   1.0000         pwOrt
  4.0000    2    2.000   1.0000         rwOrt
  6.0000    4    2.000   1.0000         pwRep
  8.0000    0    2.000   1.0000          NULL 
 10.0000    6    2.000   1.0000         pwNov
 12.0000    1    2.000   1.0000         rwRep
 14.0000    0    4.000   1.0000          NULL 
 18.0000    1    2.000   1.0000         rwRep
 20.0000    4    2.000   1.0000         pwRep
 22.0000    1    2.000   1.0000         rwRep
 24.0000    4    2.000   1.0000         pwRep
 26.0000    3    2.000   1.0000         rwNov
 28.0000    0    2.000   1.0000          NULL 
 30.0000    6    2.000   1.0000         pwNov
 32.0000    5    2.000   1.0000         pwOrt
 34.0000    2    2.000   1.0000         rwOrt
 36.0000    6    2.000   1.0000         pwNov
 38.0000    0    2.000   1.0000          NULL 
 40.0000    6    2.000   1.0000         pwNov
 42.0000    3    2.000   1.0000         rwNov
 44.0000    6    2.000   1.0000         pwNov
 46.0000    2    2.000   1.0000         rwOrt
 48.0000    0    4.000   1.0000          NULL 
 52.0000    2    2.000   1.0000         rwOrt
 54.0000    6    2.000   1.0000         pwNov
 56.0000    5    2.000   1.0000         pwOrt
 58.0000    1    2.000   1.0000         rwRep
 60.0000    0    2.000   1.0000          NULL 
 62.0000    2    2.000   1.0000         rwOrt
 64.0000    5    2.000   1.0000         pwOrt
 66.0000    5    2.000   1.0000         pwOrt
 68.0000    0    4.000   1.0000          NULL 
 72.0000    3    2.000   1.0000         rwNov
 74.0000    4    2.000   1.0000         pwRep
 76.0000    4    2.000   1.0000         pwRep
 78.0000    0    2.000   1.0000          NULL 
 80.0000    4    2.000   1.0000         pwRep
 82.0000    6    2.000   1.0000         pwNov
 84.0000    3    2.000   1.0000         rwNov
 86.0000    6    2.000   1.0000         pwNov
 88.0000    6    2.000   1.0000         pwNov
 90.0000    3    2.000   1.0000         rwNov
 92.0000    0    4.000   1.0000          NULL 
 96.0000    3    2.000   1.0000         rwNov
 98.0000    0    2.000   1.0000          NULL 
100.0000    3    2.000   1.0000         rwNov
102.0000    0    2.000   1.0000          NULL 
104.0000    2    2.000   1.0000         rwOrt
106.0000    0    2.000   1.0000          NULL 
108.0000    6    2.000   1.0000         pwNov
110.0000    2    2.000   1.0000         rwOrt
112.0000    3    2.000   1.0000         rwNov
114.0000    1    2.000   1.0000         rwRep
116.0000    1    2.000   1.0000         rwRep
118.0000    0    2.000   1.0000          NULL 
120.0000    6    2.000   1.0000         pwNov
122.0000    1    2.000   1.0000         rwRep
124.0000    5    2.000   1.0000         pwOrt
126.0000    0    2.000   1.0000          NULL 
128.0000    3    2.000   1.0000         rwNov
130.0000    4    2.000   1.0000         pwRep
132.0000    0    6.000   1.0000          NULL 
138.0000    5    2.000   1.0000         pwOrt
140.0000    6    2.000   1.0000         pwNov
142.0000    2    2.000   1.0000         rwOrt
144.0000    3    2.000   1.0000         rwNov
146.0000    1    2.000   1.0000         rwRep
148.0000    0    4.000   1.0000          NULL 
152.0000    4    2.000   1.0000         pwRep
154.0000    0    2.000   1.0000          NULL 
156.0000    5    2.000   1.0000         pwOrt
158.0000    5    2.000   1.0000         pwOrt
160.0000    0    4.000   1.0000          NULL 
164.0000    5    2.000   1.0000         pwOrt
166.0000    0    2.000   1.0000          NULL 
168.0000    1    2.000   1.0000         rwRep
170.0000    1    2.000   1.0000         rwRep
172.0000    4    2.000   1.0000         pwRep
174.0000    0    2.000   1.0000          NULL 
176.0000    2    2.000   1.0000         rwOrt
178.0000    0    2.000   1.0000          NULL 
180.0000    4    2.000   1.0000         pwRep
182.0000    5    2.000   1.0000         pwOrt
184.0000    0    2.000   1.0000          NULL 
186.0000    1    2.000   1.0000         rwRep
188.0000    2    2.000   1.0000         rwOrt
190.0000    1    2.000   1.0000         rwRep
192.0000    3    2.000   1.0000         rwNov
194.0000    1    2.000   1.0000         rwRep
196.0000    5    2.000   1.0000         pwOrt
198.0000    4    2.000   1.0000         pwRep
200.0000    0    2.000   1.0000          NULL 
202.0000    4    2.000   1.0000         pwRep
204.0000    0    4.000   1.0000          NULL 
208.0000    1    2.000   1.0000         rwRep
210.0000    0    6.000   1.0000          NULL 
216.0000    2    2.000   1.0000         rwOrt
218.0000    6    2.000   1.0000         pwNov
220.0000    6    2.000   1.0000         pwNov
222.0000    0    2.000   1.0000          NULL 
224.0000    5    2.000   1.0000         pwOrt
226.0000    6    2.000   1.0000         pwNov
228.0000    0    2.000   1.0000          NULL 
230.0000    1    2.000   1.0000         rwRep
232.0000    6    2.000   1.0000         pwNov
234.0000    0    2.000   1.0000          NULL 
236.0000    4    2.000   1.0000         pwRep
238.0000    0    2.000   1.0000          NULL 
240.0000    4    2.000   1.0000         pwRep
242.0000    2    2.000   1.0000         rwOrt
244.0000    2    2.000   1.0000         rwOrt
246.0000    4    2.000   1.0000         pwRep
248.0000    0    4.000   1.0000          NULL 
252.0000    2    2.000   1.0000         rwOrt
254.0000    0    4.000   1.0000          NULL 
258.0000    2    2.000   1.0000         rwOrt
260.0000    2    2.000   1.0000         rwOrt
262.0000    0    4.000   1.0000          NULL 
266.0000    4    2.000   1.0000         pwRep
268.0000    0    2.000   1.0000          NULL 
270.0000    3    2.000   1.0000         rwNov
272.0000    3    2.000   1.0000         rwNov
274.0000    6    2.000   1.0000         pwNov
276.0000    0    2.000   1.0000          NULL 
278.0000    5    2.000   1.0000         pwOrt
280.0000    4    2.000   1.0000         pwRep
282.0000    0    2.000   1.0000          NULL 
284.0000    3    2.000   1.0000         rwNov
286.0000    0    2.000   1.0000          NULL 
288.0000    1    2.000   1.0000         rwRep
290.0000    0    2.000   1.0000          NULL 
292.0000    5    2.000   1.0000         pwOrt
294.0000    0    2.000   1.0000          NULL 
296.0000    5    2.000   1.0000         pwOrt
298.0000    0    6.000   1.0000          NULL 
304.0000    6    2.000   1.0000         pwNov
306.0000    4    2.000   1.0000         pwRep
308.0000    1    2.000   1.0000         rwRep
310.0000    3    2.000   1.0000         rwNov
312.0000    5    2.000   1.0000         pwOrt
314.0000    1    2.000   1.0000         rwRep
316.0000    0    4.000   1.0000          NULL 
320.0000    3    2.000   1.0000         rwNov
322.0000    0    2.000   1.0000          NULL 
324.0000    5    2.000   1.0000         pwOrt
326.0000    4    2.000   1.0000         pwRep
328.0000    3    2.000   1.0000         rwNov
330.0000    6    2.000   1.0000         pwNov
332.0000    2    2.000   1.0000         rwOrt
334.0000    2    2.000   1.0000         rwOrt
336.0000    5    2.000   1.0000         pwOrt
338.0000    2    2.000   1.0000         rwOrt
340.0000    1    2.000   1.0000         rwRep
342.0000    3    2.000   1.0000         rwNov
344.0000    5    2.000   1.0000         pwOrt
346.0000    2    2.000   1.0000         rwOrt
348.0000    0    2.000   1.0000          NULL 
350.0000    3    2.000   1.0000         rwNov
352.0000    4    2.000   1.0000         pwRep
354.0000    0    2.000   1.0000          NULL 
356.0000    6    2.000   1.0000         pwNov
358.0000    1    2.000   1.0000         rwRep
