  0.0000    4    2.000   1.0000         pwRep
  2.0000    2    2.000   1.0000         rwOrt
  4.0000    1    2.000   1.0000         rwRep
  6.0000    5    2.000   1.0000         pwOrt
  8.0000    5    2.000   1.0000         pwOrt
 10.0000    6    2.000   1.0000         pwNov
 12.0000    2    2.000   1.0000         rwOrt
 14.0000    5    2.000   1.0000         pwOrt
 16.0000    2    2.000   1.0000         rwOrt
 18.0000    0    2.000   1.0000          NULL 
 20.0000    1    2.000   1.0000         rwRep
 22.0000    5    2.000   1.0000         pwOrt
 24.0000    0    2.000   1.0000          NULL 
 26.0000    6    2.000   1.0000         pwNov
 28.0000    4    2.000   1.0000         pwRep
 30.0000    0    2.000   1.0000          NULL 
 32.0000    6    2.000   1.0000         pwNov
 34.0000    5    2.000   1.0000         pwOrt
 36.0000    2    2.000   1.0000         rwOrt
 38.0000    1    2.000   1.0000         rwRep
 40.0000    5    2.000   1.0000         pwOrt
 42.0000    3    2.000   1.0000         rwNov
 44.0000    2    2.000   1.0000         rwOrt
 46.0000    0    6.000   1.0000          NULL 
 52.0000    4    2.000   1.0000         pwRep
 54.0000    4    2.000   1.0000         pwRep
 56.0000    6    2.000   1.0000         pwNov
 58.0000    4    2.000   1.0000         pwRep
 60.0000    0    2.000   1.0000          NULL 
 62.0000    2    2.000   1.0000         rwOrt
 64.0000    2    2.000   1.0000         rwOrt
 66.0000    4    2.000   1.0000         pwRep
 68.0000    0    2.000   1.0000          NULL 
 70.0000    1    2.000   1.0000         rwRep
 72.0000    2    2.000   1.0000         rwOrt
 74.0000    0    2.000   1.0000          NULL 
 76.0000    4    2.000   1.0000         pwRep
 78.0000    2    2.000   1.0000         rwOrt
 80.0000    0    6.000   1.0000          NULL 
 86.0000    2    2.000   1.0000         rwOrt
 88.0000    3    2.000   1.0000         rwNov
 90.0000    0    2.000   1.0000          NULL 
 92.0000    4    2.000   1.0000         pwRep
 94.0000    3    2.000   1.0000         rwNov
 96.0000    5    2.000   1.0000         pwOrt
 98.0000    1    2.000   1.0000         rwRep
100.0000    3    2.000   1.0000         rwNov
102.0000    1    2.000   1.0000         rwRep
104.0000    0    2.000   1.0000          NULL 
106.0000    2    2.000   1.0000         rwOrt
108.0000    6    2.000   1.0000         pwNov
110.0000    1    2.000   1.0000         rwRep
112.0000    0    2.000   1.0000          NULL 
114.0000    6    2.000   1.0000         pwNov
116.0000    3    2.000   1.0000         rwNov
118.0000    0    2.000   1.0000          NULL 
120.0000    6    2.000   1.0000         pwNov
122.0000    4    2.000   1.0000         pwRep
124.0000    3    2.000   1.0000         rwNov
126.0000    3    2.000   1.0000         rwNov
128.0000    3    2.000   1.0000         rwNov
130.0000    5    2.000   1.0000         pwOrt
132.0000    1    2.000   1.0000         rwRep
134.0000    1    2.000   1.0000         rwRep
136.0000    4    2.000   1.0000         pwRep
138.0000    0    2.000   1.0000          NULL 
140.0000    3    2.000   1.0000         rwNov
142.0000    0    6.000   1.0000          NULL 
148.0000    6    2.000   1.0000         pwNov
150.0000    5    2.000   1.0000         pwOrt
152.0000    0    4.000   1.0000          NULL 
156.0000    3    2.000   1.0000         rwNov
158.0000    1    2.000   1.0000         rwRep
160.0000    3    2.000   1.0000         rwNov
162.0000    3    2.000   1.0000         rwNov
164.0000    0    2.000   1.0000          NULL 
166.0000    2    2.000   1.0000         rwOrt
168.0000    2    2.000   1.0000         rwOrt
170.0000    0    4.000   1.0000          NULL 
174.0000    1    2.000   1.0000         rwRep
176.0000    5    2.000   1.0000         pwOrt
178.0000    0    2.000   1.0000          NULL 
180.0000    1    2.000   1.0000         rwRep
182.0000    2    2.000   1.0000         rwOrt
184.0000    4    2.000   1.0000         pwRep
186.0000    5    2.000   1.0000         pwOrt
188.0000    4    2.000   1.0000         pwRep
190.0000    5    2.000   1.0000         pwOrt
192.0000    2    2.000   1.0000         rwOrt
194.0000    5    2.000   1.0000         pwOrt
196.0000    6    2.000   1.0000         pwNov
198.0000    0    2.000   1.0000          NULL 
200.0000    2    2.000   1.0000         rwOrt
202.0000    1    2.000   1.0000         rwRep
204.0000    6    2.000   1.0000         pwNov
206.0000    0    2.000   1.0000          NULL 
208.0000    6    2.000   1.0000         pwNov
210.0000    0    2.000   1.0000          NULL 
212.0000    6    2.000   1.0000         pwNov
214.0000    0    2.000   1.0000          NULL 
216.0000    2    2.000   1.0000         rwOrt
218.0000    3    2.000   1.0000         rwNov
220.0000    0    2.000   1.0000          NULL 
222.0000    4    2.000   1.0000         pwRep
224.0000    3    2.000   1.0000         rwNov
226.0000    6    2.000   1.0000         pwNov
228.0000    0    8.000   1.0000          NULL 
236.0000    6    2.000   1.0000         pwNov
238.0000    5    2.000   1.0000         pwOrt
240.0000    0    4.000   1.0000          NULL 
244.0000    4    2.000   1.0000         pwRep
246.0000    0    2.000   1.0000          NULL 
248.0000    4    2.000   1.0000         pwRep
250.0000    0    4.000   1.0000          NULL 
254.0000    3    2.000   1.0000         rwNov
256.0000    4    2.000   1.0000         pwRep
258.0000    1    2.000   1.0000         rwRep
260.0000    0    4.000   1.0000          NULL 
264.0000    5    2.000   1.0000         pwOrt
266.0000    0    2.000   1.0000          NULL 
268.0000    4    2.000   1.0000         pwRep
270.0000    5    2.000   1.0000         pwOrt
272.0000    5    2.000   1.0000         pwOrt
274.0000    0    2.000   1.0000          NULL 
276.0000    4    2.000   1.0000         pwRep
278.0000    0    4.000   1.0000          NULL 
282.0000    6    2.000   1.0000         pwNov
284.0000    1    2.000   1.0000         rwRep
286.0000    6    2.000   1.0000         pwNov
288.0000    5    2.000   1.0000         pwOrt
290.0000    0    2.000   1.0000          NULL 
292.0000    3    2.000   1.0000         rwNov
294.0000    0    2.000   1.0000          NULL 
296.0000    6    2.000   1.0000         pwNov
298.0000    0    2.000   1.0000          NULL 
300.0000    3    2.000   1.0000         rwNov
302.0000    2    2.000   1.0000         rwOrt
304.0000    0    2.000   1.0000          NULL 
306.0000    3    2.000   1.0000         rwNov
308.0000    3    2.000   1.0000         rwNov
310.0000    0    6.000   1.0000          NULL 
316.0000    4    2.000   1.0000         pwRep
318.0000    6    2.000   1.0000         pwNov
320.0000    0    4.000   1.0000          NULL 
324.0000    6    2.000   1.0000         pwNov
326.0000    5    2.000   1.0000         pwOrt
328.0000    1    2.000   1.0000         rwRep
330.0000    0    2.000   1.0000          NULL 
332.0000    1    2.000   1.0000         rwRep
334.0000    1    2.000   1.0000         rwRep
336.0000    5    2.000   1.0000         pwOrt
338.0000    1    2.000   1.0000         rwRep
340.0000    2    2.000   1.0000         rwOrt
342.0000    6    2.000   1.0000         pwNov
344.0000    0    2.000   1.0000          NULL 
346.0000    3    2.000   1.0000         rwNov
348.0000    4    2.000   1.0000         pwRep
350.0000    1    2.000   1.0000         rwRep
352.0000    0    6.000   1.0000          NULL 
358.0000    2    2.000   1.0000         rwOrt
