  0.0000    4    2.000   1.0000         pwRep
  2.0000    6    2.000   1.0000         pwNov
  4.0000    4    2.000   1.0000         pwRep
  6.0000    1    2.000   1.0000         rwRep
  8.0000    4    2.000   1.0000         pwRep
 10.0000    5    2.000   1.0000         pwOrt
 12.0000    0    4.000   1.0000          NULL 
 16.0000    2    2.000   1.0000         rwOrt
 18.0000    3    2.000   1.0000         rwNov
 20.0000    1    2.000   1.0000         rwRep
 22.0000    4    2.000   1.0000         pwRep
 24.0000    4    2.000   1.0000         pwRep
 26.0000    1    2.000   1.0000         rwRep
 28.0000    4    2.000   1.0000         pwRep
 30.0000    5    2.000   1.0000         pwOrt
 32.0000    0    4.000   1.0000          NULL 
 36.0000    4    2.000   1.0000         pwRep
 38.0000    2    2.000   1.0000         rwOrt
 40.0000    0    2.000   1.0000          NULL 
 42.0000    3    2.000   1.0000         rwNov
 44.0000    0    6.000   1.0000          NULL 
 50.0000    5    2.000   1.0000         pwOrt
 52.0000    1    2.000   1.0000         rwRep
 54.0000    6    2.000   1.0000         pwNov
 56.0000    4    2.000   1.0000         pwRep
 58.0000    3    2.000   1.0000         rwNov
 60.0000    3    2.000   1.0000         rwNov
 62.0000    2    2.000   1.0000         rwOrt
 64.0000    6    2.000   1.0000         pwNov
 66.0000    5    2.000   1.0000         pwOrt
 68.0000    3    2.000   1.0000         rwNov
 70.0000    0    4.000   1.0000          NULL 
 74.0000    6    2.000   1.0000         pwNov
 76.0000    0    2.000   1.0000          NULL 
 78.0000    2    2.000   1.0000         rwOrt
 80.0000    1    2.000   1.0000         rwRep
 82.0000    5    2.000   1.0000         pwOrt
 84.0000    6    2.000   1.0000         pwNov
 86.0000    2    2.000   1.0000         rwOrt
 88.0000    5    2.000   1.0000         pwOrt
 90.0000    2    2.000   1.0000         rwOrt
 92.0000    5    2.000   1.0000         pwOrt
 94.0000    3    2.000   1.0000         rwNov
 96.0000    3    2.000   1.0000         rwNov
 98.0000    6    2.000   1.0000         pwNov
100.0000    3    2.000   1.0000         rwNov
102.0000    0    2.000   1.0000          NULL 
104.0000    6    2.000   1.0000         pwNov
106.0000    3    2.000   1.0000         rwNov
108.0000    2    2.000   1.0000         rwOrt
110.0000    0    2.000   1.0000          NULL 
112.0000    4    2.000   1.0000         pwRep
114.0000    0    2.000   1.0000          NULL 
116.0000    5    2.000   1.0000         pwOrt
118.0000    0    4.000   1.0000          NULL 
122.0000    3    2.000   1.0000         rwNov
124.0000    0    2.000   1.0000          NULL 
126.0000    5    2.000   1.0000         pwOrt
128.0000    5    2.000   1.0000         pwOrt
130.0000    3    2.000   1.0000         rwNov
132.0000    2    2.000   1.0000         rwOrt
134.0000    0    4.000   1.0000          NULL 
138.0000    5    2.000   1.0000         pwOrt
140.0000    6    2.000   1.0000         pwNov
142.0000    0    2.000   1.0000          NULL 
144.0000    4    2.000   1.0000         pwRep
146.0000    0    4.000   1.0000          NULL 
150.0000    2    2.000   1.0000         rwOrt
152.0000    4    2.000   1.0000         pwRep
154.0000    1    2.000   1.0000         rwRep
156.0000    6    2.000   1.0000         pwNov
158.0000    0    2.000   1.0000          NULL 
160.0000    5    2.000   1.0000         pwOrt
162.0000    3    2.000   1.0000         rwNov
164.0000    3    2.000   1.0000         rwNov
166.0000    0    2.000   1.0000          NULL 
168.0000    3    2.000   1.0000         rwNov
170.0000    4    2.000   1.0000         pwRep
172.0000    0    2.000   1.0000          NULL 
174.0000    2    2.000   1.0000         rwOrt
176.0000    4    2.000   1.0000         pwRep
178.0000    4    2.000   1.0000         pwRep
180.0000    0    8.000   1.0000          NULL 
188.0000    5    2.000   1.0000         pwOrt
190.0000    2    2.000   1.0000         rwOrt
192.0000    0    2.000   1.0000          NULL 
194.0000    6    2.000   1.0000         pwNov
196.0000    5    2.000   1.0000         pwOrt
198.0000    0    2.000   1.0000          NULL 
200.0000    3    2.000   1.0000         rwNov
202.0000    6    2.000   1.0000         pwNov
204.0000    0    6.000   1.0000          NULL 
210.0000    4    2.000   1.0000         pwRep
212.0000    0    2.000   1.0000          NULL 
214.0000    1    2.000   1.0000         rwRep
216.0000    3    2.000   1.0000         rwNov
218.0000    0    8.000   1.0000          NULL 
226.0000    6    2.000   1.0000         pwNov
228.0000    4    2.000   1.0000         pwRep
230.0000    1    2.000   1.0000         rwRep
232.0000    0    2.000   1.0000          NULL 
234.0000    5    2.000   1.0000         pwOrt
236.0000    2    2.000   1.0000         rwOrt
238.0000    0    2.000   1.0000          NULL 
240.0000    1    2.000   1.0000         rwRep
242.0000    0    2.000   1.0000          NULL 
244.0000    2    2.000   1.0000         rwOrt
246.0000    3    2.000   1.0000         rwNov
248.0000    1    2.000   1.0000         rwRep
250.0000    1    2.000   1.0000         rwRep
252.0000    0    2.000   1.0000          NULL 
254.0000    3    2.000   1.0000         rwNov
256.0000    4    2.000   1.0000         pwRep
258.0000    0    2.000   1.0000          NULL 
260.0000    5    2.000   1.0000         pwOrt
262.0000    1    2.000   1.0000         rwRep
264.0000    6    2.000   1.0000         pwNov
266.0000    0    2.000   1.0000          NULL 
268.0000    1    2.000   1.0000         rwRep
270.0000    2    2.000   1.0000         rwOrt
272.0000    0    4.000   1.0000          NULL 
276.0000    1    2.000   1.0000         rwRep
278.0000    0    2.000   1.0000          NULL 
280.0000    6    2.000   1.0000         pwNov
282.0000    3    2.000   1.0000         rwNov
284.0000    0    2.000   1.0000          NULL 
286.0000    1    2.000   1.0000         rwRep
288.0000    6    2.000   1.0000         pwNov
290.0000    2    2.000   1.0000         rwOrt
292.0000    0    2.000   1.0000          NULL 
294.0000    6    2.000   1.0000         pwNov
296.0000    1    2.000   1.0000         rwRep
298.0000    1    2.000   1.0000         rwRep
300.0000    5    2.000   1.0000         pwOrt
302.0000    0    2.000   1.0000          NULL 
304.0000    5    2.000   1.0000         pwOrt
306.0000    0    2.000   1.0000          NULL 
308.0000    4    2.000   1.0000         pwRep
310.0000    2    2.000   1.0000         rwOrt
312.0000    0    2.000   1.0000          NULL 
314.0000    4    2.000   1.0000         pwRep
316.0000    2    2.000   1.0000         rwOrt
318.0000    4    2.000   1.0000         pwRep
320.0000    0    2.000   1.0000          NULL 
322.0000    1    2.000   1.0000         rwRep
324.0000    6    2.000   1.0000         pwNov
326.0000    0    4.000   1.0000          NULL 
330.0000    2    2.000   1.0000         rwOrt
332.0000    3    2.000   1.0000         rwNov
334.0000    0    2.000   1.0000          NULL 
336.0000    2    2.000   1.0000         rwOrt
338.0000    0    2.000   1.0000          NULL 
340.0000    6    2.000   1.0000         pwNov
342.0000    6    2.000   1.0000         pwNov
344.0000    6    2.000   1.0000         pwNov
346.0000    0    2.000   1.0000          NULL 
348.0000    1    2.000   1.0000         rwRep
350.0000    2    2.000   1.0000         rwOrt
352.0000    0    2.000   1.0000          NULL 
354.0000    5    2.000   1.0000         pwOrt
356.0000    5    2.000   1.0000         pwOrt
358.0000    1    2.000   1.0000         rwRep
