  0.0000    2    2.000   1.0000         rwOrt
  2.0000    6    2.000   1.0000         pwNov
  4.0000    5    2.000   1.0000         pwOrt
  6.0000    1    2.000   1.0000         rwRep
  8.0000    0    2.000   1.0000          NULL 
 10.0000    2    2.000   1.0000         rwOrt
 12.0000    3    2.000   1.0000         rwNov
 14.0000    4    2.000   1.0000         pwRep
 16.0000    1    2.000   1.0000         rwRep
 18.0000    3    2.000   1.0000         rwNov
 20.0000    0    4.000   1.0000          NULL 
 24.0000    4    2.000   1.0000         pwRep
 26.0000    3    2.000   1.0000         rwNov
 28.0000    0    2.000   1.0000          NULL 
 30.0000    4    2.000   1.0000         pwRep
 32.0000    6    2.000   1.0000         pwNov
 34.0000    6    2.000   1.0000         pwNov
 36.0000    0    2.000   1.0000          NULL 
 38.0000    2    2.000   1.0000         rwOrt
 40.0000    3    2.000   1.0000         rwNov
 42.0000    5    2.000   1.0000         pwOrt
 44.0000    0    6.000   1.0000          NULL 
 50.0000    2    2.000   1.0000         rwOrt
 52.0000    2    2.000   1.0000         rwOrt
 54.0000    1    2.000   1.0000         rwRep
 56.0000    0    4.000   1.0000          NULL 
 60.0000    5    2.000   1.0000         pwOrt
 62.0000    1    2.000   1.0000         rwRep
 64.0000    5    2.000   1.0000         pwOrt
 66.0000    0    2.000   1.0000          NULL 
 68.0000    5    2.000   1.0000         pwOrt
 70.0000    6    2.000   1.0000         pwNov
 72.0000    2    2.000   1.0000         rwOrt
 74.0000    3    2.000   1.0000         rwNov
 76.0000    5    2.000   1.0000         pwOrt
 78.0000    0    2.000   1.0000          NULL 
 80.0000    1    2.000   1.0000         rwRep
 82.0000    2    2.000   1.0000         rwOrt
 84.0000    0    2.000   1.0000          NULL 
 86.0000    2    2.000   1.0000         rwOrt
 88.0000    4    2.000   1.0000         pwRep
 90.0000    0    2.000   1.0000          NULL 
 92.0000    1    2.000   1.0000         rwRep
 94.0000    3    2.000   1.0000         rwNov
 96.0000    2    2.000   1.0000         rwOrt
 98.0000    0    2.000   1.0000          NULL 
100.0000    3    2.000   1.0000         rwNov
102.0000    5    2.000   1.0000         pwOrt
104.0000    0    4.000   1.0000          NULL 
108.0000    4    2.000   1.0000         pwRep
110.0000    4    2.000   1.0000         pwRep
112.0000    1    2.000   1.0000         rwRep
114.0000    2    2.000   1.0000         rwOrt
116.0000    0    2.000   1.0000          NULL 
118.0000    3    2.000   1.0000         rwNov
120.0000    5    2.000   1.0000         pwOrt
122.0000    3    2.000   1.0000         rwNov
124.0000    4    2.000   1.0000         pwRep
126.0000    4    2.000   1.0000         pwRep
128.0000    0    2.000   1.0000          NULL 
130.0000    3    2.000   1.0000         rwNov
132.0000    0    2.000   1.0000          NULL 
134.0000    1    2.000   1.0000         rwRep
136.0000    0    2.000   1.0000          NULL 
138.0000    3    2.000   1.0000         rwNov
140.0000    4    2.000   1.0000         pwRep
142.0000    3    2.000   1.0000         rwNov
144.0000    5    2.000   1.0000         pwOrt
146.0000    5    2.000   1.0000         pwOrt
148.0000    1    2.000   1.0000         rwRep
150.0000    3    2.000   1.0000         rwNov
152.0000    0    2.000   1.0000          NULL 
154.0000    1    2.000   1.0000         rwRep
156.0000    5    2.000   1.0000         pwOrt
158.0000    0    6.000   1.0000          NULL 
164.0000    4    2.000   1.0000         pwRep
166.0000    0    2.000   1.0000          NULL 
168.0000    3    2.000   1.0000         rwNov
170.0000    6    2.000   1.0000         pwNov
172.0000    0    4.000   1.0000          NULL 
176.0000    4    2.000   1.0000         pwRep
178.0000    1    2.000   1.0000         rwRep
180.0000    5    2.000   1.0000         pwOrt
182.0000    6    2.000   1.0000         pwNov
184.0000    2    2.000   1.0000         rwOrt
186.0000    2    2.000   1.0000         rwOrt
188.0000    4    2.000   1.0000         pwRep
190.0000    6    2.000   1.0000         pwNov
192.0000    6    2.000   1.0000         pwNov
194.0000    0    2.000   1.0000          NULL 
196.0000    6    2.000   1.0000         pwNov
198.0000    4    2.000   1.0000         pwRep
200.0000    0    2.000   1.0000          NULL 
202.0000    1    2.000   1.0000         rwRep
204.0000    0    2.000   1.0000          NULL 
206.0000    5    2.000   1.0000         pwOrt
208.0000    1    2.000   1.0000         rwRep
210.0000    4    2.000   1.0000         pwRep
212.0000    6    2.000   1.0000         pwNov
214.0000    0    2.000   1.0000          NULL 
216.0000    1    2.000   1.0000         rwRep
218.0000    6    2.000   1.0000         pwNov
220.0000    1    2.000   1.0000         rwRep
222.0000    5    2.000   1.0000         pwOrt
224.0000    0    6.000   1.0000          NULL 
230.0000    5    2.000   1.0000         pwOrt
232.0000    4    2.000   1.0000         pwRep
234.0000    2    2.000   1.0000         rwOrt
236.0000    6    2.000   1.0000         pwNov
238.0000    4    2.000   1.0000         pwRep
240.0000    5    2.000   1.0000         pwOrt
242.0000    0    6.000   1.0000          NULL 
248.0000    6    2.000   1.0000         pwNov
250.0000    3    2.000   1.0000         rwNov
252.0000    0    6.000   1.0000          NULL 
258.0000    6    2.000   1.0000         pwNov
260.0000    3    2.000   1.0000         rwNov
262.0000    0    2.000   1.0000          NULL 
264.0000    4    2.000   1.0000         pwRep
266.0000    4    2.000   1.0000         pwRep
268.0000    0    4.000   1.0000          NULL 
272.0000    2    2.000   1.0000         rwOrt
274.0000    1    2.000   1.0000         rwRep
276.0000    2    2.000   1.0000         rwOrt
278.0000    1    2.000   1.0000         rwRep
280.0000    0    2.000   1.0000          NULL 
282.0000    3    2.000   1.0000         rwNov
284.0000    0    2.000   1.0000          NULL 
286.0000    6    2.000   1.0000         pwNov
288.0000    0    2.000   1.0000          NULL 
290.0000    3    2.000   1.0000         rwNov
292.0000    0    4.000   1.0000          NULL 
296.0000    6    2.000   1.0000         pwNov
298.0000    0    4.000   1.0000          NULL 
302.0000    6    2.000   1.0000         pwNov
304.0000    6    2.000   1.0000         pwNov
306.0000    2    2.000   1.0000         rwOrt
308.0000    4    2.000   1.0000         pwRep
310.0000    1    2.000   1.0000         rwRep
312.0000    2    2.000   1.0000         rwOrt
314.0000    6    2.000   1.0000         pwNov
316.0000    3    2.000   1.0000         rwNov
318.0000    3    2.000   1.0000         rwNov
320.0000    5    2.000   1.0000         pwOrt
322.0000    0    4.000   1.0000          NULL 
326.0000    5    2.000   1.0000         pwOrt
328.0000    0    2.000   1.0000          NULL 
330.0000    4    2.000   1.0000         pwRep
332.0000    0    2.000   1.0000          NULL 
334.0000    2    2.000   1.0000         rwOrt
336.0000    1    2.000   1.0000         rwRep
338.0000    1    2.000   1.0000         rwRep
340.0000    0    2.000   1.0000          NULL 
342.0000    5    2.000   1.0000         pwOrt
344.0000    5    2.000   1.0000         pwOrt
346.0000    2    2.000   1.0000         rwOrt
348.0000    0    2.000   1.0000          NULL 
350.0000    6    2.000   1.0000         pwNov
352.0000    2    2.000   1.0000         rwOrt
354.0000    0    6.000   1.0000          NULL 
