  0.0000    2    2.000   1.0000         rwOrt
  2.0000    5    2.000   1.0000         pwOrt
  4.0000    1    2.000   1.0000         rwRep
  6.0000    0    2.000   1.0000          NULL 
  8.0000    3    2.000   1.0000         rwNov
 10.0000    0    2.000   1.0000          NULL 
 12.0000    1    2.000   1.0000         rwRep
 14.0000    1    2.000   1.0000         rwRep
 16.0000    1    2.000   1.0000         rwRep
 18.0000    0    2.000   1.0000          NULL 
 20.0000    5    2.000   1.0000         pwOrt
 22.0000    3    2.000   1.0000         rwNov
 24.0000    0    2.000   1.0000          NULL 
 26.0000    6    2.000   1.0000         pwNov
 28.0000    0    6.000   1.0000          NULL 
 34.0000    4    2.000   1.0000         pwRep
 36.0000    6    2.000   1.0000         pwNov
 38.0000    1    2.000   1.0000         rwRep
 40.0000    0    2.000   1.0000          NULL 
 42.0000    4    2.000   1.0000         pwRep
 44.0000    3    2.000   1.0000         rwNov
 46.0000    0    8.000   1.0000          NULL 
 54.0000    3    2.000   1.0000         rwNov
 56.0000    4    2.000   1.0000         pwRep
 58.0000    2    2.000   1.0000         rwOrt
 60.0000    3    2.000   1.0000         rwNov
 62.0000    1    2.000   1.0000         rwRep
 64.0000    5    2.000   1.0000         pwOrt
 66.0000    4    2.000   1.0000         pwRep
 68.0000    1    2.000   1.0000         rwRep
 70.0000    2    2.000   1.0000         rwOrt
 72.0000    6    2.000   1.0000         pwNov
 74.0000    0    2.000   1.0000          NULL 
 76.0000    3    2.000   1.0000         rwNov
 78.0000    6    2.000   1.0000         pwNov
 80.0000    2    2.000   1.0000         rwOrt
 82.0000    0    2.000   1.0000          NULL 
 84.0000    5    2.000   1.0000         pwOrt
 86.0000    6    2.000   1.0000         pwNov
 88.0000    5    2.000   1.0000         pwOrt
 90.0000    0    2.000   1.0000          NULL 
 92.0000    3    2.000   1.0000         rwNov
 94.0000    0    2.000   1.0000          NULL 
 96.0000    3    2.000   1.0000         rwNov
 98.0000    6    2.000   1.0000         pwNov
100.0000    6    2.000   1.0000         pwNov
102.0000    0    4.000   1.0000          NULL 
106.0000    1    2.000   1.0000         rwRep
108.0000    0    2.000   1.0000          NULL 
110.0000    2    2.000   1.0000         rwOrt
112.0000    5    2.000   1.0000         pwOrt
114.0000    6    2.000   1.0000         pwNov
116.0000    3    2.000   1.0000         rwNov
118.0000    6    2.000   1.0000         pwNov
120.0000    4    2.000   1.0000         pwRep
122.0000    0    2.000   1.0000          NULL 
124.0000    3    2.000   1.0000         rwNov
126.0000    5    2.000   1.0000         pwOrt
128.0000    5    2.000   1.0000         pwOrt
130.0000    0    2.000   1.0000          NULL 
132.0000    4    2.000   1.0000         pwRep
134.0000    4    2.000   1.0000         pwRep
136.0000    5    2.000   1.0000         pwOrt
138.0000    3    2.000   1.0000         rwNov
140.0000    6    2.000   1.0000         pwNov
142.0000    0    2.000   1.0000          NULL 
144.0000    5    2.000   1.0000         pwOrt
146.0000    2    2.000   1.0000         rwOrt
148.0000    5    2.000   1.0000         pwOrt
150.0000    3    2.000   1.0000         rwNov
152.0000    0    4.000   1.0000          NULL 
156.0000    1    2.000   1.0000         rwRep
158.0000    0    2.000   1.0000          NULL 
160.0000    6    2.000   1.0000         pwNov
162.0000    4    2.000   1.0000         pwRep
164.0000    0    2.000   1.0000          NULL 
166.0000    2    2.000   1.0000         rwOrt
168.0000    5    2.000   1.0000         pwOrt
170.0000    0    2.000   1.0000          NULL 
172.0000    6    2.000   1.0000         pwNov
174.0000    6    2.000   1.0000         pwNov
176.0000    0    2.000   1.0000          NULL 
178.0000    4    2.000   1.0000         pwRep
180.0000    0    2.000   1.0000          NULL 
182.0000    1    2.000   1.0000         rwRep
184.0000    4    2.000   1.0000         pwRep
186.0000    4    2.000   1.0000         pwRep
188.0000    3    2.000   1.0000         rwNov
190.0000    0    2.000   1.0000          NULL 
192.0000    1    2.000   1.0000         rwRep
194.0000    5    2.000   1.0000         pwOrt
196.0000    2    2.000   1.0000         rwOrt
198.0000    4    2.000   1.0000         pwRep
200.0000    2    2.000   1.0000         rwOrt
202.0000    6    2.000   1.0000         pwNov
204.0000    2    2.000   1.0000         rwOrt
206.0000    3    2.000   1.0000         rwNov
208.0000    0    6.000   1.0000          NULL 
214.0000    3    2.000   1.0000         rwNov
216.0000    0    2.000   1.0000          NULL 
218.0000    2    2.000   1.0000         rwOrt
220.0000    2    2.000   1.0000         rwOrt
222.0000    2    2.000   1.0000         rwOrt
224.0000    0    4.000   1.0000          NULL 
228.0000    6    2.000   1.0000         pwNov
230.0000    6    2.000   1.0000         pwNov
232.0000    1    2.000   1.0000         rwRep
234.0000    5    2.000   1.0000         pwOrt
236.0000    0    2.000   1.0000          NULL 
238.0000    3    2.000   1.0000         rwNov
240.0000    0    2.000   1.0000          NULL 
242.0000    5    2.000   1.0000         pwOrt
244.0000    1    2.000   1.0000         rwRep
246.0000    0    6.000   1.0000          NULL 
252.0000    3    2.000   1.0000         rwNov
254.0000    0    2.000   1.0000          NULL 
256.0000    4    2.000   1.0000         pwRep
258.0000    0    2.000   1.0000          NULL 
260.0000    2    2.000   1.0000         rwOrt
262.0000    0    2.000   1.0000          NULL 
264.0000    4    2.000   1.0000         pwRep
266.0000    2    2.000   1.0000         rwOrt
268.0000    4    2.000   1.0000         pwRep
270.0000    5    2.000   1.0000         pwOrt
272.0000    4    2.000   1.0000         pwRep
274.0000    4    2.000   1.0000         pwRep
276.0000    0    2.000   1.0000          NULL 
278.0000    6    2.000   1.0000         pwNov
280.0000    4    2.000   1.0000         pwRep
282.0000    1    2.000   1.0000         rwRep
284.0000    0    2.000   1.0000          NULL 
286.0000    1    2.000   1.0000         rwRep
288.0000    1    2.000   1.0000         rwRep
290.0000    0    2.000   1.0000          NULL 
292.0000    2    2.000   1.0000         rwOrt
294.0000    0    2.000   1.0000          NULL 
296.0000    1    2.000   1.0000         rwRep
298.0000    5    2.000   1.0000         pwOrt
300.0000    0    2.000   1.0000          NULL 
302.0000    6    2.000   1.0000         pwNov
304.0000    1    2.000   1.0000         rwRep
306.0000    0    4.000   1.0000          NULL 
310.0000    2    2.000   1.0000         rwOrt
312.0000    6    2.000   1.0000         pwNov
314.0000    5    2.000   1.0000         pwOrt
316.0000    4    2.000   1.0000         pwRep
318.0000    2    2.000   1.0000         rwOrt
320.0000    2    2.000   1.0000         rwOrt
322.0000    0    6.000   1.0000          NULL 
328.0000    3    2.000   1.0000         rwNov
330.0000    3    2.000   1.0000         rwNov
332.0000    2    2.000   1.0000         rwOrt
334.0000    6    2.000   1.0000         pwNov
336.0000    0    2.000   1.0000          NULL 
338.0000    3    2.000   1.0000         rwNov
340.0000    0    2.000   1.0000          NULL 
342.0000    5    2.000   1.0000         pwOrt
344.0000    0    2.000   1.0000          NULL 
346.0000    5    2.000   1.0000         pwOrt
348.0000    4    2.000   1.0000         pwRep
350.0000    0    2.000   1.0000          NULL 
352.0000    1    2.000   1.0000         rwRep
354.0000    1    2.000   1.0000         rwRep
356.0000    0    4.000   1.0000          NULL 
