  0.0000    1    2.000   1.0000         rwRep
  2.0000    2    2.000   1.0000         rwOrt
  4.0000    2    2.000   1.0000         rwOrt
  6.0000    5    2.000   1.0000         pwOrt
  8.0000    1    2.000   1.0000         rwRep
 10.0000    6    2.000   1.0000         pwNov
 12.0000    0    4.000   1.0000          NULL 
 16.0000    4    2.000   1.0000         pwRep
 18.0000    6    2.000   1.0000         pwNov
 20.0000    2    2.000   1.0000         rwOrt
 22.0000    3    2.000   1.0000         rwNov
 24.0000    2    2.000   1.0000         rwOrt
 26.0000    6    2.000   1.0000         pwNov
 28.0000    1    2.000   1.0000         rwRep
 30.0000    0    2.000   1.0000          NULL 
 32.0000    6    2.000   1.0000         pwNov
 34.0000    2    2.000   1.0000         rwOrt
 36.0000    0    2.000   1.0000          NULL 
 38.0000    3    2.000   1.0000         rwNov
 40.0000    1    2.000   1.0000         rwRep
 42.0000    0    2.000   1.0000          NULL 
 44.0000    2    2.000   1.0000         rwOrt
 46.0000    6    2.000   1.0000         pwNov
 48.0000    3    2.000   1.0000         rwNov
 50.0000    3    2.000   1.0000         rwNov
 52.0000    0    4.000   1.0000          NULL 
 56.0000    5    2.000   1.0000         pwOrt
 58.0000    3    2.000   1.0000         rwNov
 60.0000    3    2.000   1.0000         rwNov
 62.0000    1    2.000   1.0000         rwRep
 64.0000    4    2.000   1.0000         pwRep
 66.0000    6    2.000   1.0000         pwNov
 68.0000    2    2.000   1.0000         rwOrt
 70.0000    2    2.000   1.0000         rwOrt
 72.0000    4    2.000   1.0000         pwRep
 74.0000    1    2.000   1.0000         rwRep
 76.0000    2    2.000   1.0000         rwOrt
 78.0000    0    4.000   1.0000          NULL 
 82.0000    4    2.000   1.0000         pwRep
 84.0000    5    2.000   1.0000         pwOrt
 86.0000    6    2.000   1.0000         pwNov
 88.0000    0    2.000   1.0000          NULL 
 90.0000    1    2.000   1.0000         rwRep
 92.0000    5    2.000   1.0000         pwOrt
 94.0000    5    2.000   1.0000         pwOrt
 96.0000    0    2.000   1.0000          NULL 
 98.0000    6    2.000   1.0000         pwNov
100.0000    2    2.000   1.0000         rwOrt
102.0000    1    2.000   1.0000         rwRep
104.0000    6    2.000   1.0000         pwNov
106.0000    5    2.000   1.0000         pwOrt
108.0000    4    2.000   1.0000         pwRep
110.0000    0    2.000   1.0000          NULL 
112.0000    4    2.000   1.0000         pwRep
114.0000    0    4.000   1.0000          NULL 
118.0000    5    2.000   1.0000         pwOrt
120.0000    5    2.000   1.0000         pwOrt
122.0000    1    2.000   1.0000         rwRep
124.0000    2    2.000   1.0000         rwOrt
126.0000    0    6.000   1.0000          NULL 
132.0000    2    2.000   1.0000         rwOrt
134.0000    4    2.000   1.0000         pwRep
136.0000    3    2.000   1.0000         rwNov
138.0000    5    2.000   1.0000         pwOrt
140.0000    2    2.000   1.0000         rwOrt
142.0000    4    2.000   1.0000         pwRep
144.0000    5    2.000   1.0000         pwOrt
146.0000    0    4.000   1.0000          NULL 
150.0000    6    2.000   1.0000         pwNov
152.0000    6    2.000   1.0000         pwNov
154.0000    0    2.000   1.0000          NULL 
156.0000    5    2.000   1.0000         pwOrt
158.0000    4    2.000   1.0000         pwRep
160.0000    5    2.000   1.0000         pwOrt
162.0000    4    2.000   1.0000         pwRep
164.0000    6    2.000   1.0000         pwNov
166.0000    0    4.000   1.0000          NULL 
170.0000    5    2.000   1.0000         pwOrt
172.0000    6    2.000   1.0000         pwNov
174.0000    2    2.000   1.0000         rwOrt
176.0000    2    2.000   1.0000         rwOrt
178.0000    3    2.000   1.0000         rwNov
180.0000    0    2.000   1.0000          NULL 
182.0000    1    2.000   1.0000         rwRep
184.0000    0    2.000   1.0000          NULL 
186.0000    5    2.000   1.0000         pwOrt
188.0000    1    2.000   1.0000         rwRep
190.0000    0    2.000   1.0000          NULL 
192.0000    4    2.000   1.0000         pwRep
194.0000    1    2.000   1.0000         rwRep
196.0000    5    2.000   1.0000         pwOrt
198.0000    1    2.000   1.0000         rwRep
200.0000    0    6.000   1.0000          NULL 
206.0000    4    2.000   1.0000         pwRep
208.0000    0    2.000   1.0000          NULL 
210.0000    4    2.000   1.0000         pwRep
212.0000    2    2.000   1.0000         rwOrt
214.0000    5    2.000   1.0000         pwOrt
216.0000    0    4.000   1.0000          NULL 
220.0000    3    2.000   1.0000         rwNov
222.0000    3    2.000   1.0000         rwNov
224.0000    0    2.000   1.0000          NULL 
226.0000    5    2.000   1.0000         pwOrt
228.0000    0    2.000   1.0000          NULL 
230.0000    1    2.000   1.0000         rwRep
232.0000    0    2.000   1.0000          NULL 
234.0000    6    2.000   1.0000         pwNov
236.0000    5    2.000   1.0000         pwOrt
238.0000    5    2.000   1.0000         pwOrt
240.0000    0    2.000   1.0000          NULL 
242.0000    3    2.000   1.0000         rwNov
244.0000    0    2.000   1.0000          NULL 
246.0000    5    2.000   1.0000         pwOrt
248.0000    1    2.000   1.0000         rwRep
250.0000    4    2.000   1.0000         pwRep
252.0000    0    2.000   1.0000          NULL 
254.0000    6    2.000   1.0000         pwNov
256.0000    3    2.000   1.0000         rwNov
258.0000    2    2.000   1.0000         rwOrt
260.0000    0    4.000   1.0000          NULL 
264.0000    6    2.000   1.0000         pwNov
266.0000    0    2.000   1.0000          NULL 
268.0000    1    2.000   1.0000         rwRep
270.0000    0    4.000   1.0000          NULL 
274.0000    6    2.000   1.0000         pwNov
276.0000    2    2.000   1.0000         rwOrt
278.0000    1    2.000   1.0000         rwRep
280.0000    3    2.000   1.0000         rwNov
282.0000    0    4.000   1.0000          NULL 
286.0000    1    2.000   1.0000         rwRep
288.0000    3    2.000   1.0000         rwNov
290.0000    3    2.000   1.0000         rwNov
292.0000    0    2.000   1.0000          NULL 
294.0000    2    2.000   1.0000         rwOrt
296.0000    6    2.000   1.0000         pwNov
298.0000    4    2.000   1.0000         pwRep
300.0000    0    2.000   1.0000          NULL 
302.0000    4    2.000   1.0000         pwRep
304.0000    1    2.000   1.0000         rwRep
306.0000    0    2.000   1.0000          NULL 
308.0000    2    2.000   1.0000         rwOrt
310.0000    4    2.000   1.0000         pwRep
312.0000    0    8.000   1.0000          NULL 
320.0000    3    2.000   1.0000         rwNov
322.0000    3    2.000   1.0000         rwNov
324.0000    0    4.000   1.0000          NULL 
328.0000    3    2.000   1.0000         rwNov
330.0000    0    2.000   1.0000          NULL 
332.0000    1    2.000   1.0000         rwRep
334.0000    4    2.000   1.0000         pwRep
336.0000    0    8.000   1.0000          NULL 
344.0000    3    2.000   1.0000         rwNov
346.0000    4    2.000   1.0000         pwRep
348.0000    6    2.000   1.0000         pwNov
350.0000    4    2.000   1.0000         pwRep
352.0000    0    2.000   1.0000          NULL 
354.0000    3    2.000   1.0000         rwNov
356.0000    0    2.000   1.0000          NULL 
358.0000    6    2.000   1.0000         pwNov
