  0.0000    3    2.000   1.0000         rwNov
  2.0000    3    2.000   1.0000         rwNov
  4.0000    2    2.000   1.0000         rwOrt
  6.0000    2    2.000   1.0000         rwOrt
  8.0000    0    2.000   1.0000          NULL 
 10.0000    2    2.000   1.0000         rwOrt
 12.0000    5    2.000   1.0000         pwOrt
 14.0000    0    4.000   1.0000          NULL 
 18.0000    1    2.000   1.0000         rwRep
 20.0000    4    2.000   1.0000         pwRep
 22.0000    2    2.000   1.0000         rwOrt
 24.0000    6    2.000   1.0000         pwNov
 26.0000    0    2.000   1.0000          NULL 
 28.0000    6    2.000   1.0000         pwNov
 30.0000    1    2.000   1.0000         rwRep
 32.0000    6    2.000   1.0000         pwNov
 34.0000    4    2.000   1.0000         pwRep
 36.0000    1    2.000   1.0000         rwRep
 38.0000    1    2.000   1.0000         rwRep
 40.0000    5    2.000   1.0000         pwOrt
 42.0000    0    2.000   1.0000          NULL 
 44.0000    1    2.000   1.0000         rwRep
 46.0000    6    2.000   1.0000         pwNov
 48.0000    4    2.000   1.0000         pwRep
 50.0000    3    2.000   1.0000         rwNov
 52.0000    0    2.000   1.0000          NULL 
 54.0000    3    2.000   1.0000         rwNov
 56.0000    0    4.000   1.0000          NULL 
 60.0000    1    2.000   1.0000         rwRep
 62.0000    2    2.000   1.0000         rwOrt
 64.0000    0    2.000   1.0000          NULL 
 66.0000    5    2.000   1.0000         pwOrt
 68.0000    5    2.000   1.0000         pwOrt
 70.0000    1    2.000   1.0000         rwRep
 72.0000    3    2.000   1.0000         rwNov
 74.0000    3    2.000   1.0000         rwNov
 76.0000    5    2.000   1.0000         pwOrt
 78.0000    6    2.000   1.0000         pwNov
 80.0000    0    2.000   1.0000          NULL 
 82.0000    4    2.000   1.0000         pwRep
 84.0000    5    2.000   1.0000         pwOrt
 86.0000    5    2.000   1.0000         pwOrt
 88.0000    2    2.000   1.0000         rwOrt
 90.0000    0    2.000   1.0000          NULL 
 92.0000    2    2.000   1.0000         rwOrt
 94.0000    5    2.000   1.0000         pwOrt
 96.0000    1    2.000   1.0000         rwRep
 98.0000    2    2.000   1.0000         rwOrt
100.0000    5    2.000   1.0000         pwOrt
102.0000    3    2.000   1.0000         rwNov
104.0000    0    2.000   1.0000          NULL 
106.0000    2    2.000   1.0000         rwOrt
108.0000    5    2.000   1.0000         pwOrt
110.0000    0    2.000   1.0000          NULL 
112.0000    4    2.000   1.0000         pwRep
114.0000    0    2.000   1.0000          NULL 
116.0000    3    2.000   1.0000         rwNov
118.0000    0    2.000   1.0000          NULL 
120.0000    2    2.000   1.0000         rwOrt
122.0000    0    4.000   1.0000          NULL 
126.0000    6    2.000   1.0000         pwNov
128.0000    3    2.000   1.0000         rwNov
130.0000    2    2.000   1.0000         rwOrt
132.0000    3    2.000   1.0000         rwNov
134.0000    3    2.000   1.0000         rwNov
136.0000    0    2.000   1.0000          NULL 
138.0000    6    2.000   1.0000         pwNov
140.0000    4    2.000   1.0000         pwRep
142.0000    6    2.000   1.0000         pwNov
144.0000    1    2.000   1.0000         rwRep
146.0000    5    2.000   1.0000         pwOrt
148.0000    4    2.000   1.0000         pwRep
150.0000    0    2.000   1.0000          NULL 
152.0000    2    2.000   1.0000         rwOrt
154.0000    0    8.000   1.0000          NULL 
162.0000    2    2.000   1.0000         rwOrt
164.0000    4    2.000   1.0000         pwRep
166.0000    5    2.000   1.0000         pwOrt
168.0000    6    2.000   1.0000         pwNov
170.0000    5    2.000   1.0000         pwOrt
172.0000    1    2.000   1.0000         rwRep
174.0000    2    2.000   1.0000         rwOrt
176.0000    0    4.000   1.0000          NULL 
180.0000    3    2.000   1.0000         rwNov
182.0000    3    2.000   1.0000         rwNov
184.0000    3    2.000   1.0000         rwNov
186.0000    0    4.000   1.0000          NULL 
190.0000    5    2.000   1.0000         pwOrt
192.0000    1    2.000   1.0000         rwRep
194.0000    1    2.000   1.0000         rwRep
196.0000    6    2.000   1.0000         pwNov
198.0000    0    2.000   1.0000          NULL 
200.0000    2    2.000   1.0000         rwOrt
202.0000    6    2.000   1.0000         pwNov
204.0000    0    6.000   1.0000          NULL 
210.0000    6    2.000   1.0000         pwNov
212.0000    2    2.000   1.0000         rwOrt
214.0000    0    2.000   1.0000          NULL 
216.0000    5    2.000   1.0000         pwOrt
218.0000    4    2.000   1.0000         pwRep
220.0000    4    2.000   1.0000         pwRep
222.0000    4    2.000   1.0000         pwRep
224.0000    4    2.000   1.0000         pwRep
226.0000    0    2.000   1.0000          NULL 
228.0000    3    2.000   1.0000         rwNov
230.0000    6    2.000   1.0000         pwNov
232.0000    5    2.000   1.0000         pwOrt
234.0000    0    2.000   1.0000          NULL 
236.0000    6    2.000   1.0000         pwNov
238.0000    0    6.000   1.0000          NULL 
244.0000    6    2.000   1.0000         pwNov
246.0000    0    2.000   1.0000          NULL 
248.0000    5    2.000   1.0000         pwOrt
250.0000    0    2.000   1.0000          NULL 
252.0000    4    2.000   1.0000         pwRep
254.0000    1    2.000   1.0000         rwRep
256.0000    0    6.000   1.0000          NULL 
262.0000    6    2.000   1.0000         pwNov
264.0000    2    2.000   1.0000         rwOrt
266.0000    0    2.000   1.0000          NULL 
268.0000    4    2.000   1.0000         pwRep
270.0000    1    2.000   1.0000         rwRep
272.0000    0    2.000   1.0000          NULL 
274.0000    4    2.000   1.0000         pwRep
276.0000    3    2.000   1.0000         rwNov
278.0000    4    2.000   1.0000         pwRep
280.0000    0    4.000   1.0000          NULL 
284.0000    6    2.000   1.0000         pwNov
286.0000    1    2.000   1.0000         rwRep
288.0000    0    6.000   1.0000          NULL 
294.0000    5    2.000   1.0000         pwOrt
296.0000    2    2.000   1.0000         rwOrt
298.0000    1    2.000   1.0000         rwRep
300.0000    2    2.000   1.0000         rwOrt
302.0000    0    2.000   1.0000          NULL 
304.0000    3    2.000   1.0000         rwNov
306.0000    6    2.000   1.0000         pwNov
308.0000    0    2.000   1.0000          NULL 
310.0000    1    2.000   1.0000         rwRep
312.0000    0    2.000   1.0000          NULL 
314.0000    5    2.000   1.0000         pwOrt
316.0000    4    2.000   1.0000         pwRep
318.0000    0    2.000   1.0000          NULL 
320.0000    1    2.000   1.0000         rwRep
322.0000    0    2.000   1.0000          NULL 
324.0000    1    2.000   1.0000         rwRep
326.0000    4    2.000   1.0000         pwRep
328.0000    6    2.000   1.0000         pwNov
330.0000    6    2.000   1.0000         pwNov
332.0000    0    2.000   1.0000          NULL 
334.0000    1    2.000   1.0000         rwRep
336.0000    3    2.000   1.0000         rwNov
338.0000    3    2.000   1.0000         rwNov
340.0000    5    2.000   1.0000         pwOrt
342.0000    4    2.000   1.0000         pwRep
344.0000    0    2.000   1.0000          NULL 
346.0000    4    2.000   1.0000         pwRep
348.0000    0    6.000   1.0000          NULL 
354.0000    3    2.000   1.0000         rwNov
356.0000    2    2.000   1.0000         rwOrt
358.0000    0    2.000   1.0000          NULL 
