  0.0000    2    2.000   1.0000         rwOrt
  2.0000    2    2.000   1.0000         rwOrt
  4.0000    2    2.000   1.0000         rwOrt
  6.0000    5    2.000   1.0000         pwOrt
  8.0000    0    4.000   1.0000          NULL 
 12.0000    2    2.000   1.0000         rwOrt
 14.0000    0    2.000   1.0000          NULL 
 16.0000    1    2.000   1.0000         rwRep
 18.0000    4    2.000   1.0000         pwRep
 20.0000    3    2.000   1.0000         rwNov
 22.0000    3    2.000   1.0000         rwNov
 24.0000    2    2.000   1.0000         rwOrt
 26.0000    0    2.000   1.0000          NULL 
 28.0000    1    2.000   1.0000         rwRep
 30.0000    5    2.000   1.0000         pwOrt
 32.0000    2    2.000   1.0000         rwOrt
 34.0000    1    2.000   1.0000         rwRep
 36.0000    0    2.000   1.0000          NULL 
 38.0000    2    2.000   1.0000         rwOrt
 40.0000    5    2.000   1.0000         pwOrt
 42.0000    5    2.000   1.0000         pwOrt
 44.0000    4    2.000   1.0000         pwRep
 46.0000    4    2.000   1.0000         pwRep
 48.0000    0    2.000   1.0000          NULL 
 50.0000    4    2.000   1.0000         pwRep
 52.0000    2    2.000   1.0000         rwOrt
 54.0000    4    2.000   1.0000         pwRep
 56.0000    2    2.000   1.0000         rwOrt
 58.0000    0    2.000   1.0000          NULL 
 60.0000    3    2.000   1.0000         rwNov
 62.0000    3    2.000   1.0000         rwNov
 64.0000    1    2.000   1.0000         rwRep
 66.0000    2    2.000   1.0000         rwOrt
 68.0000    0    4.000   1.0000          NULL 
 72.0000    4    2.000   1.0000         pwRep
 74.0000    1    2.000   1.0000         rwRep
 76.0000    0    2.000   1.0000          NULL 
 78.0000    1    2.000   1.0000         rwRep
 80.0000    4    2.000   1.0000         pwRep
 82.0000    0    2.000   1.0000          NULL 
 84.0000    1    2.000   1.0000         rwRep
 86.0000    5    2.000   1.0000         pwOrt
 88.0000    2    2.000   1.0000         rwOrt
 90.0000    3    2.000   1.0000         rwNov
 92.0000    3    2.000   1.0000         rwNov
 94.0000    6    2.000   1.0000         pwNov
 96.0000    0    4.000   1.0000          NULL 
100.0000    5    2.000   1.0000         pwOrt
102.0000    5    2.000   1.0000         pwOrt
104.0000    5    2.000   1.0000         pwOrt
106.0000    6    2.000   1.0000         pwNov
108.0000    6    2.000   1.0000         pwNov
110.0000    6    2.000   1.0000         pwNov
112.0000    6    2.000   1.0000         pwNov
114.0000    0    4.000   1.0000          NULL 
118.0000    6    2.000   1.0000         pwNov
120.0000    0    2.000   1.0000          NULL 
122.0000    3    2.000   1.0000         rwNov
124.0000    4    2.000   1.0000         pwRep
126.0000    5    2.000   1.0000         pwOrt
128.0000    1    2.000   1.0000         rwRep
130.0000    6    2.000   1.0000         pwNov
132.0000    5    2.000   1.0000         pwOrt
134.0000    0    2.000   1.0000          NULL 
136.0000    1    2.000   1.0000         rwRep
138.0000    1    2.000   1.0000         rwRep
140.0000    5    2.000   1.0000         pwOrt
142.0000    6    2.000   1.0000         pwNov
144.0000    0    6.000   1.0000          NULL 
150.0000    1    2.000   1.0000         rwRep
152.0000    6    2.000   1.0000         pwNov
154.0000    0    2.000   1.0000          NULL 
156.0000    2    2.000   1.0000         rwOrt
158.0000    4    2.000   1.0000         pwRep
160.0000    6    2.000   1.0000         pwNov
162.0000    2    2.000   1.0000         rwOrt
164.0000    0    2.000   1.0000          NULL 
166.0000    5    2.000   1.0000         pwOrt
168.0000    0    2.000   1.0000          NULL 
170.0000    6    2.000   1.0000         pwNov
172.0000    0    2.000   1.0000          NULL 
174.0000    1    2.000   1.0000         rwRep
176.0000    0    4.000   1.0000          NULL 
180.0000    6    2.000   1.0000         pwNov
182.0000    6    2.000   1.0000         pwNov
184.0000    5    2.000   1.0000         pwOrt
186.0000    0    2.000   1.0000          NULL 
188.0000    5    2.000   1.0000         pwOrt
190.0000    0    2.000   1.0000          NULL 
192.0000    5    2.000   1.0000         pwOrt
194.0000    0    2.000   1.0000          NULL 
196.0000    3    2.000   1.0000         rwNov
198.0000    0    4.000   1.0000          NULL 
202.0000    3    2.000   1.0000         rwNov
204.0000    6    2.000   1.0000         pwNov
206.0000    0    8.000   1.0000          NULL 
214.0000    4    2.000   1.0000         pwRep
216.0000    2    2.000   1.0000         rwOrt
218.0000    4    2.000   1.0000         pwRep
220.0000    0    2.000   1.0000          NULL 
222.0000    4    2.000   1.0000         pwRep
224.0000    0    8.000   1.0000          NULL 
232.0000    6    2.000   1.0000         pwNov
234.0000    3    2.000   1.0000         rwNov
236.0000    4    2.000   1.0000         pwRep
238.0000    0    2.000   1.0000          NULL 
240.0000    1    2.000   1.0000         rwRep
242.0000    4    2.000   1.0000         pwRep
244.0000    6    2.000   1.0000         pwNov
246.0000    3    2.000   1.0000         rwNov
248.0000    1    2.000   1.0000         rwRep
250.0000    0    2.000   1.0000          NULL 
252.0000    5    2.000   1.0000         pwOrt
254.0000    4    2.000   1.0000         pwRep
256.0000    2    2.000   1.0000         rwOrt
258.0000    2    2.000   1.0000         rwOrt
260.0000    6    2.000   1.0000         pwNov
262.0000    0    2.000   1.0000          NULL 
264.0000    3    2.000   1.0000         rwNov
266.0000    0    2.000   1.0000          NULL 
268.0000    4    2.000   1.0000         pwRep
270.0000    2    2.000   1.0000         rwOrt
272.0000    3    2.000   1.0000         rwNov
274.0000    0    4.000   1.0000          NULL 
278.0000    3    2.000   1.0000         rwNov
280.0000    1    2.000   1.0000         rwRep
282.0000    0    4.000   1.0000          NULL 
286.0000    6    2.000   1.0000         pwNov
288.0000    0    2.000   1.0000          NULL 
290.0000    1    2.000   1.0000         rwRep
292.0000    6    2.000   1.0000         pwNov
294.0000    1    2.000   1.0000         rwRep
296.0000    3    2.000   1.0000         rwNov
298.0000    3    2.000   1.0000         rwNov
300.0000    2    2.000   1.0000         rwOrt
302.0000    0    2.000   1.0000          NULL 
304.0000    1    2.000   1.0000         rwRep
306.0000    1    2.000   1.0000         rwRep
308.0000    2    2.000   1.0000         rwOrt
310.0000    0    6.000   1.0000          NULL 
316.0000    4    2.000   1.0000         pwRep
318.0000    4    2.000   1.0000         pwRep
320.0000    3    2.000   1.0000         rwNov
322.0000    4    2.000   1.0000         pwRep
324.0000    5    2.000   1.0000         pwOrt
326.0000    0    2.000   1.0000          NULL 
328.0000    6    2.000   1.0000         pwNov
330.0000    3    2.000   1.0000         rwNov
332.0000    0    2.000   1.0000          NULL 
334.0000    5    2.000   1.0000         pwOrt
336.0000    0    2.000   1.0000          NULL 
338.0000    3    2.000   1.0000         rwNov
340.0000    3    2.000   1.0000         rwNov
342.0000    0    2.000   1.0000          NULL 
344.0000    5    2.000   1.0000         pwOrt
346.0000    5    2.000   1.0000         pwOrt
348.0000    0    2.000   1.0000          NULL 
350.0000    2    2.000   1.0000         rwOrt
352.0000    1    2.000   1.0000         rwRep
354.0000    4    2.000   1.0000         pwRep
356.0000    0    4.000   1.0000          NULL 
