  0.0000    3    2.000   1.0000         rwNov
  2.0000    3    2.000   1.0000         rwNov
  4.0000    2    2.000   1.0000         rwOrt
  6.0000    3    2.000   1.0000         rwNov
  8.0000    4    2.000   1.0000         pwRep
 10.0000    6    2.000   1.0000         pwNov
 12.0000    2    2.000   1.0000         rwOrt
 14.0000    6    2.000   1.0000         pwNov
 16.0000    4    2.000   1.0000         pwRep
 18.0000    0    2.000   1.0000          NULL 
 20.0000    1    2.000   1.0000         rwRep
 22.0000    1    2.000   1.0000         rwRep
 24.0000    0    2.000   1.0000          NULL 
 26.0000    3    2.000   1.0000         rwNov
 28.0000    0    2.000   1.0000          NULL 
 30.0000    6    2.000   1.0000         pwNov
 32.0000    0    2.000   1.0000          NULL 
 34.0000    6    2.000   1.0000         pwNov
 36.0000    2    2.000   1.0000         rwOrt
 38.0000    2    2.000   1.0000         rwOrt
 40.0000    0    2.000   1.0000          NULL 
 42.0000    3    2.000   1.0000         rwNov
 44.0000    0    2.000   1.0000          NULL 
 46.0000    5    2.000   1.0000         pwOrt
 48.0000    5    2.000   1.0000         pwOrt
 50.0000    2    2.000   1.0000         rwOrt
 52.0000    6    2.000   1.0000         pwNov
 54.0000    4    2.000   1.0000         pwRep
 56.0000    3    2.000   1.0000         rwNov
 58.0000    0    4.000   1.0000          NULL 
 62.0000    4    2.000   1.0000         pwRep
 64.0000    5    2.000   1.0000         pwOrt
 66.0000    0    2.000   1.0000          NULL 
 68.0000    3    2.000   1.0000         rwNov
 70.0000    2    2.000   1.0000         rwOrt
 72.0000    0    2.000   1.0000          NULL 
 74.0000    2    2.000   1.0000         rwOrt
 76.0000    4    2.000   1.0000         pwRep
 78.0000    0    2.000   1.0000          NULL 
 80.0000    3    2.000   1.0000         rwNov
 82.0000    0    4.000   1.0000          NULL 
 86.0000    2    2.000   1.0000         rwOrt
 88.0000    3    2.000   1.0000         rwNov
 90.0000    0    2.000   1.0000          NULL 
 92.0000    3    2.000   1.0000         rwNov
 94.0000    0    2.000   1.0000          NULL 
 96.0000    4    2.000   1.0000         pwRep
 98.0000    1    2.000   1.0000         rwRep
100.0000    0    2.000   1.0000          NULL 
102.0000    6    2.000   1.0000         pwNov
104.0000    5    2.000   1.0000         pwOrt
106.0000    6    2.000   1.0000         pwNov
108.0000    5    2.000   1.0000         pwOrt
110.0000    0    2.000   1.0000          NULL 
112.0000    4    2.000   1.0000         pwRep
114.0000    0    4.000   1.0000          NULL 
118.0000    6    2.000   1.0000         pwNov
120.0000    6    2.000   1.0000         pwNov
122.0000    2    2.000   1.0000         rwOrt
124.0000    5    2.000   1.0000         pwOrt
126.0000    3    2.000   1.0000         rwNov
128.0000    1    2.000   1.0000         rwRep
130.0000    0    2.000   1.0000          NULL 
132.0000    5    2.000   1.0000         pwOrt
134.0000    1    2.000   1.0000         rwRep
136.0000    0    2.000   1.0000          NULL 
138.0000    3    2.000   1.0000         rwNov
140.0000    4    2.000   1.0000         pwRep
142.0000    6    2.000   1.0000         pwNov
144.0000    6    2.000   1.0000         pwNov
146.0000    1    2.000   1.0000         rwRep
148.0000    0    2.000   1.0000          NULL 
150.0000    2    2.000   1.0000         rwOrt
152.0000    5    2.000   1.0000         pwOrt
154.0000    2    2.000   1.0000         rwOrt
156.0000    1    2.000   1.0000         rwRep
158.0000    1    2.000   1.0000         rwRep
160.0000    0    2.000   1.0000          NULL 
162.0000    1    2.000   1.0000         rwRep
164.0000    0    2.000   1.0000          NULL 
166.0000    1    2.000   1.0000         rwRep
168.0000    4    2.000   1.0000         pwRep
170.0000    0    4.000   1.0000          NULL 
174.0000    5    2.000   1.0000         pwOrt
176.0000    0    2.000   1.0000          NULL 
178.0000    5    2.000   1.0000         pwOrt
180.0000    5    2.000   1.0000         pwOrt
182.0000    0    2.000   1.0000          NULL 
184.0000    4    2.000   1.0000         pwRep
186.0000    1    2.000   1.0000         rwRep
188.0000    3    2.000   1.0000         rwNov
190.0000    6    2.000   1.0000         pwNov
192.0000    0    2.000   1.0000          NULL 
194.0000    4    2.000   1.0000         pwRep
196.0000    0    2.000   1.0000          NULL 
198.0000    6    2.000   1.0000         pwNov
200.0000    4    2.000   1.0000         pwRep
202.0000    2    2.000   1.0000         rwOrt
204.0000    2    2.000   1.0000         rwOrt
206.0000    4    2.000   1.0000         pwRep
208.0000    0    4.000   1.0000          NULL 
212.0000    6    2.000   1.0000         pwNov
214.0000    0    2.000   1.0000          NULL 
216.0000    1    2.000   1.0000         rwRep
218.0000    6    2.000   1.0000         pwNov
220.0000    6    2.000   1.0000         pwNov
222.0000    1    2.000   1.0000         rwRep
224.0000    0    2.000   1.0000          NULL 
226.0000    5    2.000   1.0000         pwOrt
228.0000    2    2.000   1.0000         rwOrt
230.0000    2    2.000   1.0000         rwOrt
232.0000    0    2.000   1.0000          NULL 
234.0000    6    2.000   1.0000         pwNov
236.0000    5    2.000   1.0000         pwOrt
238.0000    1    2.000   1.0000         rwRep
240.0000    5    2.000   1.0000         pwOrt
242.0000    5    2.000   1.0000         pwOrt
244.0000    0    2.000   1.0000          NULL 
246.0000    2    2.000   1.0000         rwOrt
248.0000    5    2.000   1.0000         pwOrt
250.0000    3    2.000   1.0000         rwNov
252.0000    0    2.000   1.0000          NULL 
254.0000    3    2.000   1.0000         rwNov
256.0000    0    4.000   1.0000          NULL 
260.0000    1    2.000   1.0000         rwRep
262.0000    5    2.000   1.0000         pwOrt
264.0000    0    2.000   1.0000          NULL 
266.0000    4    2.000   1.0000         pwRep
268.0000    2    2.000   1.0000         rwOrt
270.0000    0    4.000   1.0000          NULL 
274.0000    2    2.000   1.0000         rwOrt
276.0000    4    2.000   1.0000         pwRep
278.0000    1    2.000   1.0000         rwRep
280.0000    2    2.000   1.0000         rwOrt
282.0000    0    2.000   1.0000          NULL 
284.0000    5    2.000   1.0000         pwOrt
286.0000    3    2.000   1.0000         rwNov
288.0000    6    2.000   1.0000         pwNov
290.0000    0    2.000   1.0000          NULL 
292.0000    6    2.000   1.0000         pwNov
294.0000    0    6.000   1.0000          NULL 
300.0000    3    2.000   1.0000         rwNov
302.0000    3    2.000   1.0000         rwNov
304.0000    2    2.000   1.0000         rwOrt
306.0000    1    2.000   1.0000         rwRep
308.0000    0    2.000   1.0000          NULL 
310.0000    6    2.000   1.0000         pwNov
312.0000    4    2.000   1.0000         pwRep
314.0000    1    2.000   1.0000         rwRep
316.0000    4    2.000   1.0000         pwRep
318.0000    0    2.000   1.0000          NULL 
320.0000    1    2.000   1.0000         rwRep
322.0000    0   10.000   1.0000          NULL 
332.0000    4    2.000   1.0000         pwRep
334.0000    0    6.000   1.0000          NULL 
340.0000    4    2.000   1.0000         pwRep
342.0000    5    2.000   1.0000         pwOrt
344.0000    4    2.000   1.0000         pwRep
346.0000    1    2.000   1.0000         rwRep
348.0000    5    2.000   1.0000         pwOrt
350.0000    0    6.000   1.0000          NULL 
356.0000    3    2.000   1.0000         rwNov
358.0000    3    2.000   1.0000         rwNov
