  0.0000    3    2.000   1.0000         rwNov
  2.0000    3    2.000   1.0000         rwNov
  4.0000    4    2.000   1.0000         pwRep
  6.0000    6    2.000   1.0000         pwNov
  8.0000    0    2.000   1.0000          NULL 
 10.0000    6    2.000   1.0000         pwNov
 12.0000    0    4.000   1.0000          NULL 
 16.0000    3    2.000   1.0000         rwNov
 18.0000    1    2.000   1.0000         rwRep
 20.0000    0    2.000   1.0000          NULL 
 22.0000    4    2.000   1.0000         pwRep
 24.0000    2    2.000   1.0000         rwOrt
 26.0000    0    2.000   1.0000          NULL 
 28.0000    4    2.000   1.0000         pwRep
 30.0000    4    2.000   1.0000         pwRep
 32.0000    1    2.000   1.0000         rwRep
 34.0000    4    2.000   1.0000         pwRep
 36.0000    0    6.000   1.0000          NULL 
 42.0000    1    2.000   1.0000         rwRep
 44.0000    1    2.000   1.0000         rwRep
 46.0000    5    2.000   1.0000         pwOrt
 48.0000    3    2.000   1.0000         rwNov
 50.0000    2    2.000   1.0000         rwOrt
 52.0000    1    2.000   1.0000         rwRep
 54.0000    3    2.000   1.0000         rwNov
 56.0000    0    2.000   1.0000          NULL 
 58.0000    4    2.000   1.0000         pwRep
 60.0000    0    2.000   1.0000          NULL 
 62.0000    1    2.000   1.0000         rwRep
 64.0000    0    2.000   1.0000          NULL 
 66.0000    6    2.000   1.0000         pwNov
 68.0000    6    2.000   1.0000         pwNov
 70.0000    2    2.000   1.0000         rwOrt
 72.0000    0    2.000   1.0000          NULL 
 74.0000    2    2.000   1.0000         rwOrt
 76.0000    1    2.000   1.0000         rwRep
 78.0000    0    4.000   1.0000          NULL 
 82.0000    1    2.000   1.0000         rwRep
 84.0000    6    2.000   1.0000         pwNov
 86.0000    3    2.000   1.0000         rwNov
 88.0000    3    2.000   1.0000         rwNov
 90.0000    0    4.000   1.0000          NULL 
 94.0000    2    2.000   1.0000         rwOrt
 96.0000    0    2.000   1.0000          NULL 
 98.0000    4    2.000   1.0000         pwRep
100.0000    1    2.000   1.0000         rwRep
102.0000    4    2.000   1.0000         pwRep
104.0000    4    2.000   1.0000         pwRep
106.0000    3    2.000   1.0000         rwNov
108.0000    1    2.000   1.0000         rwRep
110.0000    2    2.000   1.0000         rwOrt
112.0000    1    2.000   1.0000         rwRep
114.0000    3    2.000   1.0000         rwNov
116.0000    0    2.000   1.0000          NULL 
118.0000    4    2.000   1.0000         pwRep
120.0000    6    2.000   1.0000         pwNov
122.0000    6    2.000   1.0000         pwNov
124.0000    2    2.000   1.0000         rwOrt
126.0000    4    2.000   1.0000         pwRep
128.0000    2    2.000   1.0000         rwOrt
130.0000    0    2.000   1.0000          NULL 
132.0000    5    2.000   1.0000         pwOrt
134.0000    3    2.000   1.0000         rwNov
136.0000    0    4.000   1.0000          NULL 
140.0000    5    2.000   1.0000         pwOrt
142.0000    0    2.000   1.0000          NULL 
144.0000    3    2.000   1.0000         rwNov
146.0000    2    2.000   1.0000         rwOrt
148.0000    2    2.000   1.0000         rwOrt
150.0000    1    2.000   1.0000         rwRep
152.0000    0    2.000   1.0000          NULL 
154.0000    5    2.000   1.0000         pwOrt
156.0000    0    2.000   1.0000          NULL 
158.0000    1    2.000   1.0000         rwRep
160.0000    5    2.000   1.0000         pwOrt
162.0000    1    2.000   1.0000         rwRep
164.0000    6    2.000   1.0000         pwNov
166.0000    4    2.000   1.0000         pwRep
168.0000    0    2.000   1.0000          NULL 
170.0000    5    2.000   1.0000         pwOrt
172.0000    0    2.000   1.0000          NULL 
174.0000    3    2.000   1.0000         rwNov
176.0000    4    2.000   1.0000         pwRep
178.0000    6    2.000   1.0000         pwNov
180.0000    0    2.000   1.0000          NULL 
182.0000    6    2.000   1.0000         pwNov
184.0000    1    2.000   1.0000         rwRep
186.0000    5    2.000   1.0000         pwOrt
188.0000    0    8.000   1.0000          NULL 
196.0000    5    2.000   1.0000         pwOrt
198.0000    6    2.000   1.0000         pwNov
200.0000    6    2.000   1.0000         pwNov
202.0000    5    2.000   1.0000         pwOrt
204.0000    4    2.000   1.0000         pwRep
206.0000    0    2.000   1.0000          NULL 
208.0000    4    2.000   1.0000         pwRep
210.0000    0    6.000   1.0000          NULL 
216.0000    5    2.000   1.0000         pwOrt
218.0000    0    4.000   1.0000          NULL 
222.0000    3    2.000   1.0000         rwNov
224.0000    0    2.000   1.0000          NULL 
226.0000    2    2.000   1.0000         rwOrt
228.0000    1    2.000   1.0000         rwRep
230.0000    0    2.000   1.0000          NULL 
232.0000    1    2.000   1.0000         rwRep
234.0000    5    2.000   1.0000         pwOrt
236.0000    1    2.000   1.0000         rwRep
238.0000    0    6.000   1.0000          NULL 
244.0000    2    2.000   1.0000         rwOrt
246.0000    2    2.000   1.0000         rwOrt
248.0000    6    2.000   1.0000         pwNov
250.0000    3    2.000   1.0000         rwNov
252.0000    0    2.000   1.0000          NULL 
254.0000    6    2.000   1.0000         pwNov
256.0000    5    2.000   1.0000         pwOrt
258.0000    0    2.000   1.0000          NULL 
260.0000    5    2.000   1.0000         pwOrt
262.0000    3    2.000   1.0000         rwNov
264.0000    6    2.000   1.0000         pwNov
266.0000    0    2.000   1.0000          NULL 
268.0000    4    2.000   1.0000         pwRep
270.0000    0    4.000   1.0000          NULL 
274.0000    2    2.000   1.0000         rwOrt
276.0000    6    2.000   1.0000         pwNov
278.0000    0    6.000   1.0000          NULL 
284.0000    2    2.000   1.0000         rwOrt
286.0000    4    2.000   1.0000         pwRep
288.0000    2    2.000   1.0000         rwOrt
290.0000    6    2.000   1.0000         pwNov
292.0000    5    2.000   1.0000         pwOrt
294.0000    6    2.000   1.0000         pwNov
296.0000    4    2.000   1.0000         pwRep
298.0000    2    2.000   1.0000         rwOrt
300.0000    3    2.000   1.0000         rwNov
302.0000    3    2.000   1.0000         rwNov
304.0000    1    2.000   1.0000         rwRep
306.0000    0    2.000   1.0000          NULL 
308.0000    2    2.000   1.0000         rwOrt
310.0000    0    2.000   1.0000          NULL 
312.0000    2    2.000   1.0000         rwOrt
314.0000    2    2.000   1.0000         rwOrt
316.0000    0    2.000   1.0000          NULL 
318.0000    4    2.000   1.0000         pwRep
320.0000    6    2.000   1.0000         pwNov
322.0000    5    2.000   1.0000         pwOrt
324.0000    5    2.000   1.0000         pwOrt
326.0000    5    2.000   1.0000         pwOrt
328.0000    4    2.000   1.0000         pwRep
330.0000    3    2.000   1.0000         rwNov
332.0000    0    2.000   1.0000          NULL 
334.0000    5    2.000   1.0000         pwOrt
336.0000    5    2.000   1.0000         pwOrt
338.0000    0    2.000   1.0000          NULL 
340.0000    1    2.000   1.0000         rwRep
342.0000    0    4.000   1.0000          NULL 
346.0000    3    2.000   1.0000         rwNov
348.0000    3    2.000   1.0000         rwNov
350.0000    0    2.000   1.0000          NULL 
352.0000    5    2.000   1.0000         pwOrt
354.0000    6    2.000   1.0000         pwNov
356.0000    0    4.000   1.0000          NULL 
