  0.0000    1    2.000   1.0000         rwRep
  2.0000    4    2.000   1.0000         pwRep
  4.0000    4    2.000   1.0000         pwRep
  6.0000    3    2.000   1.0000         rwNov
  8.0000    1    2.000   1.0000         rwRep
 10.0000    3    2.000   1.0000         rwNov
 12.0000    0    2.000   1.0000          NULL 
 14.0000    5    2.000   1.0000         pwOrt
 16.0000    2    2.000   1.0000         rwOrt
 18.0000    1    2.000   1.0000         rwRep
 20.0000    2    2.000   1.0000         rwOrt
 22.0000    0    4.000   1.0000          NULL 
 26.0000    2    2.000   1.0000         rwOrt
 28.0000    1    2.000   1.0000         rwRep
 30.0000    0    4.000   1.0000          NULL 
 34.0000    1    2.000   1.0000         rwRep
 36.0000    0    2.000   1.0000          NULL 
 38.0000    5    2.000   1.0000         pwOrt
 40.0000    0    2.000   1.0000          NULL 
 42.0000    1    2.000   1.0000         rwRep
 44.0000    5    2.000   1.0000         pwOrt
 46.0000    2    2.000   1.0000         rwOrt
 48.0000    1    2.000   1.0000         rwRep
 50.0000    3    2.000   1.0000         rwNov
 52.0000    3    2.000   1.0000         rwNov
 54.0000    4    2.000   1.0000         pwRep
 56.0000    0    2.000   1.0000          NULL 
 58.0000    2    2.000   1.0000         rwOrt
 60.0000    4    2.000   1.0000         pwRep
 62.0000    0    2.000   1.0000          NULL 
 64.0000    1    2.000   1.0000         rwRep
 66.0000    5    2.000   1.0000         pwOrt
 68.0000    4    2.000   1.0000         pwRep
 70.0000    3    2.000   1.0000         rwNov
 72.0000    3    2.000   1.0000         rwNov
 74.0000    0    2.000   1.0000          NULL 
 76.0000    5    2.000   1.0000         pwOrt
 78.0000    0    2.000   1.0000          NULL 
 80.0000    3    2.000   1.0000         rwNov
 82.0000    6    2.000   1.0000         pwNov
 84.0000    0    2.000   1.0000          NULL 
 86.0000    1    2.000   1.0000         rwRep
 88.0000    1    2.000   1.0000         rwRep
 90.0000    3    2.000   1.0000         rwNov
 92.0000    0    2.000   1.0000          NULL 
 94.0000    4    2.000   1.0000         pwRep
 96.0000    0    2.000   1.0000          NULL 
 98.0000    1    2.000   1.0000         rwRep
100.0000    5    2.000   1.0000         pwOrt
102.0000    2    2.000   1.0000         rwOrt
104.0000    5    2.000   1.0000         pwOrt
106.0000    4    2.000   1.0000         pwRep
108.0000    2    2.000   1.0000         rwOrt
110.0000    5    2.000   1.0000         pwOrt
112.0000    5    2.000   1.0000         pwOrt
114.0000    0    2.000   1.0000          NULL 
116.0000    6    2.000   1.0000         pwNov
118.0000    0    4.000   1.0000          NULL 
122.0000    4    2.000   1.0000         pwRep
124.0000    4    2.000   1.0000         pwRep
126.0000    3    2.000   1.0000         rwNov
128.0000    1    2.000   1.0000         rwRep
130.0000    0    2.000   1.0000          NULL 
132.0000    1    2.000   1.0000         rwRep
134.0000    0    2.000   1.0000          NULL 
136.0000    5    2.000   1.0000         pwOrt
138.0000    0    2.000   1.0000          NULL 
140.0000    5    2.000   1.0000         pwOrt
142.0000    0    2.000   1.0000          NULL 
144.0000    6    2.000   1.0000         pwNov
146.0000    2    2.000   1.0000         rwOrt
148.0000    0    2.000   1.0000          NULL 
150.0000    5    2.000   1.0000         pwOrt
152.0000    6    2.000   1.0000         pwNov
154.0000    5    2.000   1.0000         pwOrt
156.0000    0    2.000   1.0000          NULL 
158.0000    5    2.000   1.0000         pwOrt
160.0000    2    2.000   1.0000         rwOrt
162.0000    0    2.000   1.0000          NULL 
164.0000    4    2.000   1.0000         pwRep
166.0000    1    2.000   1.0000         rwRep
168.0000    3    2.000   1.0000         rwNov
170.0000    6    2.000   1.0000         pwNov
172.0000    6    2.000   1.0000         pwNov
174.0000    4    2.000   1.0000         pwRep
176.0000    0    2.000   1.0000          NULL 
178.0000    5    2.000   1.0000         pwOrt
180.0000    1    2.000   1.0000         rwRep
182.0000    2    2.000   1.0000         rwOrt
184.0000    1    2.000   1.0000         rwRep
186.0000    0    2.000   1.0000          NULL 
188.0000    6    2.000   1.0000         pwNov
190.0000    6    2.000   1.0000         pwNov
192.0000    2    2.000   1.0000         rwOrt
194.0000    2    2.000   1.0000         rwOrt
196.0000    0    6.000   1.0000          NULL 
202.0000    3    2.000   1.0000         rwNov
204.0000    3    2.000   1.0000         rwNov
206.0000    0    2.000   1.0000          NULL 
208.0000    6    2.000   1.0000         pwNov
210.0000    2    2.000   1.0000         rwOrt
212.0000    4    2.000   1.0000         pwRep
214.0000    3    2.000   1.0000         rwNov
216.0000    5    2.000   1.0000         pwOrt
218.0000    0    2.000   1.0000          NULL 
220.0000    6    2.000   1.0000         pwNov
222.0000    4    2.000   1.0000         pwRep
224.0000    5    2.000   1.0000         pwOrt
226.0000    2    2.000   1.0000         rwOrt
228.0000    0    2.000   1.0000          NULL 
230.0000    4    2.000   1.0000         pwRep
232.0000    5    2.000   1.0000         pwOrt
234.0000    1    2.000   1.0000         rwRep
236.0000    0    4.000   1.0000          NULL 
240.0000    3    2.000   1.0000         rwNov
242.0000    1    2.000   1.0000         rwRep
244.0000    6    2.000   1.0000         pwNov
246.0000    0    4.000   1.0000          NULL 
250.0000    6    2.000   1.0000         pwNov
252.0000    4    2.000   1.0000         pwRep
254.0000    0    2.000   1.0000          NULL 
256.0000    4    2.000   1.0000         pwRep
258.0000    0    2.000   1.0000          NULL 
260.0000    3    2.000   1.0000         rwNov
262.0000    3    2.000   1.0000         rwNov
264.0000    0    2.000   1.0000          NULL 
266.0000    3    2.000   1.0000         rwNov
268.0000    0    2.000   1.0000          NULL 
270.0000    2    2.000   1.0000         rwOrt
272.0000    2    2.000   1.0000         rwOrt
274.0000    6    2.000   1.0000         pwNov
276.0000    4    2.000   1.0000         pwRep
278.0000    0    4.000   1.0000          NULL 
282.0000    2    2.000   1.0000         rwOrt
284.0000    5    2.000   1.0000         pwOrt
286.0000    6    2.000   1.0000         pwNov
288.0000    2    2.000   1.0000         rwOrt
290.0000    5    2.000   1.0000         pwOrt
292.0000    6    2.000   1.0000         pwNov
294.0000    0    6.000   1.0000          NULL 
300.0000    3    2.000   1.0000         rwNov
302.0000    0    2.000   1.0000          NULL 
304.0000    1    2.000   1.0000         rwRep
306.0000    3    2.000   1.0000         rwNov
308.0000    6    2.000   1.0000         pwNov
310.0000    6    2.000   1.0000         pwNov
312.0000    0    4.000   1.0000          NULL 
316.0000    4    2.000   1.0000         pwRep
318.0000    6    2.000   1.0000         pwNov
320.0000    0    4.000   1.0000          NULL 
324.0000    4    2.000   1.0000         pwRep
326.0000    6    2.000   1.0000         pwNov
328.0000    0    2.000   1.0000          NULL 
330.0000    2    2.000   1.0000         rwOrt
332.0000    0    4.000   1.0000          NULL 
336.0000    2    2.000   1.0000         rwOrt
338.0000    0    2.000   1.0000          NULL 
340.0000    4    2.000   1.0000         pwRep
342.0000    6    2.000   1.0000         pwNov
344.0000    0    4.000   1.0000          NULL 
348.0000    1    2.000   1.0000         rwRep
350.0000    0    2.000   1.0000          NULL 
352.0000    3    2.000   1.0000         rwNov
354.0000    0    6.000   1.0000          NULL 
