  0.0000    5    2.000   1.0000         pwOrt
  2.0000    2    2.000   1.0000         rwOrt
  4.0000    5    2.000   1.0000         pwOrt
  6.0000    4    2.000   1.0000         pwRep
  8.0000    2    2.000   1.0000         rwOrt
 10.0000    0    6.000   1.0000          NULL 
 16.0000    5    2.000   1.0000         pwOrt
 18.0000    6    2.000   1.0000         pwNov
 20.0000    5    2.000   1.0000         pwOrt
 22.0000    0    2.000   1.0000          NULL 
 24.0000    5    2.000   1.0000         pwOrt
 26.0000    0    2.000   1.0000          NULL 
 28.0000    3    2.000   1.0000         rwNov
 30.0000    1    2.000   1.0000         rwRep
 32.0000    4    2.000   1.0000         pwRep
 34.0000    3    2.000   1.0000         rwNov
 36.0000    6    2.000   1.0000         pwNov
 38.0000    5    2.000   1.0000         pwOrt
 40.0000    2    2.000   1.0000         rwOrt
 42.0000    4    2.000   1.0000         pwRep
 44.0000    3    2.000   1.0000         rwNov
 46.0000    0    2.000   1.0000          NULL 
 48.0000    1    2.000   1.0000         rwRep
 50.0000    5    2.000   1.0000         pwOrt
 52.0000    1    2.000   1.0000         rwRep
 54.0000    0    2.000   1.0000          NULL 
 56.0000    6    2.000   1.0000         pwNov
 58.0000    0    2.000   1.0000          NULL 
 60.0000    4    2.000   1.0000         pwRep
 62.0000    2    2.000   1.0000         rwOrt
 64.0000    6    2.000   1.0000         pwNov
 66.0000    0    6.000   1.0000          NULL 
 72.0000    1    2.000   1.0000         rwRep
 74.0000    3    2.000   1.0000         rwNov
 76.0000    0    4.000   1.0000          NULL 
 80.0000    4    2.000   1.0000         pwRep
 82.0000    0    4.000   1.0000          NULL 
 86.0000    2    2.000   1.0000         rwOrt
 88.0000    6    2.000   1.0000         pwNov
 90.0000    0    2.000   1.0000          NULL 
 92.0000    5    2.000   1.0000         pwOrt
 94.0000    0    2.000   1.0000          NULL 
 96.0000    3    2.000   1.0000         rwNov
 98.0000    0    2.000   1.0000          NULL 
100.0000    1    2.000   1.0000         rwRep
102.0000    0    2.000   1.0000          NULL 
104.0000    2    2.000   1.0000         rwOrt
106.0000    5    2.000   1.0000         pwOrt
108.0000    5    2.000   1.0000         pwOrt
110.0000    5    2.000   1.0000         pwOrt
112.0000    6    2.000   1.0000         pwNov
114.0000    1    2.000   1.0000         rwRep
116.0000    1    2.000   1.0000         rwRep
118.0000    3    2.000   1.0000         rwNov
120.0000    0    2.000   1.0000          NULL 
122.0000    4    2.000   1.0000         pwRep
124.0000    0    2.000   1.0000          NULL 
126.0000    5    2.000   1.0000         pwOrt
128.0000    4    2.000   1.0000         pwRep
130.0000    6    2.000   1.0000         pwNov
132.0000    1    2.000   1.0000         rwRep
134.0000    4    2.000   1.0000         pwRep
136.0000    5    2.000   1.0000         pwOrt
138.0000    0    2.000   1.0000          NULL 
140.0000    2    2.000   1.0000         rwOrt
142.0000    6    2.000   1.0000         pwNov
144.0000    6    2.000   1.0000         pwNov
146.0000    0    2.000   1.0000          NULL 
148.0000    1    2.000   1.0000         rwRep
150.0000    4    2.000   1.0000         pwRep
152.0000    0    4.000   1.0000          NULL 
156.0000    4    2.000   1.0000         pwRep
158.0000    4    2.000   1.0000         pwRep
160.0000    6    2.000   1.0000         pwNov
162.0000    2    2.000   1.0000         rwOrt
164.0000    3    2.000   1.0000         rwNov
166.0000    1    2.000   1.0000         rwRep
168.0000    1    2.000   1.0000         rwRep
170.0000    6    2.000   1.0000         pwNov
172.0000    0    2.000   1.0000          NULL 
174.0000    6    2.000   1.0000         pwNov
176.0000    0    2.000   1.0000          NULL 
178.0000    3    2.000   1.0000         rwNov
180.0000    3    2.000   1.0000         rwNov
182.0000    2    2.000   1.0000         rwOrt
184.0000    2    2.000   1.0000         rwOrt
186.0000    4    2.000   1.0000         pwRep
188.0000    5    2.000   1.0000         pwOrt
190.0000    2    2.000   1.0000         rwOrt
192.0000    0    4.000   1.0000          NULL 
196.0000    4    2.000   1.0000         pwRep
198.0000    1    2.000   1.0000         rwRep
200.0000    0    2.000   1.0000          NULL 
202.0000    5    2.000   1.0000         pwOrt
204.0000    3    2.000   1.0000         rwNov
206.0000    2    2.000   1.0000         rwOrt
208.0000    6    2.000   1.0000         pwNov
210.0000    2    2.000   1.0000         rwOrt
212.0000    6    2.000   1.0000         pwNov
214.0000    0    6.000   1.0000          NULL 
220.0000    5    2.000   1.0000         pwOrt
222.0000    1    2.000   1.0000         rwRep
224.0000    3    2.000   1.0000         rwNov
226.0000    0    2.000   1.0000          NULL 
228.0000    3    2.000   1.0000         rwNov
230.0000    5    2.000   1.0000         pwOrt
232.0000    3    2.000   1.0000         rwNov
234.0000    5    2.000   1.0000         pwOrt
236.0000    0    4.000   1.0000          NULL 
240.0000    1    2.000   1.0000         rwRep
242.0000    0    2.000   1.0000          NULL 
244.0000    4    2.000   1.0000         pwRep
246.0000    0    4.000   1.0000          NULL 
250.0000    4    2.000   1.0000         pwRep
252.0000    2    2.000   1.0000         rwOrt
254.0000    3    2.000   1.0000         rwNov
256.0000    0    4.000   1.0000          NULL 
260.0000    2    2.000   1.0000         rwOrt
262.0000    4    2.000   1.0000         pwRep
264.0000    6    2.000   1.0000         pwNov
266.0000    0    2.000   1.0000          NULL 
268.0000    6    2.000   1.0000         pwNov
270.0000    6    2.000   1.0000         pwNov
272.0000    2    2.000   1.0000         rwOrt
274.0000    0    4.000   1.0000          NULL 
278.0000    1    2.000   1.0000         rwRep
280.0000    2    2.000   1.0000         rwOrt
282.0000    0    2.000   1.0000          NULL 
284.0000    2    2.000   1.0000         rwOrt
286.0000    0    4.000   1.0000          NULL 
290.0000    3    2.000   1.0000         rwNov
292.0000    0    2.000   1.0000          NULL 
294.0000    4    2.000   1.0000         pwRep
296.0000    3    2.000   1.0000         rwNov
298.0000    0    4.000   1.0000          NULL 
302.0000    6    2.000   1.0000         pwNov
304.0000    0    2.000   1.0000          NULL 
306.0000    2    2.000   1.0000         rwOrt
308.0000    0    2.000   1.0000          NULL 
310.0000    1    2.000   1.0000         rwRep
312.0000    3    2.000   1.0000         rwNov
314.0000    3    2.000   1.0000         rwNov
316.0000    0    2.000   1.0000          NULL 
318.0000    6    2.000   1.0000         pwNov
320.0000    1    2.000   1.0000         rwRep
322.0000    4    2.000   1.0000         pwRep
324.0000    4    2.000   1.0000         pwRep
326.0000    6    2.000   1.0000         pwNov
328.0000    0    2.000   1.0000          NULL 
330.0000    3    2.000   1.0000         rwNov
332.0000    4    2.000   1.0000         pwRep
334.0000    0    2.000   1.0000          NULL 
336.0000    3    2.000   1.0000         rwNov
338.0000    0    2.000   1.0000          NULL 
340.0000    2    2.000   1.0000         rwOrt
342.0000    5    2.000   1.0000         pwOrt
344.0000    5    2.000   1.0000         pwOrt
346.0000    1    2.000   1.0000         rwRep
348.0000    1    2.000   1.0000         rwRep
350.0000    0    6.000   1.0000          NULL 
356.0000    1    2.000   1.0000         rwRep
358.0000    0    2.000   1.0000          NULL 
