  0.0000    4    2.000   1.0000         pwRep
  2.0000    4    2.000   1.0000         pwRep
  4.0000    5    2.000   1.0000         pwOrt
  6.0000    1    2.000   1.0000         rwRep
  8.0000    5    2.000   1.0000         pwOrt
 10.0000    0    2.000   1.0000          NULL 
 12.0000    2    2.000   1.0000         rwOrt
 14.0000    4    2.000   1.0000         pwRep
 16.0000    3    2.000   1.0000         rwNov
 18.0000    6    2.000   1.0000         pwNov
 20.0000    4    2.000   1.0000         pwRep
 22.0000    0    4.000   1.0000          NULL 
 26.0000    5    2.000   1.0000         pwOrt
 28.0000    0    2.000   1.0000          NULL 
 30.0000    6    2.000   1.0000         pwNov
 32.0000    5    2.000   1.0000         pwOrt
 34.0000    2    2.000   1.0000         rwOrt
 36.0000    4    2.000   1.0000         pwRep
 38.0000    1    2.000   1.0000         rwRep
 40.0000    0    6.000   1.0000          NULL 
 46.0000    5    2.000   1.0000         pwOrt
 48.0000    3    2.000   1.0000         rwNov
 50.0000    4    2.000   1.0000         pwRep
 52.0000    2    2.000   1.0000         rwOrt
 54.0000    0    2.000   1.0000          NULL 
 56.0000    2    2.000   1.0000         rwOrt
 58.0000    2    2.000   1.0000         rwOrt
 60.0000    3    2.000   1.0000         rwNov
 62.0000    6    2.000   1.0000         pwNov
 64.0000    0    4.000   1.0000          NULL 
 68.0000    1    2.000   1.0000         rwRep
 70.0000    2    2.000   1.0000         rwOrt
 72.0000    2    2.000   1.0000         rwOrt
 74.0000    3    2.000   1.0000         rwNov
 76.0000    3    2.000   1.0000         rwNov
 78.0000    3    2.000   1.0000         rwNov
 80.0000    4    2.000   1.0000         pwRep
 82.0000    6    2.000   1.0000         pwNov
 84.0000    3    2.000   1.0000         rwNov
 86.0000    5    2.000   1.0000         pwOrt
 88.0000    5    2.000   1.0000         pwOrt
 90.0000    5    2.000   1.0000         pwOrt
 92.0000    0    2.000   1.0000          NULL 
 94.0000    4    2.000   1.0000         pwRep
 96.0000    2    2.000   1.0000         rwOrt
 98.0000    2    2.000   1.0000         rwOrt
100.0000    1    2.000   1.0000         rwRep
102.0000    0    4.000   1.0000          NULL 
106.0000    1    2.000   1.0000         rwRep
108.0000    6    2.000   1.0000         pwNov
110.0000    5    2.000   1.0000         pwOrt
112.0000    1    2.000   1.0000         rwRep
114.0000    1    2.000   1.0000         rwRep
116.0000    2    2.000   1.0000         rwOrt
118.0000    6    2.000   1.0000         pwNov
120.0000    0    2.000   1.0000          NULL 
122.0000    3    2.000   1.0000         rwNov
124.0000    0    6.000   1.0000          NULL 
130.0000    4    2.000   1.0000         pwRep
132.0000    6    2.000   1.0000         pwNov
134.0000    0    2.000   1.0000          NULL 
136.0000    4    2.000   1.0000         pwRep
138.0000    3    2.000   1.0000         rwNov
140.0000    4    2.000   1.0000         pwRep
142.0000    0    2.000   1.0000          NULL 
144.0000    1    2.000   1.0000         rwRep
146.0000    3    2.000   1.0000         rwNov
148.0000    4    2.000   1.0000         pwRep
150.0000    2    2.000   1.0000         rwOrt
152.0000    0    2.000   1.0000          NULL 
154.0000    2    2.000   1.0000         rwOrt
156.0000    0    2.000   1.0000          NULL 
158.0000    4    2.000   1.0000         pwRep
160.0000    6    2.000   1.0000         pwNov
162.0000    3    2.000   1.0000         rwNov
164.0000    0    2.000   1.0000          NULL 
166.0000    6    2.000   1.0000         pwNov
168.0000    6    2.000   1.0000         pwNov
170.0000    6    2.000   1.0000         pwNov
172.0000    0    4.000   1.0000          NULL 
176.0000    4    2.000   1.0000         pwRep
178.0000    6    2.000   1.0000         pwNov
180.0000    1    2.000   1.0000         rwRep
182.0000    0    4.000   1.0000          NULL 
186.0000    1    2.000   1.0000         rwRep
188.0000    4    2.000   1.0000         pwRep
190.0000    1    2.000   1.0000         rwRep
192.0000    4    2.000   1.0000         pwRep
194.0000    5    2.000   1.0000         pwOrt
196.0000    5    2.000   1.0000         pwOrt
198.0000    0    4.000   1.0000          NULL 
202.0000    1    2.000   1.0000         rwRep
204.0000    0    2.000   1.0000          NULL 
206.0000    3    2.000   1.0000         rwNov
208.0000    5    2.000   1.0000         pwOrt
210.0000    2    2.000   1.0000         rwOrt
212.0000    5    2.000   1.0000         pwOrt
214.0000    3    2.000   1.0000         rwNov
216.0000    0    2.000   1.0000          NULL 
218.0000    2    2.000   1.0000         rwOrt
220.0000    0    2.000   1.0000          NULL 
222.0000    5    2.000   1.0000         pwOrt
224.0000    0    4.000   1.0000          NULL 
228.0000    6    2.000   1.0000         pwNov
230.0000    0    6.000   1.0000          NULL 
236.0000    3    2.000   1.0000         rwNov
238.0000    0    2.000   1.0000          NULL 
240.0000    1    2.000   1.0000         rwRep
242.0000    5    2.000   1.0000         pwOrt
244.0000    1    2.000   1.0000         rwRep
246.0000    3    2.000   1.0000         rwNov
248.0000    0    4.000   1.0000          NULL 
252.0000    4    2.000   1.0000         pwRep
254.0000    0    4.000   1.0000          NULL 
258.0000    1    2.000   1.0000         rwRep
260.0000    1    2.000   1.0000         rwRep
262.0000    0    6.000   1.0000          NULL 
268.0000    6    2.000   1.0000         pwNov
270.0000    0    2.000   1.0000          NULL 
272.0000    6    2.000   1.0000         pwNov
274.0000    4    2.000   1.0000         pwRep
276.0000    1    2.000   1.0000         rwRep
278.0000    0    4.000   1.0000          NULL 
282.0000    2    2.000   1.0000         rwOrt
284.0000    2    2.000   1.0000         rwOrt
286.0000    0    2.000   1.0000          NULL 
288.0000    5    2.000   1.0000         pwOrt
290.0000    3    2.000   1.0000         rwNov
292.0000    6    2.000   1.0000         pwNov
294.0000    0    6.000   1.0000          NULL 
300.0000    5    2.000   1.0000         pwOrt
302.0000    0    2.000   1.0000          NULL 
304.0000    3    2.000   1.0000         rwNov
306.0000    2    2.000   1.0000         rwOrt
308.0000    0    4.000   1.0000          NULL 
312.0000    6    2.000   1.0000         pwNov
314.0000    6    2.000   1.0000         pwNov
316.0000    3    2.000   1.0000         rwNov
318.0000    0    2.000   1.0000          NULL 
320.0000    6    2.000   1.0000         pwNov
322.0000    5    2.000   1.0000         pwOrt
324.0000    4    2.000   1.0000         pwRep
326.0000    2    2.000   1.0000         rwOrt
328.0000    0    2.000   1.0000          NULL 
330.0000    2    2.000   1.0000         rwOrt
332.0000    3    2.000   1.0000         rwNov
334.0000    5    2.000   1.0000         pwOrt
336.0000    4    2.000   1.0000         pwRep
338.0000    1    2.000   1.0000         rwRep
340.0000    0    2.000   1.0000          NULL 
342.0000    6    2.000   1.0000         pwNov
344.0000    3    2.000   1.0000         rwNov
346.0000    1    2.000   1.0000         rwRep
348.0000    2    2.000   1.0000         rwOrt
350.0000    0    4.000   1.0000          NULL 
354.0000    5    2.000   1.0000         pwOrt
356.0000    1    2.000   1.0000         rwRep
358.0000    0    2.000   1.0000          NULL 
