  0.0000    1    2.000   1.0000         rwRep
  2.0000    6    2.000   1.0000         pwNov
  4.0000    1    2.000   1.0000         rwRep
  6.0000    3    2.000   1.0000         rwNov
  8.0000    5    2.000   1.0000         pwOrt
 10.0000    6    2.000   1.0000         pwNov
 12.0000    1    2.000   1.0000         rwRep
 14.0000    5    2.000   1.0000         pwOrt
 16.0000    3    2.000   1.0000         rwNov
 18.0000    1    2.000   1.0000         rwRep
 20.0000    1    2.000   1.0000         rwRep
 22.0000    0    2.000   1.0000          NULL 
 24.0000    6    2.000   1.0000         pwNov
 26.0000    5    2.000   1.0000         pwOrt
 28.0000    0    2.000   1.0000          NULL 
 30.0000    5    2.000   1.0000         pwOrt
 32.0000    0    4.000   1.0000          NULL 
 36.0000    3    2.000   1.0000         rwNov
 38.0000    2    2.000   1.0000         rwOrt
 40.0000    6    2.000   1.0000         pwNov
 42.0000    4    2.000   1.0000         pwRep
 44.0000    4    2.000   1.0000         pwRep
 46.0000    5    2.000   1.0000         pwOrt
 48.0000    2    2.000   1.0000         rwOrt
 50.0000    0    8.000   1.0000          NULL 
 58.0000    3    2.000   1.0000         rwNov
 60.0000    5    2.000   1.0000         pwOrt
 62.0000    5    2.000   1.0000         pwOrt
 64.0000    3    2.000   1.0000         rwNov
 66.0000    0    2.000   1.0000          NULL 
 68.0000    4    2.000   1.0000         pwRep
 70.0000    3    2.000   1.0000         rwNov
 72.0000    1    2.000   1.0000         rwRep
 74.0000    3    2.000   1.0000         rwNov
 76.0000    2    2.000   1.0000         rwOrt
 78.0000    0    2.000   1.0000          NULL 
 80.0000    1    2.000   1.0000         rwRep
 82.0000    2    2.000   1.0000         rwOrt
 84.0000    5    2.000   1.0000         pwOrt
 86.0000    0    2.000   1.0000          NULL 
 88.0000    4    2.000   1.0000         pwRep
 90.0000    4    2.000   1.0000         pwRep
 92.0000    3    2.000   1.0000         rwNov
 94.0000    4    2.000   1.0000         pwRep
 96.0000    0    2.000   1.0000          NULL 
 98.0000    1    2.000   1.0000         rwRep
100.0000    6    2.000   1.0000         pwNov
102.0000    4    2.000   1.0000         pwRep
104.0000    0    6.000   1.0000          NULL 
110.0000    3    2.000   1.0000         rwNov
112.0000    4    2.000   1.0000         pwRep
114.0000    2    2.000   1.0000         rwOrt
116.0000    0    4.000   1.0000          NULL 
120.0000    6    2.000   1.0000         pwNov
122.0000    3    2.000   1.0000         rwNov
124.0000    3    2.000   1.0000         rwNov
126.0000    0    2.000   1.0000          NULL 
128.0000    1    2.000   1.0000         rwRep
130.0000    6    2.000   1.0000         pwNov
132.0000    6    2.000   1.0000         pwNov
134.0000    0    4.000   1.0000          NULL 
138.0000    1    2.000   1.0000         rwRep
140.0000    6    2.000   1.0000         pwNov
142.0000    5    2.000   1.0000         pwOrt
144.0000    3    2.000   1.0000         rwNov
146.0000    4    2.000   1.0000         pwRep
148.0000    0    2.000   1.0000          NULL 
150.0000    2    2.000   1.0000         rwOrt
152.0000    1    2.000   1.0000         rwRep
154.0000    1    2.000   1.0000         rwRep
156.0000    4    2.000   1.0000         pwRep
158.0000    0    2.000   1.0000          NULL 
160.0000    4    2.000   1.0000         pwRep
162.0000    6    2.000   1.0000         pwNov
164.0000    0    2.000   1.0000          NULL 
166.0000    2    2.000   1.0000         rwOrt
168.0000    4    2.000   1.0000         pwRep
170.0000    0    2.000   1.0000          NULL 
172.0000    1    2.000   1.0000         rwRep
174.0000    5    2.000   1.0000         pwOrt
176.0000    0    2.000   1.0000          NULL 
178.0000    5    2.000   1.0000         pwOrt
180.0000    1    2.000   1.0000         rwRep
182.0000    0    4.000   1.0000          NULL 
186.0000    3    2.000   1.0000         rwNov
188.0000    0    2.000   1.0000          NULL 
190.0000    5    2.000   1.0000         pwOrt
192.0000    0    2.000   1.0000          NULL 
194.0000    6    2.000   1.0000         pwNov
196.0000    0    2.000   1.0000          NULL 
198.0000    6    2.000   1.0000         pwNov
200.0000    0    2.000   1.0000          NULL 
202.0000    4    2.000   1.0000         pwRep
204.0000    5    2.000   1.0000         pwOrt
206.0000    0    2.000   1.0000          NULL 
208.0000    4    2.000   1.0000         pwRep
210.0000    1    2.000   1.0000         rwRep
212.0000    6    2.000   1.0000         pwNov
214.0000    0    2.000   1.0000          NULL 
216.0000    2    2.000   1.0000         rwOrt
218.0000    2    2.000   1.0000         rwOrt
220.0000    4    2.000   1.0000         pwRep
222.0000    0    2.000   1.0000          NULL 
224.0000    6    2.000   1.0000         pwNov
226.0000    6    2.000   1.0000         pwNov
228.0000    3    2.000   1.0000         rwNov
230.0000    0    4.000   1.0000          NULL 
234.0000    1    2.000   1.0000         rwRep
236.0000    4    2.000   1.0000         pwRep
238.0000    0    4.000   1.0000          NULL 
242.0000    2    2.000   1.0000         rwOrt
244.0000    5    2.000   1.0000         pwOrt
246.0000    3    2.000   1.0000         rwNov
248.0000    0    6.000   1.0000          NULL 
254.0000    2    2.000   1.0000         rwOrt
256.0000    0    2.000   1.0000          NULL 
258.0000    4    2.000   1.0000         pwRep
260.0000    0    2.000   1.0000          NULL 
262.0000    6    2.000   1.0000         pwNov
264.0000    0    2.000   1.0000          NULL 
266.0000    3    2.000   1.0000         rwNov
268.0000    6    2.000   1.0000         pwNov
270.0000    0    4.000   1.0000          NULL 
274.0000    5    2.000   1.0000         pwOrt
276.0000    5    2.000   1.0000         pwOrt
278.0000    0    2.000   1.0000          NULL 
280.0000    1    2.000   1.0000         rwRep
282.0000    5    2.000   1.0000         pwOrt
284.0000    2    2.000   1.0000         rwOrt
286.0000    6    2.000   1.0000         pwNov
288.0000    4    2.000   1.0000         pwRep
290.0000    2    2.000   1.0000         rwOrt
292.0000    0    2.000   1.0000          NULL 
294.0000    5    2.000   1.0000         pwOrt
296.0000    2    2.000   1.0000         rwOrt
298.0000    3    2.000   1.0000         rwNov
300.0000    3    2.000   1.0000         rwNov
302.0000    1    2.000   1.0000         rwRep
304.0000    0    2.000   1.0000          NULL 
306.0000    2    2.000   1.0000         rwOrt
308.0000    0    2.000   1.0000          NULL 
310.0000    4    2.000   1.0000         pwRep
312.0000    0    2.000   1.0000          NULL 
314.0000    3    2.000   1.0000         rwNov
316.0000    0    2.000   1.0000          NULL 
318.0000    2    2.000   1.0000         rwOrt
320.0000    1    2.000   1.0000         rwRep
322.0000    2    2.000   1.0000         rwOrt
324.0000    6    2.000   1.0000         pwNov
326.0000    5    2.000   1.0000         pwOrt
328.0000    1    2.000   1.0000         rwRep
330.0000    0    2.000   1.0000          NULL 
332.0000    3    2.000   1.0000         rwNov
334.0000    0    4.000   1.0000          NULL 
338.0000    5    2.000   1.0000         pwOrt
340.0000    6    2.000   1.0000         pwNov
342.0000    0    2.000   1.0000          NULL 
344.0000    4    2.000   1.0000         pwRep
346.0000    0    4.000   1.0000          NULL 
350.0000    2    2.000   1.0000         rwOrt
352.0000    2    2.000   1.0000         rwOrt
354.0000    0    2.000   1.0000          NULL 
356.0000    2    2.000   1.0000         rwOrt
358.0000    0    2.000   1.0000          NULL 
