  0.0000    4    2.000   1.0000         pwRep
  2.0000    0    2.000   1.0000          NULL 
  4.0000    1    2.000   1.0000         rwRep
  6.0000    3    2.000   1.0000         rwNov
  8.0000    2    2.000   1.0000         rwOrt
 10.0000    0    2.000   1.0000          NULL 
 12.0000    3    2.000   1.0000         rwNov
 14.0000    3    2.000   1.0000         rwNov
 16.0000    1    2.000   1.0000         rwRep
 18.0000    6    2.000   1.0000         pwNov
 20.0000    1    2.000   1.0000         rwRep
 22.0000    0    6.000   1.0000          NULL 
 28.0000    2    2.000   1.0000         rwOrt
 30.0000    2    2.000   1.0000         rwOrt
 32.0000    1    2.000   1.0000         rwRep
 34.0000    4    2.000   1.0000         pwRep
 36.0000    1    2.000   1.0000         rwRep
 38.0000    2    2.000   1.0000         rwOrt
 40.0000    0    2.000   1.0000          NULL 
 42.0000    1    2.000   1.0000         rwRep
 44.0000    4    2.000   1.0000         pwRep
 46.0000    3    2.000   1.0000         rwNov
 48.0000    3    2.000   1.0000         rwNov
 50.0000    4    2.000   1.0000         pwRep
 52.0000    6    2.000   1.0000         pwNov
 54.0000    5    2.000   1.0000         pwOrt
 56.0000    3    2.000   1.0000         rwNov
 58.0000    2    2.000   1.0000         rwOrt
 60.0000    6    2.000   1.0000         pwNov
 62.0000    3    2.000   1.0000         rwNov
 64.0000    0    4.000   1.0000          NULL 
 68.0000    2    2.000   1.0000         rwOrt
 70.0000    0    2.000   1.0000          NULL 
 72.0000    6    2.000   1.0000         pwNov
 74.0000    0    4.000   1.0000          NULL 
 78.0000    5    2.000   1.0000         pwOrt
 80.0000    0    2.000   1.0000          NULL 
 82.0000    2    2.000   1.0000         rwOrt
 84.0000    5    2.000   1.0000         pwOrt
 86.0000    1    2.000   1.0000         rwRep
 88.0000    2    2.000   1.0000         rwOrt
 90.0000    5    2.000   1.0000         pwOrt
 92.0000    0    2.000   1.0000          NULL 
 94.0000    3    2.000   1.0000         rwNov
 96.0000    5    2.000   1.0000         pwOrt
 98.0000    3    2.000   1.0000         rwNov
100.0000    4    2.000   1.0000         pwRep
102.0000    0    6.000   1.0000          NULL 
108.0000    4    2.000   1.0000         pwRep
110.0000    3    2.000   1.0000         rwNov
112.0000    5    2.000   1.0000         pwOrt
114.0000    2    2.000   1.0000         rwOrt
116.0000    6    2.000   1.0000         pwNov
118.0000    5    2.000   1.0000         pwOrt
120.0000    6    2.000   1.0000         pwNov
122.0000    0    2.000   1.0000          NULL 
124.0000    4    2.000   1.0000         pwRep
126.0000    6    2.000   1.0000         pwNov
128.0000    6    2.000   1.0000         pwNov
130.0000    0    4.000   1.0000          NULL 
134.0000    2    2.000   1.0000         rwOrt
136.0000    0    2.000   1.0000          NULL 
138.0000    6    2.000   1.0000         pwNov
140.0000    5    2.000   1.0000         pwOrt
142.0000    6    2.000   1.0000         pwNov
144.0000    0    4.000   1.0000          NULL 
148.0000    2    2.000   1.0000         rwOrt
150.0000    3    2.000   1.0000         rwNov
152.0000    2    2.000   1.0000         rwOrt
154.0000    3    2.000   1.0000         rwNov
156.0000    0    2.000   1.0000          NULL 
158.0000    4    2.000   1.0000         pwRep
160.0000    2    2.000   1.0000         rwOrt
162.0000    5    2.000   1.0000         pwOrt
164.0000    4    2.000   1.0000         pwRep
166.0000    3    2.000   1.0000         rwNov
168.0000    0    2.000   1.0000          NULL 
170.0000    2    2.000   1.0000         rwOrt
172.0000    5    2.000   1.0000         pwOrt
174.0000    6    2.000   1.0000         pwNov
176.0000    3    2.000   1.0000         rwNov
178.0000    0    4.000   1.0000          NULL 
182.0000    4    2.000   1.0000         pwRep
184.0000    0    4.000   1.0000          NULL 
188.0000    5    2.000   1.0000         pwOrt
190.0000    4    2.000   1.0000         pwRep
192.0000    4    2.000   1.0000         pwRep
194.0000    5    2.000   1.0000         pwOrt
196.0000    4    2.000   1.0000         pwRep
198.0000    1    2.000   1.0000         rwRep
200.0000    0    6.000   1.0000          NULL 
206.0000    1    2.000   1.0000         rwRep
208.0000    0    2.000   1.0000          NULL 
210.0000    1    2.000   1.0000         rwRep
212.0000    5    2.000   1.0000         pwOrt
214.0000    0    2.000   1.0000          NULL 
216.0000    5    2.000   1.0000         pwOrt
218.0000    4    2.000   1.0000         pwRep
220.0000    0    2.000   1.0000          NULL 
222.0000    6    2.000   1.0000         pwNov
224.0000    3    2.000   1.0000         rwNov
226.0000    6    2.000   1.0000         pwNov
228.0000    0    2.000   1.0000          NULL 
230.0000    1    2.000   1.0000         rwRep
232.0000    0    2.000   1.0000          NULL 
234.0000    5    2.000   1.0000         pwOrt
236.0000    1    2.000   1.0000         rwRep
238.0000    1    2.000   1.0000         rwRep
240.0000    6    2.000   1.0000         pwNov
242.0000    5    2.000   1.0000         pwOrt
244.0000    2    2.000   1.0000         rwOrt
246.0000    4    2.000   1.0000         pwRep
248.0000    0    8.000   1.0000          NULL 
256.0000    4    2.000   1.0000         pwRep
258.0000    0    2.000   1.0000          NULL 
260.0000    6    2.000   1.0000         pwNov
262.0000    0    2.000   1.0000          NULL 
264.0000    3    2.000   1.0000         rwNov
266.0000    1    2.000   1.0000         rwRep
268.0000    1    2.000   1.0000         rwRep
270.0000    0    8.000   1.0000          NULL 
278.0000    4    2.000   1.0000         pwRep
280.0000    2    2.000   1.0000         rwOrt
282.0000    0    2.000   1.0000          NULL 
284.0000    6    2.000   1.0000         pwNov
286.0000    0    2.000   1.0000          NULL 
288.0000    3    2.000   1.0000         rwNov
290.0000    0    2.000   1.0000          NULL 
292.0000    1    2.000   1.0000         rwRep
294.0000    0    2.000   1.0000          NULL 
296.0000    3    2.000   1.0000         rwNov
298.0000    6    2.000   1.0000         pwNov
300.0000    0    4.000   1.0000          NULL 
304.0000    6    2.000   1.0000         pwNov
306.0000    3    2.000   1.0000         rwNov
308.0000    2    2.000   1.0000         rwOrt
310.0000    3    2.000   1.0000         rwNov
312.0000    6    2.000   1.0000         pwNov
314.0000    4    2.000   1.0000         pwRep
316.0000    1    2.000   1.0000         rwRep
318.0000    2    2.000   1.0000         rwOrt
320.0000    6    2.000   1.0000         pwNov
322.0000    2    2.000   1.0000         rwOrt
324.0000    0    2.000   1.0000          NULL 
326.0000    5    2.000   1.0000         pwOrt
328.0000    4    2.000   1.0000         pwRep
330.0000    5    2.000   1.0000         pwOrt
332.0000    5    2.000   1.0000         pwOrt
334.0000    0    4.000   1.0000          NULL 
338.0000    1    2.000   1.0000         rwRep
340.0000    0    2.000   1.0000          NULL 
342.0000    5    2.000   1.0000         pwOrt
344.0000    0    2.000   1.0000          NULL 
346.0000    4    2.000   1.0000         pwRep
348.0000    2    2.000   1.0000         rwOrt
350.0000    0    4.000   1.0000          NULL 
354.0000    1    2.000   1.0000         rwRep
356.0000    0    2.000   1.0000          NULL 
358.0000    1    2.000   1.0000         rwRep
