  0.0000    5    2.000   1.0000         pwOrt
  2.0000    4    2.000   1.0000         pwRep
  4.0000    1    2.000   1.0000         rwRep
  6.0000    1    2.000   1.0000         rwRep
  8.0000    0    2.000   1.0000          NULL 
 10.0000    1    2.000   1.0000         rwRep
 12.0000    4    2.000   1.0000         pwRep
 14.0000    0    2.000   1.0000          NULL 
 16.0000    4    2.000   1.0000         pwRep
 18.0000    5    2.000   1.0000         pwOrt
 20.0000    0    4.000   1.0000          NULL 
 24.0000    6    2.000   1.0000         pwNov
 26.0000    0    4.000   1.0000          NULL 
 30.0000    5    2.000   1.0000         pwOrt
 32.0000    0    6.000   1.0000          NULL 
 38.0000    4    2.000   1.0000         pwRep
 40.0000    5    2.000   1.0000         pwOrt
 42.0000    0    2.000   1.0000          NULL 
 44.0000    4    2.000   1.0000         pwRep
 46.0000    1    2.000   1.0000         rwRep
 48.0000    0    2.000   1.0000          NULL 
 50.0000    4    2.000   1.0000         pwRep
 52.0000    0    2.000   1.0000          NULL 
 54.0000    3    2.000   1.0000         rwNov
 56.0000    0    2.000   1.0000          NULL 
 58.0000    4    2.000   1.0000         pwRep
 60.0000    5    2.000   1.0000         pwOrt
 62.0000    6    2.000   1.0000         pwNov
 64.0000    2    2.000   1.0000         rwOrt
 66.0000    2    2.000   1.0000         rwOrt
 68.0000    6    2.000   1.0000         pwNov
 70.0000    4    2.000   1.0000         pwRep
 72.0000    6    2.000   1.0000         pwNov
 74.0000    0    2.000   1.0000          NULL 
 76.0000    4    2.000   1.0000         pwRep
 78.0000    2    2.000   1.0000         rwOrt
 80.0000    0    2.000   1.0000          NULL 
 82.0000    6    2.000   1.0000         pwNov
 84.0000    3    2.000   1.0000         rwNov
 86.0000    6    2.000   1.0000         pwNov
 88.0000    0    2.000   1.0000          NULL 
 90.0000    1    2.000   1.0000         rwRep
 92.0000    3    2.000   1.0000         rwNov
 94.0000    3    2.000   1.0000         rwNov
 96.0000    3    2.000   1.0000         rwNov
 98.0000    0    2.000   1.0000          NULL 
100.0000    5    2.000   1.0000         pwOrt
102.0000    4    2.000   1.0000         pwRep
104.0000    3    2.000   1.0000         rwNov
106.0000    4    2.000   1.0000         pwRep
108.0000    0    2.000   1.0000          NULL 
110.0000    2    2.000   1.0000         rwOrt
112.0000    6    2.000   1.0000         pwNov
114.0000    2    2.000   1.0000         rwOrt
116.0000    0    2.000   1.0000          NULL 
118.0000    5    2.000   1.0000         pwOrt
120.0000    6    2.000   1.0000         pwNov
122.0000    3    2.000   1.0000         rwNov
124.0000    0    2.000   1.0000          NULL 
126.0000    2    2.000   1.0000         rwOrt
128.0000    2    2.000   1.0000         rwOrt
130.0000    0    6.000   1.0000          NULL 
136.0000    4    2.000   1.0000         pwRep
138.0000    2    2.000   1.0000         rwOrt
140.0000    1    2.000   1.0000         rwRep
142.0000    0    2.000   1.0000          NULL 
144.0000    6    2.000   1.0000         pwNov
146.0000    0    4.000   1.0000          NULL 
150.0000    3    2.000   1.0000         rwNov
152.0000    1    2.000   1.0000         rwRep
154.0000    0    2.000   1.0000          NULL 
156.0000    6    2.000   1.0000         pwNov
158.0000    0    2.000   1.0000          NULL 
160.0000    1    2.000   1.0000         rwRep
162.0000    2    2.000   1.0000         rwOrt
164.0000    0    2.000   1.0000          NULL 
166.0000    2    2.000   1.0000         rwOrt
168.0000    2    2.000   1.0000         rwOrt
170.0000    5    2.000   1.0000         pwOrt
172.0000    1    2.000   1.0000         rwRep
174.0000    3    2.000   1.0000         rwNov
176.0000    3    2.000   1.0000         rwNov
178.0000    6    2.000   1.0000         pwNov
180.0000    4    2.000   1.0000         pwRep
182.0000    4    2.000   1.0000         pwRep
184.0000    0    6.000   1.0000          NULL 
190.0000    2    2.000   1.0000         rwOrt
192.0000    5    2.000   1.0000         pwOrt
194.0000    0    2.000   1.0000          NULL 
196.0000    1    2.000   1.0000         rwRep
198.0000    0    4.000   1.0000          NULL 
202.0000    5    2.000   1.0000         pwOrt
204.0000    4    2.000   1.0000         pwRep
206.0000    1    2.000   1.0000         rwRep
208.0000    4    2.000   1.0000         pwRep
210.0000    4    2.000   1.0000         pwRep
212.0000    0    2.000   1.0000          NULL 
214.0000    3    2.000   1.0000         rwNov
216.0000    3    2.000   1.0000         rwNov
218.0000    5    2.000   1.0000         pwOrt
220.0000    6    2.000   1.0000         pwNov
222.0000    5    2.000   1.0000         pwOrt
224.0000    4    2.000   1.0000         pwRep
226.0000    4    2.000   1.0000         pwRep
228.0000    3    2.000   1.0000         rwNov
230.0000    5    2.000   1.0000         pwOrt
232.0000    5    2.000   1.0000         pwOrt
234.0000    3    2.000   1.0000         rwNov
236.0000    0    4.000   1.0000          NULL 
240.0000    6    2.000   1.0000         pwNov
242.0000    0    4.000   1.0000          NULL 
246.0000    1    2.000   1.0000         rwRep
248.0000    0    2.000   1.0000          NULL 
250.0000    6    2.000   1.0000         pwNov
252.0000    1    2.000   1.0000         rwRep
254.0000    0    8.000   1.0000          NULL 
262.0000    6    2.000   1.0000         pwNov
264.0000    0    2.000   1.0000          NULL 
266.0000    2    2.000   1.0000         rwOrt
268.0000    5    2.000   1.0000         pwOrt
270.0000    6    2.000   1.0000         pwNov
272.0000    1    2.000   1.0000         rwRep
274.0000    1    2.000   1.0000         rwRep
276.0000    2    2.000   1.0000         rwOrt
278.0000    0    2.000   1.0000          NULL 
280.0000    3    2.000   1.0000         rwNov
282.0000    0    2.000   1.0000          NULL 
284.0000    1    2.000   1.0000         rwRep
286.0000    1    2.000   1.0000         rwRep
288.0000    6    2.000   1.0000         pwNov
290.0000    5    2.000   1.0000         pwOrt
292.0000    3    2.000   1.0000         rwNov
294.0000    6    2.000   1.0000         pwNov
296.0000    1    2.000   1.0000         rwRep
298.0000    6    2.000   1.0000         pwNov
300.0000    5    2.000   1.0000         pwOrt
302.0000    3    2.000   1.0000         rwNov
304.0000    5    2.000   1.0000         pwOrt
306.0000    0    4.000   1.0000          NULL 
310.0000    6    2.000   1.0000         pwNov
312.0000    5    2.000   1.0000         pwOrt
314.0000    2    2.000   1.0000         rwOrt
316.0000    2    2.000   1.0000         rwOrt
318.0000    3    2.000   1.0000         rwNov
320.0000    0    6.000   1.0000          NULL 
326.0000    2    2.000   1.0000         rwOrt
328.0000    3    2.000   1.0000         rwNov
330.0000    0    2.000   1.0000          NULL 
332.0000    1    2.000   1.0000         rwRep
334.0000    0    2.000   1.0000          NULL 
336.0000    2    2.000   1.0000         rwOrt
338.0000    4    2.000   1.0000         pwRep
340.0000    0    2.000   1.0000          NULL 
342.0000    5    2.000   1.0000         pwOrt
344.0000    2    2.000   1.0000         rwOrt
346.0000    3    2.000   1.0000         rwNov
348.0000    2    2.000   1.0000         rwOrt
350.0000    0    6.000   1.0000          NULL 
356.0000    1    2.000   1.0000         rwRep
358.0000    0    2.000   1.0000          NULL 
