  0.0000    6    2.000   1.0000         pwNov
  2.0000    5    2.000   1.0000         pwOrt
  4.0000    6    2.000   1.0000         pwNov
  6.0000    0    4.000   1.0000          NULL 
 10.0000    2    2.000   1.0000         rwOrt
 12.0000    1    2.000   1.0000         rwRep
 14.0000    2    2.000   1.0000         rwOrt
 16.0000    0    2.000   1.0000          NULL 
 18.0000    4    2.000   1.0000         pwRep
 20.0000    0    2.000   1.0000          NULL 
 22.0000    2    2.000   1.0000         rwOrt
 24.0000    6    2.000   1.0000         pwNov
 26.0000    2    2.000   1.0000         rwOrt
 28.0000    0    2.000   1.0000          NULL 
 30.0000    3    2.000   1.0000         rwNov
 32.0000    0    4.000   1.0000          NULL 
 36.0000    2    2.000   1.0000         rwOrt
 38.0000    4    2.000   1.0000         pwRep
 40.0000    3    2.000   1.0000         rwNov
 42.0000    5    2.000   1.0000         pwOrt
 44.0000    4    2.000   1.0000         pwRep
 46.0000    0    2.000   1.0000          NULL 
 48.0000    5    2.000   1.0000         pwOrt
 50.0000    2    2.000   1.0000         rwOrt
 52.0000    0    2.000   1.0000          NULL 
 54.0000    6    2.000   1.0000         pwNov
 56.0000    5    2.000   1.0000         pwOrt
 58.0000    0    2.000   1.0000          NULL 
 60.0000    4    2.000   1.0000         pwRep
 62.0000    0    2.000   1.0000          NULL 
 64.0000    4    2.000   1.0000         pwRep
 66.0000    2    2.000   1.0000         rwOrt
 68.0000    1    2.000   1.0000         rwRep
 70.0000    1    2.000   1.0000         rwRep
 72.0000    1    2.000   1.0000         rwRep
 74.0000    1    2.000   1.0000         rwRep
 76.0000    1    2.000   1.0000         rwRep
 78.0000    0    2.000   1.0000          NULL 
 80.0000    3    2.000   1.0000         rwNov
 82.0000    6    2.000   1.0000         pwNov
 84.0000    4    2.000   1.0000         pwRep
 86.0000    4    2.000   1.0000         pwRep
 88.0000    0    2.000   1.0000          NULL 
 90.0000    3    2.000   1.0000         rwNov
 92.0000    6    2.000   1.0000         pwNov
 94.0000    3    2.000   1.0000         rwNov
 96.0000    6    2.000   1.0000         pwNov
 98.0000    0    2.000   1.0000          NULL 
100.0000    3    2.000   1.0000         rwNov
102.0000    3    2.000   1.0000         rwNov
104.0000    0    4.000   1.0000          NULL 
108.0000    4    2.000   1.0000         pwRep
110.0000    2    2.000   1.0000         rwOrt
112.0000    0    2.000   1.0000          NULL 
114.0000    5    2.000   1.0000         pwOrt
116.0000    0    2.000   1.0000          NULL 
118.0000    4    2.000   1.0000         pwRep
120.0000    4    2.000   1.0000         pwRep
122.0000    1    2.000   1.0000         rwRep
124.0000    6    2.000   1.0000         pwNov
126.0000    4    2.000   1.0000         pwRep
128.0000    0    4.000   1.0000          NULL 
132.0000    6    2.000   1.0000         pwNov
134.0000    5    2.000   1.0000         pwOrt
136.0000    2    2.000   1.0000         rwOrt
138.0000    3    2.000   1.0000         rwNov
140.0000    3    2.000   1.0000         rwNov
142.0000    5    2.000   1.0000         pwOrt
144.0000    5    2.000   1.0000         pwOrt
146.0000    0    2.000   1.0000          NULL 
148.0000    5    2.000   1.0000         pwOrt
150.0000    0    2.000   1.0000          NULL 
152.0000    2    2.000   1.0000         rwOrt
154.0000    4    2.000   1.0000         pwRep
156.0000    0    2.000   1.0000          NULL 
158.0000    1    2.000   1.0000         rwRep
160.0000    0    4.000   1.0000          NULL 
164.0000    5    2.000   1.0000         pwOrt
166.0000    0    2.000   1.0000          NULL 
168.0000    1    2.000   1.0000         rwRep
170.0000    4    2.000   1.0000         pwRep
172.0000    3    2.000   1.0000         rwNov
174.0000    0    2.000   1.0000          NULL 
176.0000    1    2.000   1.0000         rwRep
178.0000    1    2.000   1.0000         rwRep
180.0000    0    2.000   1.0000          NULL 
182.0000    3    2.000   1.0000         rwNov
184.0000    2    2.000   1.0000         rwOrt
186.0000    3    2.000   1.0000         rwNov
188.0000    5    2.000   1.0000         pwOrt
190.0000    3    2.000   1.0000         rwNov
192.0000    0    2.000   1.0000          NULL 
194.0000    3    2.000   1.0000         rwNov
196.0000    0    4.000   1.0000          NULL 
200.0000    6    2.000   1.0000         pwNov
202.0000    6    2.000   1.0000         pwNov
204.0000    0    2.000   1.0000          NULL 
206.0000    5    2.000   1.0000         pwOrt
208.0000    2    2.000   1.0000         rwOrt
210.0000    0    2.000   1.0000          NULL 
212.0000    1    2.000   1.0000         rwRep
214.0000    0    4.000   1.0000          NULL 
218.0000    2    2.000   1.0000         rwOrt
220.0000    0    2.000   1.0000          NULL 
222.0000    5    2.000   1.0000         pwOrt
224.0000    0   14.000   1.0000          NULL 
238.0000    6    2.000   1.0000         pwNov
240.0000    1    2.000   1.0000         rwRep
242.0000    4    2.000   1.0000         pwRep
244.0000    2    2.000   1.0000         rwOrt
246.0000    6    2.000   1.0000         pwNov
248.0000    0    2.000   1.0000          NULL 
250.0000    6    2.000   1.0000         pwNov
252.0000    0    6.000   1.0000          NULL 
258.0000    4    2.000   1.0000         pwRep
260.0000    0    2.000   1.0000          NULL 
262.0000    1    2.000   1.0000         rwRep
264.0000    0    2.000   1.0000          NULL 
266.0000    2    2.000   1.0000         rwOrt
268.0000    6    2.000   1.0000         pwNov
270.0000    4    2.000   1.0000         pwRep
272.0000    4    2.000   1.0000         pwRep
274.0000    1    2.000   1.0000         rwRep
276.0000    0    4.000   1.0000          NULL 
280.0000    5    2.000   1.0000         pwOrt
282.0000    2    2.000   1.0000         rwOrt
284.0000    6    2.000   1.0000         pwNov
286.0000    0    2.000   1.0000          NULL 
288.0000    2    2.000   1.0000         rwOrt
290.0000    5    2.000   1.0000         pwOrt
292.0000    3    2.000   1.0000         rwNov
294.0000    3    2.000   1.0000         rwNov
296.0000    2    2.000   1.0000         rwOrt
298.0000    6    2.000   1.0000         pwNov
300.0000    2    2.000   1.0000         rwOrt
302.0000    0    2.000   1.0000          NULL 
304.0000    1    2.000   1.0000         rwRep
306.0000    6    2.000   1.0000         pwNov
308.0000    5    2.000   1.0000         pwOrt
310.0000    4    2.000   1.0000         pwRep
312.0000    5    2.000   1.0000         pwOrt
314.0000    0    2.000   1.0000          NULL 
316.0000    3    2.000   1.0000         rwNov
318.0000    1    2.000   1.0000         rwRep
320.0000    1    2.000   1.0000         rwRep
322.0000    0    2.000   1.0000          NULL 
324.0000    6    2.000   1.0000         pwNov
326.0000    4    2.000   1.0000         pwRep
328.0000    2    2.000   1.0000         rwOrt
330.0000    5    2.000   1.0000         pwOrt
332.0000    0    2.000   1.0000          NULL 
334.0000    5    2.000   1.0000         pwOrt
336.0000    0    2.000   1.0000          NULL 
338.0000    1    2.000   1.0000         rwRep
340.0000    3    2.000   1.0000         rwNov
342.0000    3    2.000   1.0000         rwNov
344.0000    1    2.000   1.0000         rwRep
346.0000    3    2.000   1.0000         rwNov
348.0000    0    2.000   1.0000          NULL 
350.0000    6    2.000   1.0000         pwNov
352.0000    4    2.000   1.0000         pwRep
354.0000    0    2.000   1.0000          NULL 
356.0000    5    2.000   1.0000         pwOrt
358.0000    0    2.000   1.0000          NULL 
