  0.0000    1    2.000   1.0000         rwRep
  2.0000    6    2.000   1.0000         pwNov
  4.0000    0    2.000   1.0000          NULL 
  6.0000    2    2.000   1.0000         rwOrt
  8.0000    2    2.000   1.0000         rwOrt
 10.0000    3    2.000   1.0000         rwNov
 12.0000    1    2.000   1.0000         rwRep
 14.0000    0    6.000   1.0000          NULL 
 20.0000    2    2.000   1.0000         rwOrt
 22.0000    1    2.000   1.0000         rwRep
 24.0000    6    2.000   1.0000         pwNov
 26.0000    4    2.000   1.0000         pwRep
 28.0000    4    2.000   1.0000         pwRep
 30.0000    1    2.000   1.0000         rwRep
 32.0000    2    2.000   1.0000         rwOrt
 34.0000    0    4.000   1.0000          NULL 
 38.0000    6    2.000   1.0000         pwNov
 40.0000    3    2.000   1.0000         rwNov
 42.0000    0    2.000   1.0000          NULL 
 44.0000    6    2.000   1.0000         pwNov
 46.0000    2    2.000   1.0000         rwOrt
 48.0000    0    2.000   1.0000          NULL 
 50.0000    4    2.000   1.0000         pwRep
 52.0000    0    2.000   1.0000          NULL 
 54.0000    2    2.000   1.0000         rwOrt
 56.0000    2    2.000   1.0000         rwOrt
 58.0000    4    2.000   1.0000         pwRep
 60.0000    6    2.000   1.0000         pwNov
 62.0000    0    4.000   1.0000          NULL 
 66.0000    3    2.000   1.0000         rwNov
 68.0000    0    2.000   1.0000          NULL 
 70.0000    3    2.000   1.0000         rwNov
 72.0000    6    2.000   1.0000         pwNov
 74.0000    6    2.000   1.0000         pwNov
 76.0000    0    2.000   1.0000          NULL 
 78.0000    2    2.000   1.0000         rwOrt
 80.0000    6    2.000   1.0000         pwNov
 82.0000    1    2.000   1.0000         rwRep
 84.0000    0    2.000   1.0000          NULL 
 86.0000    6    2.000   1.0000         pwNov
 88.0000    1    2.000   1.0000         rwRep
 90.0000    0    2.000   1.0000          NULL 
 92.0000    5    2.000   1.0000         pwOrt
 94.0000    4    2.000   1.0000         pwRep
 96.0000    2    2.000   1.0000         rwOrt
 98.0000    2    2.000   1.0000         rwOrt
100.0000    3    2.000   1.0000         rwNov
102.0000    5    2.000   1.0000         pwOrt
104.0000    0    2.000   1.0000          NULL 
106.0000    1    2.000   1.0000         rwRep
108.0000    5    2.000   1.0000         pwOrt
110.0000    0    2.000   1.0000          NULL 
112.0000    2    2.000   1.0000         rwOrt
114.0000    1    2.000   1.0000         rwRep
116.0000    1    2.000   1.0000         rwRep
118.0000    4    2.000   1.0000         pwRep
120.0000    2    2.000   1.0000         rwOrt
122.0000    6    2.000   1.0000         pwNov
124.0000    4    2.000   1.0000         pwRep
126.0000    3    2.000   1.0000         rwNov
128.0000    1    2.000   1.0000         rwRep
130.0000    3    2.000   1.0000         rwNov
132.0000    0    4.000   1.0000          NULL 
136.0000    1    2.000   1.0000         rwRep
138.0000    4    2.000   1.0000         pwRep
140.0000    3    2.000   1.0000         rwNov
142.0000    2    2.000   1.0000         rwOrt
144.0000    0    4.000   1.0000          NULL 
148.0000    4    2.000   1.0000         pwRep
150.0000    6    2.000   1.0000         pwNov
152.0000    0    6.000   1.0000          NULL 
158.0000    1    2.000   1.0000         rwRep
160.0000    5    2.000   1.0000         pwOrt
162.0000    1    2.000   1.0000         rwRep
164.0000    0    2.000   1.0000          NULL 
166.0000    5    2.000   1.0000         pwOrt
168.0000    0    4.000   1.0000          NULL 
172.0000    3    2.000   1.0000         rwNov
174.0000    0    4.000   1.0000          NULL 
178.0000    2    2.000   1.0000         rwOrt
180.0000    5    2.000   1.0000         pwOrt
182.0000    4    2.000   1.0000         pwRep
184.0000    0    2.000   1.0000          NULL 
186.0000    6    2.000   1.0000         pwNov
188.0000    0    2.000   1.0000          NULL 
190.0000    1    2.000   1.0000         rwRep
192.0000    0    2.000   1.0000          NULL 
194.0000    5    2.000   1.0000         pwOrt
196.0000    0    2.000   1.0000          NULL 
198.0000    4    2.000   1.0000         pwRep
200.0000    3    2.000   1.0000         rwNov
202.0000    5    2.000   1.0000         pwOrt
204.0000    2    2.000   1.0000         rwOrt
206.0000    2    2.000   1.0000         rwOrt
208.0000    0    4.000   1.0000          NULL 
212.0000    3    2.000   1.0000         rwNov
214.0000    0    2.000   1.0000          NULL 
216.0000    4    2.000   1.0000         pwRep
218.0000    3    2.000   1.0000         rwNov
220.0000    5    2.000   1.0000         pwOrt
222.0000    0    2.000   1.0000          NULL 
224.0000    5    2.000   1.0000         pwOrt
226.0000    3    2.000   1.0000         rwNov
228.0000    4    2.000   1.0000         pwRep
230.0000    5    2.000   1.0000         pwOrt
232.0000    0    2.000   1.0000          NULL 
234.0000    5    2.000   1.0000         pwOrt
236.0000    0    2.000   1.0000          NULL 
238.0000    1    2.000   1.0000         rwRep
240.0000    4    2.000   1.0000         pwRep
242.0000    0    2.000   1.0000          NULL 
244.0000    5    2.000   1.0000         pwOrt
246.0000    3    2.000   1.0000         rwNov
248.0000    5    2.000   1.0000         pwOrt
250.0000    0    4.000   1.0000          NULL 
254.0000    1    2.000   1.0000         rwRep
256.0000    4    2.000   1.0000         pwRep
258.0000    2    2.000   1.0000         rwOrt
260.0000    1    2.000   1.0000         rwRep
262.0000    3    2.000   1.0000         rwNov
264.0000    4    2.000   1.0000         pwRep
266.0000    0    2.000   1.0000          NULL 
268.0000    6    2.000   1.0000         pwNov
270.0000    5    2.000   1.0000         pwOrt
272.0000    3    2.000   1.0000         rwNov
274.0000    0    2.000   1.0000          NULL 
276.0000    5    2.000   1.0000         pwOrt
278.0000    2    2.000   1.0000         rwOrt
280.0000    0    2.000   1.0000          NULL 
282.0000    6    2.000   1.0000         pwNov
284.0000    6    2.000   1.0000         pwNov
286.0000    3    2.000   1.0000         rwNov
288.0000    0    6.000   1.0000          NULL 
294.0000    1    2.000   1.0000         rwRep
296.0000    3    2.000   1.0000         rwNov
298.0000    3    2.000   1.0000         rwNov
300.0000    4    2.000   1.0000         pwRep
302.0000    0    4.000   1.0000          NULL 
306.0000    6    2.000   1.0000         pwNov
308.0000    0    2.000   1.0000          NULL 
310.0000    5    2.000   1.0000         pwOrt
312.0000    5    2.000   1.0000         pwOrt
314.0000    0    4.000   1.0000          NULL 
318.0000    6    2.000   1.0000         pwNov
320.0000    6    2.000   1.0000         pwNov
322.0000    0    2.000   1.0000          NULL 
324.0000    1    2.000   1.0000         rwRep
326.0000    0    4.000   1.0000          NULL 
330.0000    2    2.000   1.0000         rwOrt
332.0000    0    2.000   1.0000          NULL 
334.0000    6    2.000   1.0000         pwNov
336.0000    4    2.000   1.0000         pwRep
338.0000    0    2.000   1.0000          NULL 
340.0000    4    2.000   1.0000         pwRep
342.0000    0    2.000   1.0000          NULL 
344.0000    5    2.000   1.0000         pwOrt
346.0000    6    2.000   1.0000         pwNov
348.0000    0    2.000   1.0000          NULL 
350.0000    2    2.000   1.0000         rwOrt
352.0000    4    2.000   1.0000         pwRep
354.0000    3    2.000   1.0000         rwNov
356.0000    1    2.000   1.0000         rwRep
358.0000    5    2.000   1.0000         pwOrt
