  0.0000    2    2.000   1.0000         rwOrt
  2.0000    0    2.000   1.0000          NULL 
  4.0000    2    2.000   1.0000         rwOrt
  6.0000    4    2.000   1.0000         pwRep
  8.0000    0    4.000   1.0000          NULL 
 12.0000    5    2.000   1.0000         pwOrt
 14.0000    4    2.000   1.0000         pwRep
 16.0000    1    2.000   1.0000         rwRep
 18.0000    0    2.000   1.0000          NULL 
 20.0000    4    2.000   1.0000         pwRep
 22.0000    3    2.000   1.0000         rwNov
 24.0000    1    2.000   1.0000         rwRep
 26.0000    1    2.000   1.0000         rwRep
 28.0000    2    2.000   1.0000         rwOrt
 30.0000    0    4.000   1.0000          NULL 
 34.0000    1    2.000   1.0000         rwRep
 36.0000    0    8.000   1.0000          NULL 
 44.0000    2    2.000   1.0000         rwOrt
 46.0000    3    2.000   1.0000         rwNov
 48.0000    0    2.000   1.0000          NULL 
 50.0000    3    2.000   1.0000         rwNov
 52.0000    1    2.000   1.0000         rwRep
 54.0000    0    2.000   1.0000          NULL 
 56.0000    2    2.000   1.0000         rwOrt
 58.0000    2    2.000   1.0000         rwOrt
 60.0000    0    4.000   1.0000          NULL 
 64.0000    1    2.000   1.0000         rwRep
 66.0000    1    2.000   1.0000         rwRep
 68.0000    0    2.000   1.0000          NULL 
 70.0000    3    2.000   1.0000         rwNov
 72.0000    4    2.000   1.0000         pwRep
 74.0000    4    2.000   1.0000         pwRep
 76.0000    0    2.000   1.0000          NULL 
 78.0000    2    2.000   1.0000         rwOrt
 80.0000    0    4.000   1.0000          NULL 
 84.0000    3    2.000   1.0000         rwNov
 86.0000    4    2.000   1.0000         pwRep
 88.0000    2    2.000   1.0000         rwOrt
 90.0000    5    2.000   1.0000         pwOrt
 92.0000    0    2.000   1.0000          NULL 
 94.0000    4    2.000   1.0000         pwRep
 96.0000    6    2.000   1.0000         pwNov
 98.0000    5    2.000   1.0000         pwOrt
100.0000    0    2.000   1.0000          NULL 
102.0000    4    2.000   1.0000         pwRep
104.0000    0    2.000   1.0000          NULL 
106.0000    2    2.000   1.0000         rwOrt
108.0000    1    2.000   1.0000         rwRep
110.0000    6    2.000   1.0000         pwNov
112.0000    5    2.000   1.0000         pwOrt
114.0000    0    2.000   1.0000          NULL 
116.0000    6    2.000   1.0000         pwNov
118.0000    0    2.000   1.0000          NULL 
120.0000    3    2.000   1.0000         rwNov
122.0000    3    2.000   1.0000         rwNov
124.0000    3    2.000   1.0000         rwNov
126.0000    5    2.000   1.0000         pwOrt
128.0000    6    2.000   1.0000         pwNov
130.0000    4    2.000   1.0000         pwRep
132.0000    6    2.000   1.0000         pwNov
134.0000    5    2.000   1.0000         pwOrt
136.0000    3    2.000   1.0000         rwNov
138.0000    4    2.000   1.0000         pwRep
140.0000    3    2.000   1.0000         rwNov
142.0000    0    4.000   1.0000          NULL 
146.0000    6    2.000   1.0000         pwNov
148.0000    0    2.000   1.0000          NULL 
150.0000    1    2.000   1.0000         rwRep
152.0000    1    2.000   1.0000         rwRep
154.0000    3    2.000   1.0000         rwNov
156.0000    5    2.000   1.0000         pwOrt
158.0000    5    2.000   1.0000         pwOrt
160.0000    2    2.000   1.0000         rwOrt
162.0000    4    2.000   1.0000         pwRep
164.0000    0    4.000   1.0000          NULL 
168.0000    4    2.000   1.0000         pwRep
170.0000    4    2.000   1.0000         pwRep
172.0000    5    2.000   1.0000         pwOrt
174.0000    2    2.000   1.0000         rwOrt
176.0000    0    2.000   1.0000          NULL 
178.0000    1    2.000   1.0000         rwRep
180.0000    2    2.000   1.0000         rwOrt
182.0000    0    2.000   1.0000          NULL 
184.0000    6    2.000   1.0000         pwNov
186.0000    6    2.000   1.0000         pwNov
188.0000    0    4.000   1.0000          NULL 
192.0000    1    2.000   1.0000         rwRep
194.0000    4    2.000   1.0000         pwRep
196.0000    0    2.000   1.0000          NULL 
198.0000    4    2.000   1.0000         pwRep
200.0000    0    6.000   1.0000          NULL 
206.0000    1    2.000   1.0000         rwRep
208.0000    3    2.000   1.0000         rwNov
210.0000    2    2.000   1.0000         rwOrt
212.0000    1    2.000   1.0000         rwRep
214.0000    0    2.000   1.0000          NULL 
216.0000    6    2.000   1.0000         pwNov
218.0000    0    2.000   1.0000          NULL 
220.0000    6    2.000   1.0000         pwNov
222.0000    4    2.000   1.0000         pwRep
224.0000    0    2.000   1.0000          NULL 
226.0000    3    2.000   1.0000         rwNov
228.0000    2    2.000   1.0000         rwOrt
230.0000    0    4.000   1.0000          NULL 
234.0000    2    2.000   1.0000         rwOrt
236.0000    0    2.000   1.0000          NULL 
238.0000    4    2.000   1.0000         pwRep
240.0000    5    2.000   1.0000         pwOrt
242.0000    6    2.000   1.0000         pwNov
244.0000    0    4.000   1.0000          NULL 
248.0000    3    2.000   1.0000         rwNov
250.0000    3    2.000   1.0000         rwNov
252.0000    6    2.000   1.0000         pwNov
254.0000    0    4.000   1.0000          NULL 
258.0000    6    2.000   1.0000         pwNov
260.0000    0    2.000   1.0000          NULL 
262.0000    2    2.000   1.0000         rwOrt
264.0000    6    2.000   1.0000         pwNov
266.0000    2    2.000   1.0000         rwOrt
268.0000    0    2.000   1.0000          NULL 
270.0000    5    2.000   1.0000         pwOrt
272.0000    2    2.000   1.0000         rwOrt
274.0000    1    2.000   1.0000         rwRep
276.0000    6    2.000   1.0000         pwNov
278.0000    1    2.000   1.0000         rwRep
280.0000    2    2.000   1.0000         rwOrt
282.0000    0    4.000   1.0000          NULL 
286.0000    3    2.000   1.0000         rwNov
288.0000    6    2.000   1.0000         pwNov
290.0000    0    2.000   1.0000          NULL 
292.0000    4    2.000   1.0000         pwRep
294.0000    5    2.000   1.0000         pwOrt
296.0000    0    4.000   1.0000          NULL 
300.0000    3    2.000   1.0000         rwNov
302.0000    5    2.000   1.0000         pwOrt
304.0000    5    2.000   1.0000         pwOrt
306.0000    0    2.000   1.0000          NULL 
308.0000    5    2.000   1.0000         pwOrt
310.0000    3    2.000   1.0000         rwNov
312.0000    5    2.000   1.0000         pwOrt
314.0000    6    2.000   1.0000         pwNov
316.0000    1    2.000   1.0000         rwRep
318.0000    2    2.000   1.0000         rwOrt
320.0000    5    2.000   1.0000         pwOrt
322.0000    3    2.000   1.0000         rwNov
324.0000    1    2.000   1.0000         rwRep
326.0000    0    6.000   1.0000          NULL 
332.0000    5    2.000   1.0000         pwOrt
334.0000    5    2.000   1.0000         pwOrt
336.0000    6    2.000   1.0000         pwNov
338.0000    4    2.000   1.0000         pwRep
340.0000    6    2.000   1.0000         pwNov
342.0000    4    2.000   1.0000         pwRep
344.0000    6    2.000   1.0000         pwNov
346.0000    0    2.000   1.0000          NULL 
348.0000    1    2.000   1.0000         rwRep
350.0000    5    2.000   1.0000         pwOrt
352.0000    0    4.000   1.0000          NULL 
356.0000    1    2.000   1.0000         rwRep
358.0000    3    2.000   1.0000         rwNov
