  0.0000    3    2.000   1.0000         rwNov
  2.0000    4    2.000   1.0000         pwRep
  4.0000    6    2.000   1.0000         pwNov
  6.0000    2    2.000   1.0000         rwOrt
  8.0000    3    2.000   1.0000         rwNov
 10.0000    0    6.000   1.0000          NULL 
 16.0000    4    2.000   1.0000         pwRep
 18.0000    0    2.000   1.0000          NULL 
 20.0000    5    2.000   1.0000         pwOrt
 22.0000    4    2.000   1.0000         pwRep
 24.0000    6    2.000   1.0000         pwNov
 26.0000    5    2.000   1.0000         pwOrt
 28.0000    2    2.000   1.0000         rwOrt
 30.0000    0    2.000   1.0000          NULL 
 32.0000    3    2.000   1.0000         rwNov
 34.0000    6    2.000   1.0000         pwNov
 36.0000    6    2.000   1.0000         pwNov
 38.0000    1    2.000   1.0000         rwRep
 40.0000    1    2.000   1.0000         rwRep
 42.0000    0    6.000   1.0000          NULL 
 48.0000    5    2.000   1.0000         pwOrt
 50.0000    2    2.000   1.0000         rwOrt
 52.0000    0    2.000   1.0000          NULL 
 54.0000    2    2.000   1.0000         rwOrt
 56.0000    4    2.000   1.0000         pwRep
 58.0000    4    2.000   1.0000         pwRep
 60.0000    0    2.000   1.0000          NULL 
 62.0000    6    2.000   1.0000         pwNov
 64.0000    0    2.000   1.0000          NULL 
 66.0000    5    2.000   1.0000         pwOrt
 68.0000    1    2.000   1.0000         rwRep
 70.0000    6    2.000   1.0000         pwNov
 72.0000    6    2.000   1.0000         pwNov
 74.0000    5    2.000   1.0000         pwOrt
 76.0000    2    2.000   1.0000         rwOrt
 78.0000    6    2.000   1.0000         pwNov
 80.0000    3    2.000   1.0000         rwNov
 82.0000    5    2.000   1.0000         pwOrt
 84.0000    6    2.000   1.0000         pwNov
 86.0000    2    2.000   1.0000         rwOrt
 88.0000    1    2.000   1.0000         rwRep
 90.0000    0    4.000   1.0000          NULL 
 94.0000    6    2.000   1.0000         pwNov
 96.0000    4    2.000   1.0000         pwRep
 98.0000    0    2.000   1.0000          NULL 
100.0000    1    2.000   1.0000         rwRep
102.0000    5    2.000   1.0000         pwOrt
104.0000    3    2.000   1.0000         rwNov
106.0000    1    2.000   1.0000         rwRep
108.0000    0    2.000   1.0000          NULL 
110.0000    3    2.000   1.0000         rwNov
112.0000    0    2.000   1.0000          NULL 
114.0000    4    2.000   1.0000         pwRep
116.0000    0    2.000   1.0000          NULL 
118.0000    1    2.000   1.0000         rwRep
120.0000    3    2.000   1.0000         rwNov
122.0000    1    2.000   1.0000         rwRep
124.0000    3    2.000   1.0000         rwNov
126.0000    2    2.000   1.0000         rwOrt
128.0000    6    2.000   1.0000         pwNov
130.0000    4    2.000   1.0000         pwRep
132.0000    0    2.000   1.0000          NULL 
134.0000    3    2.000   1.0000         rwNov
136.0000    0    2.000   1.0000          NULL 
138.0000    4    2.000   1.0000         pwRep
140.0000    5    2.000   1.0000         pwOrt
142.0000    0    6.000   1.0000          NULL 
148.0000    6    2.000   1.0000         pwNov
150.0000    0    2.000   1.0000          NULL 
152.0000    3    2.000   1.0000         rwNov
154.0000    3    2.000   1.0000         rwNov
156.0000    0    4.000   1.0000          NULL 
160.0000    4    2.000   1.0000         pwRep
162.0000    2    2.000   1.0000         rwOrt
164.0000    3    2.000   1.0000         rwNov
166.0000    0    2.000   1.0000          NULL 
168.0000    3    2.000   1.0000         rwNov
170.0000    2    2.000   1.0000         rwOrt
172.0000    0    2.000   1.0000          NULL 
174.0000    1    2.000   1.0000         rwRep
176.0000    6    2.000   1.0000         pwNov
178.0000    0    2.000   1.0000          NULL 
180.0000    2    2.000   1.0000         rwOrt
182.0000    0    2.000   1.0000          NULL 
184.0000    4    2.000   1.0000         pwRep
186.0000    0    2.000   1.0000          NULL 
188.0000    1    2.000   1.0000         rwRep
190.0000    0    6.000   1.0000          NULL 
196.0000    5    2.000   1.0000         pwOrt
198.0000    0    4.000   1.0000          NULL 
202.0000    4    2.000   1.0000         pwRep
204.0000    4    2.000   1.0000         pwRep
206.0000    2    2.000   1.0000         rwOrt
208.0000    5    2.000   1.0000         pwOrt
210.0000    2    2.000   1.0000         rwOrt
212.0000    2    2.000   1.0000         rwOrt
214.0000    0    2.000   1.0000          NULL 
216.0000    1    2.000   1.0000         rwRep
218.0000    1    2.000   1.0000         rwRep
220.0000    5    2.000   1.0000         pwOrt
222.0000    0    2.000   1.0000          NULL 
224.0000    1    2.000   1.0000         rwRep
226.0000    1    2.000   1.0000         rwRep
228.0000    1    2.000   1.0000         rwRep
230.0000    0    2.000   1.0000          NULL 
232.0000    2    2.000   1.0000         rwOrt
234.0000    4    2.000   1.0000         pwRep
236.0000    5    2.000   1.0000         pwOrt
238.0000    4    2.000   1.0000         pwRep
240.0000    4    2.000   1.0000         pwRep
242.0000    0    2.000   1.0000          NULL 
244.0000    1    2.000   1.0000         rwRep
246.0000    4    2.000   1.0000         pwRep
248.0000    0    2.000   1.0000          NULL 
250.0000    5    2.000   1.0000         pwOrt
252.0000    6    2.000   1.0000         pwNov
254.0000    0    2.000   1.0000          NULL 
256.0000    6    2.000   1.0000         pwNov
258.0000    1    2.000   1.0000         rwRep
260.0000    4    2.000   1.0000         pwRep
262.0000    2    2.000   1.0000         rwOrt
264.0000    0    2.000   1.0000          NULL 
266.0000    2    2.000   1.0000         rwOrt
268.0000    0    4.000   1.0000          NULL 
272.0000    6    2.000   1.0000         pwNov
274.0000    0    4.000   1.0000          NULL 
278.0000    3    2.000   1.0000         rwNov
280.0000    6    2.000   1.0000         pwNov
282.0000    0    4.000   1.0000          NULL 
286.0000    1    2.000   1.0000         rwRep
288.0000    3    2.000   1.0000         rwNov
290.0000    4    2.000   1.0000         pwRep
292.0000    0    6.000   1.0000          NULL 
298.0000    2    2.000   1.0000         rwOrt
300.0000    6    2.000   1.0000         pwNov
302.0000    1    2.000   1.0000         rwRep
304.0000    2    2.000   1.0000         rwOrt
306.0000    1    2.000   1.0000         rwRep
308.0000    5    2.000   1.0000         pwOrt
310.0000    3    2.000   1.0000         rwNov
312.0000    3    2.000   1.0000         rwNov
314.0000    0    2.000   1.0000          NULL 
316.0000    5    2.000   1.0000         pwOrt
318.0000    5    2.000   1.0000         pwOrt
320.0000    5    2.000   1.0000         pwOrt
322.0000    4    2.000   1.0000         pwRep
324.0000    0    2.000   1.0000          NULL 
326.0000    6    2.000   1.0000         pwNov
328.0000    2    2.000   1.0000         rwOrt
330.0000    3    2.000   1.0000         rwNov
332.0000    5    2.000   1.0000         pwOrt
334.0000    0    6.000   1.0000          NULL 
340.0000    6    2.000   1.0000         pwNov
342.0000    2    2.000   1.0000         rwOrt
344.0000    0    4.000   1.0000          NULL 
348.0000    5    2.000   1.0000         pwOrt
350.0000    0    2.000   1.0000          NULL 
352.0000    3    2.000   1.0000         rwNov
354.0000    0    2.000   1.0000          NULL 
356.0000    3    2.000   1.0000         rwNov
358.0000    5    2.000   1.0000         pwOrt
