  0.0000    1    2.000   1.0000         rwRep
  2.0000    1    2.000   1.0000         rwRep
  4.0000    0    4.000   1.0000          NULL 
  8.0000    5    2.000   1.0000         pwOrt
 10.0000    2    2.000   1.0000         rwOrt
 12.0000    0    4.000   1.0000          NULL 
 16.0000    1    2.000   1.0000         rwRep
 18.0000    1    2.000   1.0000         rwRep
 20.0000    6    2.000   1.0000         pwNov
 22.0000    6    2.000   1.0000         pwNov
 24.0000    0    2.000   1.0000          NULL 
 26.0000    2    2.000   1.0000         rwOrt
 28.0000    2    2.000   1.0000         rwOrt
 30.0000    6    2.000   1.0000         pwNov
 32.0000    1    2.000   1.0000         rwRep
 34.0000    2    2.000   1.0000         rwOrt
 36.0000    6    2.000   1.0000         pwNov
 38.0000    2    2.000   1.0000         rwOrt
 40.0000    0    2.000   1.0000          NULL 
 42.0000    6    2.000   1.0000         pwNov
 44.0000    2    2.000   1.0000         rwOrt
 46.0000    3    2.000   1.0000         rwNov
 48.0000    5    2.000   1.0000         pwOrt
 50.0000    6    2.000   1.0000         pwNov
 52.0000    0    2.000   1.0000          NULL 
 54.0000    1    2.000   1.0000         rwRep
 56.0000    5    2.000   1.0000         pwOrt
 58.0000    6    2.000   1.0000         pwNov
 60.0000    2    2.000   1.0000         rwOrt
 62.0000    0    2.000   1.0000          NULL 
 64.0000    1    2.000   1.0000         rwRep
 66.0000    0    6.000   1.0000          NULL 
 72.0000    6    2.000   1.0000         pwNov
 74.0000    0    2.000   1.0000          NULL 
 76.0000    3    2.000   1.0000         rwNov
 78.0000    3    2.000   1.0000         rwNov
 80.0000    5    2.000   1.0000         pwOrt
 82.0000    0    2.000   1.0000          NULL 
 84.0000    2    2.000   1.0000         rwOrt
 86.0000    2    2.000   1.0000         rwOrt
 88.0000    4    2.000   1.0000         pwRep
 90.0000    3    2.000   1.0000         rwNov
 92.0000    3    2.000   1.0000         rwNov
 94.0000    3    2.000   1.0000         rwNov
 96.0000    4    2.000   1.0000         pwRep
 98.0000    5    2.000   1.0000         pwOrt
100.0000    3    2.000   1.0000         rwNov
102.0000    0    4.000   1.0000          NULL 
106.0000    3    2.000   1.0000         rwNov
108.0000    4    2.000   1.0000         pwRep
110.0000    4    2.000   1.0000         pwRep
112.0000    6    2.000   1.0000         pwNov
114.0000    0    2.000   1.0000          NULL 
116.0000    1    2.000   1.0000         rwRep
118.0000    0    2.000   1.0000          NULL 
120.0000    2    2.000   1.0000         rwOrt
122.0000    4    2.000   1.0000         pwRep
124.0000    2    2.000   1.0000         rwOrt
126.0000    0    4.000   1.0000          NULL 
130.0000    4    2.000   1.0000         pwRep
132.0000    0    2.000   1.0000          NULL 
134.0000    1    2.000   1.0000         rwRep
136.0000    1    2.000   1.0000         rwRep
138.0000    4    2.000   1.0000         pwRep
140.0000    3    2.000   1.0000         rwNov
142.0000    0    2.000   1.0000          NULL 
144.0000    2    2.000   1.0000         rwOrt
146.0000    3    2.000   1.0000         rwNov
148.0000    0    4.000   1.0000          NULL 
152.0000    2    2.000   1.0000         rwOrt
154.0000    6    2.000   1.0000         pwNov
156.0000    5    2.000   1.0000         pwOrt
158.0000    4    2.000   1.0000         pwRep
160.0000    3    2.000   1.0000         rwNov
162.0000    0    2.000   1.0000          NULL 
164.0000    5    2.000   1.0000         pwOrt
166.0000    0    4.000   1.0000          NULL 
170.0000    5    2.000   1.0000         pwOrt
172.0000    0    2.000   1.0000          NULL 
174.0000    4    2.000   1.0000         pwRep
176.0000    0    4.000   1.0000          NULL 
180.0000    1    2.000   1.0000         rwRep
182.0000    6    2.000   1.0000         pwNov
184.0000    5    2.000   1.0000         pwOrt
186.0000    6    2.000   1.0000         pwNov
188.0000    1    2.000   1.0000         rwRep
190.0000    6    2.000   1.0000         pwNov
192.0000    3    2.000   1.0000         rwNov
194.0000    5    2.000   1.0000         pwOrt
196.0000    0    2.000   1.0000          NULL 
198.0000    4    2.000   1.0000         pwRep
200.0000    5    2.000   1.0000         pwOrt
202.0000    5    2.000   1.0000         pwOrt
204.0000    5    2.000   1.0000         pwOrt
206.0000    4    2.000   1.0000         pwRep
208.0000    2    2.000   1.0000         rwOrt
210.0000    0    4.000   1.0000          NULL 
214.0000    5    2.000   1.0000         pwOrt
216.0000    0    2.000   1.0000          NULL 
218.0000    3    2.000   1.0000         rwNov
220.0000    0    2.000   1.0000          NULL 
222.0000    6    2.000   1.0000         pwNov
224.0000    0    2.000   1.0000          NULL 
226.0000    3    2.000   1.0000         rwNov
228.0000    4    2.000   1.0000         pwRep
230.0000    4    2.000   1.0000         pwRep
232.0000    3    2.000   1.0000         rwNov
234.0000    0    4.000   1.0000          NULL 
238.0000    6    2.000   1.0000         pwNov
240.0000    1    2.000   1.0000         rwRep
242.0000    0    2.000   1.0000          NULL 
244.0000    5    2.000   1.0000         pwOrt
246.0000    0    4.000   1.0000          NULL 
250.0000    3    2.000   1.0000         rwNov
252.0000    2    2.000   1.0000         rwOrt
254.0000    0    2.000   1.0000          NULL 
256.0000    2    2.000   1.0000         rwOrt
258.0000    1    2.000   1.0000         rwRep
260.0000    0    6.000   1.0000          NULL 
266.0000    4    2.000   1.0000         pwRep
268.0000    0    2.000   1.0000          NULL 
270.0000    1    2.000   1.0000         rwRep
272.0000    2    2.000   1.0000         rwOrt
274.0000    3    2.000   1.0000         rwNov
276.0000    1    2.000   1.0000         rwRep
278.0000    1    2.000   1.0000         rwRep
280.0000    0    2.000   1.0000          NULL 
282.0000    3    2.000   1.0000         rwNov
284.0000    0    4.000   1.0000          NULL 
288.0000    2    2.000   1.0000         rwOrt
290.0000    2    2.000   1.0000         rwOrt
292.0000    5    2.000   1.0000         pwOrt
294.0000    4    2.000   1.0000         pwRep
296.0000    0    2.000   1.0000          NULL 
298.0000    6    2.000   1.0000         pwNov
300.0000    0    2.000   1.0000          NULL 
302.0000    4    2.000   1.0000         pwRep
304.0000    5    2.000   1.0000         pwOrt
306.0000    0    2.000   1.0000          NULL 
308.0000    6    2.000   1.0000         pwNov
310.0000    0    2.000   1.0000          NULL 
312.0000    5    2.000   1.0000         pwOrt
314.0000    0    2.000   1.0000          NULL 
316.0000    6    2.000   1.0000         pwNov
318.0000    6    2.000   1.0000         pwNov
320.0000    1    2.000   1.0000         rwRep
322.0000    0    2.000   1.0000          NULL 
324.0000    1    2.000   1.0000         rwRep
326.0000    0    4.000   1.0000          NULL 
330.0000    4    2.000   1.0000         pwRep
332.0000    0    2.000   1.0000          NULL 
334.0000    5    2.000   1.0000         pwOrt
336.0000    4    2.000   1.0000         pwRep
338.0000    1    2.000   1.0000         rwRep
340.0000    0    2.000   1.0000          NULL 
342.0000    6    2.000   1.0000         pwNov
344.0000    2    2.000   1.0000         rwOrt
346.0000    4    2.000   1.0000         pwRep
348.0000    3    2.000   1.0000         rwNov
350.0000    4    2.000   1.0000         pwRep
352.0000    3    2.000   1.0000         rwNov
354.0000    5    2.000   1.0000         pwOrt
356.0000    0    4.000   1.0000          NULL 
