  0.0000    4    2.000   1.0000         pwRep
  2.0000    0    2.000   1.0000          NULL 
  4.0000    2    2.000   1.0000         rwOrt
  6.0000    0    2.000   1.0000          NULL 
  8.0000    2    2.000   1.0000         rwOrt
 10.0000    3    2.000   1.0000         rwNov
 12.0000    2    2.000   1.0000         rwOrt
 14.0000    0    4.000   1.0000          NULL 
 18.0000    4    2.000   1.0000         pwRep
 20.0000    1    2.000   1.0000         rwRep
 22.0000    0    2.000   1.0000          NULL 
 24.0000    4    2.000   1.0000         pwRep
 26.0000    1    2.000   1.0000         rwRep
 28.0000    0    4.000   1.0000          NULL 
 32.0000    3    2.000   1.0000         rwNov
 34.0000    0    6.000   1.0000          NULL 
 40.0000    3    2.000   1.0000         rwNov
 42.0000    2    2.000   1.0000         rwOrt
 44.0000    2    2.000   1.0000         rwOrt
 46.0000    5    2.000   1.0000         pwOrt
 48.0000    0    2.000   1.0000          NULL 
 50.0000    1    2.000   1.0000         rwRep
 52.0000    4    2.000   1.0000         pwRep
 54.0000    1    2.000   1.0000         rwRep
 56.0000    0    6.000   1.0000          NULL 
 62.0000    5    2.000   1.0000         pwOrt
 64.0000    5    2.000   1.0000         pwOrt
 66.0000    0    2.000   1.0000          NULL 
 68.0000    3    2.000   1.0000         rwNov
 70.0000    0   10.000   1.0000          NULL 
 80.0000    2    2.000   1.0000         rwOrt
 82.0000    5    2.000   1.0000         pwOrt
 84.0000    5    2.000   1.0000         pwOrt
 86.0000    4    2.000   1.0000         pwRep
 88.0000    0    2.000   1.0000          NULL 
 90.0000    1    2.000   1.0000         rwRep
 92.0000    1    2.000   1.0000         rwRep
 94.0000    4    2.000   1.0000         pwRep
 96.0000    0    2.000   1.0000          NULL 
 98.0000    4    2.000   1.0000         pwRep
100.0000    0    2.000   1.0000          NULL 
102.0000    1    2.000   1.0000         rwRep
104.0000    6    2.000   1.0000         pwNov
106.0000    0    4.000   1.0000          NULL 
110.0000    1    2.000   1.0000         rwRep
112.0000    3    2.000   1.0000         rwNov
114.0000    0    4.000   1.0000          NULL 
118.0000    1    2.000   1.0000         rwRep
120.0000    0    2.000   1.0000          NULL 
122.0000    1    2.000   1.0000         rwRep
124.0000    3    2.000   1.0000         rwNov
126.0000    6    2.000   1.0000         pwNov
128.0000    3    2.000   1.0000         rwNov
130.0000    1    2.000   1.0000         rwRep
132.0000    0    2.000   1.0000          NULL 
134.0000    2    2.000   1.0000         rwOrt
136.0000    5    2.000   1.0000         pwOrt
138.0000    0    2.000   1.0000          NULL 
140.0000    3    2.000   1.0000         rwNov
142.0000    3    2.000   1.0000         rwNov
144.0000    4    2.000   1.0000         pwRep
146.0000    5    2.000   1.0000         pwOrt
148.0000    4    2.000   1.0000         pwRep
150.0000    3    2.000   1.0000         rwNov
152.0000    2    2.000   1.0000         rwOrt
154.0000    6    2.000   1.0000         pwNov
156.0000    0    2.000   1.0000          NULL 
158.0000    2    2.000   1.0000         rwOrt
160.0000    2    2.000   1.0000         rwOrt
162.0000    1    2.000   1.0000         rwRep
164.0000    0    2.000   1.0000          NULL 
166.0000    3    2.000   1.0000         rwNov
168.0000    6    2.000   1.0000         pwNov
170.0000    4    2.000   1.0000         pwRep
172.0000    4    2.000   1.0000         pwRep
174.0000    6    2.000   1.0000         pwNov
176.0000    0    2.000   1.0000          NULL 
178.0000    4    2.000   1.0000         pwRep
180.0000    6    2.000   1.0000         pwNov
182.0000    0    2.000   1.0000          NULL 
184.0000    6    2.000   1.0000         pwNov
186.0000    4    2.000   1.0000         pwRep
188.0000    0    2.000   1.0000          NULL 
190.0000    1    2.000   1.0000         rwRep
192.0000    2    2.000   1.0000         rwOrt
194.0000    2    2.000   1.0000         rwOrt
196.0000    0    4.000   1.0000          NULL 
200.0000    6    2.000   1.0000         pwNov
202.0000    3    2.000   1.0000         rwNov
204.0000    0    2.000   1.0000          NULL 
206.0000    5    2.000   1.0000         pwOrt
208.0000    2    2.000   1.0000         rwOrt
210.0000    3    2.000   1.0000         rwNov
212.0000    0    2.000   1.0000          NULL 
214.0000    4    2.000   1.0000         pwRep
216.0000    4    2.000   1.0000         pwRep
218.0000    5    2.000   1.0000         pwOrt
220.0000    0    2.000   1.0000          NULL 
222.0000    1    2.000   1.0000         rwRep
224.0000    5    2.000   1.0000         pwOrt
226.0000    5    2.000   1.0000         pwOrt
228.0000    5    2.000   1.0000         pwOrt
230.0000    0    2.000   1.0000          NULL 
232.0000    4    2.000   1.0000         pwRep
234.0000    2    2.000   1.0000         rwOrt
236.0000    3    2.000   1.0000         rwNov
238.0000    4    2.000   1.0000         pwRep
240.0000    5    2.000   1.0000         pwOrt
242.0000    5    2.000   1.0000         pwOrt
244.0000    1    2.000   1.0000         rwRep
246.0000    4    2.000   1.0000         pwRep
248.0000    0    4.000   1.0000          NULL 
252.0000    1    2.000   1.0000         rwRep
254.0000    0    2.000   1.0000          NULL 
256.0000    4    2.000   1.0000         pwRep
258.0000    4    2.000   1.0000         pwRep
260.0000    0    4.000   1.0000          NULL 
264.0000    6    2.000   1.0000         pwNov
266.0000    0    4.000   1.0000          NULL 
270.0000    3    2.000   1.0000         rwNov
272.0000    5    2.000   1.0000         pwOrt
274.0000    0    2.000   1.0000          NULL 
276.0000    3    2.000   1.0000         rwNov
278.0000    2    2.000   1.0000         rwOrt
280.0000    6    2.000   1.0000         pwNov
282.0000    6    2.000   1.0000         pwNov
284.0000    0    2.000   1.0000          NULL 
286.0000    2    2.000   1.0000         rwOrt
288.0000    3    2.000   1.0000         rwNov
290.0000    3    2.000   1.0000         rwNov
292.0000    3    2.000   1.0000         rwNov
294.0000    1    2.000   1.0000         rwRep
296.0000    5    2.000   1.0000         pwOrt
298.0000    0    2.000   1.0000          NULL 
300.0000    5    2.000   1.0000         pwOrt
302.0000    0    4.000   1.0000          NULL 
306.0000    6    2.000   1.0000         pwNov
308.0000    2    2.000   1.0000         rwOrt
310.0000    1    2.000   1.0000         rwRep
312.0000    6    2.000   1.0000         pwNov
314.0000    6    2.000   1.0000         pwNov
316.0000    6    2.000   1.0000         pwNov
318.0000    6    2.000   1.0000         pwNov
320.0000    0    2.000   1.0000          NULL 
322.0000    5    2.000   1.0000         pwOrt
324.0000    0    2.000   1.0000          NULL 
326.0000    6    2.000   1.0000         pwNov
328.0000    0    2.000   1.0000          NULL 
330.0000    6    2.000   1.0000         pwNov
332.0000    2    2.000   1.0000         rwOrt
334.0000    6    2.000   1.0000         pwNov
336.0000    2    2.000   1.0000         rwOrt
338.0000    5    2.000   1.0000         pwOrt
340.0000    0    2.000   1.0000          NULL 
342.0000    6    2.000   1.0000         pwNov
344.0000    0    4.000   1.0000          NULL 
348.0000    5    2.000   1.0000         pwOrt
350.0000    2    2.000   1.0000         rwOrt
352.0000    1    2.000   1.0000         rwRep
354.0000    0    2.000   1.0000          NULL 
356.0000    3    2.000   1.0000         rwNov
358.0000    1    2.000   1.0000         rwRep
