  0.0000    5    2.000   1.0000         pwOrt
  2.0000    2    2.000   1.0000         rwOrt
  4.0000    2    2.000   1.0000         rwOrt
  6.0000    6    2.000   1.0000         pwNov
  8.0000    0    4.000   1.0000          NULL 
 12.0000    4    2.000   1.0000         pwRep
 14.0000    3    2.000   1.0000         rwNov
 16.0000    0    2.000   1.0000          NULL 
 18.0000    2    2.000   1.0000         rwOrt
 20.0000    5    2.000   1.0000         pwOrt
 22.0000    4    2.000   1.0000         pwRep
 24.0000    4    2.000   1.0000         pwRep
 26.0000    0    2.000   1.0000          NULL 
 28.0000    4    2.000   1.0000         pwRep
 30.0000    4    2.000   1.0000         pwRep
 32.0000    4    2.000   1.0000         pwRep
 34.0000    6    2.000   1.0000         pwNov
 36.0000    3    2.000   1.0000         rwNov
 38.0000    3    2.000   1.0000         rwNov
 40.0000    3    2.000   1.0000         rwNov
 42.0000    0    2.000   1.0000          NULL 
 44.0000    3    2.000   1.0000         rwNov
 46.0000    0    2.000   1.0000          NULL 
 48.0000    1    2.000   1.0000         rwRep
 50.0000    1    2.000   1.0000         rwRep
 52.0000    4    2.000   1.0000         pwRep
 54.0000    2    2.000   1.0000         rwOrt
 56.0000    4    2.000   1.0000         pwRep
 58.0000    1    2.000   1.0000         rwRep
 60.0000    0    2.000   1.0000          NULL 
 62.0000    5    2.000   1.0000         pwOrt
 64.0000    0    2.000   1.0000          NULL 
 66.0000    1    2.000   1.0000         rwRep
 68.0000    2    2.000   1.0000         rwOrt
 70.0000    4    2.000   1.0000         pwRep
 72.0000    2    2.000   1.0000         rwOrt
 74.0000    0    4.000   1.0000          NULL 
 78.0000    5    2.000   1.0000         pwOrt
 80.0000    0    2.000   1.0000          NULL 
 82.0000    4    2.000   1.0000         pwRep
 84.0000    5    2.000   1.0000         pwOrt
 86.0000    1    2.000   1.0000         rwRep
 88.0000    0    4.000   1.0000          NULL 
 92.0000    4    2.000   1.0000         pwRep
 94.0000    0    6.000   1.0000          NULL 
100.0000    5    2.000   1.0000         pwOrt
102.0000    3    2.000   1.0000         rwNov
104.0000    1    2.000   1.0000         rwRep
106.0000    4    2.000   1.0000         pwRep
108.0000    6    2.000   1.0000         pwNov
110.0000    6    2.000   1.0000         pwNov
112.0000    1    2.000   1.0000         rwRep
114.0000    3    2.000   1.0000         rwNov
116.0000    0    2.000   1.0000          NULL 
118.0000    6    2.000   1.0000         pwNov
120.0000    2    2.000   1.0000         rwOrt
122.0000    4    2.000   1.0000         pwRep
124.0000    0    2.000   1.0000          NULL 
126.0000    4    2.000   1.0000         pwRep
128.0000    4    2.000   1.0000         pwRep
130.0000    0    2.000   1.0000          NULL 
132.0000    6    2.000   1.0000         pwNov
134.0000    0    2.000   1.0000          NULL 
136.0000    1    2.000   1.0000         rwRep
138.0000    3    2.000   1.0000         rwNov
140.0000    1    2.000   1.0000         rwRep
142.0000    5    2.000   1.0000         pwOrt
144.0000    1    2.000   1.0000         rwRep
146.0000    5    2.000   1.0000         pwOrt
148.0000    0    2.000   1.0000          NULL 
150.0000    4    2.000   1.0000         pwRep
152.0000    5    2.000   1.0000         pwOrt
154.0000    0    2.000   1.0000          NULL 
156.0000    5    2.000   1.0000         pwOrt
158.0000    0    2.000   1.0000          NULL 
160.0000    3    2.000   1.0000         rwNov
162.0000    0    2.000   1.0000          NULL 
164.0000    5    2.000   1.0000         pwOrt
166.0000    1    2.000   1.0000         rwRep
168.0000    6    2.000   1.0000         pwNov
170.0000    0    4.000   1.0000          NULL 
174.0000    2    2.000   1.0000         rwOrt
176.0000    0    4.000   1.0000          NULL 
180.0000    3    2.000   1.0000         rwNov
182.0000    2    2.000   1.0000         rwOrt
184.0000    6    2.000   1.0000         pwNov
186.0000    1    2.000   1.0000         rwRep
188.0000    5    2.000   1.0000         pwOrt
190.0000    0    4.000   1.0000          NULL 
194.0000    3    2.000   1.0000         rwNov
196.0000    2    2.000   1.0000         rwOrt
198.0000    0    2.000   1.0000          NULL 
200.0000    5    2.000   1.0000         pwOrt
202.0000    6    2.000   1.0000         pwNov
204.0000    4    2.000   1.0000         pwRep
206.0000    5    2.000   1.0000         pwOrt
208.0000    6    2.000   1.0000         pwNov
210.0000    2    2.000   1.0000         rwOrt
212.0000    0    4.000   1.0000          NULL 
216.0000    4    2.000   1.0000         pwRep
218.0000    3    2.000   1.0000         rwNov
220.0000    3    2.000   1.0000         rwNov
222.0000    6    2.000   1.0000         pwNov
224.0000    0    2.000   1.0000          NULL 
226.0000    2    2.000   1.0000         rwOrt
228.0000    2    2.000   1.0000         rwOrt
230.0000    0    4.000   1.0000          NULL 
234.0000    6    2.000   1.0000         pwNov
236.0000    3    2.000   1.0000         rwNov
238.0000    6    2.000   1.0000         pwNov
240.0000    0    6.000   1.0000          NULL 
246.0000    5    2.000   1.0000         pwOrt
248.0000    0    4.000   1.0000          NULL 
252.0000    1    2.000   1.0000         rwRep
254.0000    4    2.000   1.0000         pwRep
256.0000    6    2.000   1.0000         pwNov
258.0000    5    2.000   1.0000         pwOrt
260.0000    0    6.000   1.0000          NULL 
266.0000    1    2.000   1.0000         rwRep
268.0000    6    2.000   1.0000         pwNov
270.0000    2    2.000   1.0000         rwOrt
272.0000    0    2.000   1.0000          NULL 
274.0000    6    2.000   1.0000         pwNov
276.0000    0    2.000   1.0000          NULL 
278.0000    2    2.000   1.0000         rwOrt
280.0000    0    2.000   1.0000          NULL 
282.0000    1    2.000   1.0000         rwRep
284.0000    0    2.000   1.0000          NULL 
286.0000    2    2.000   1.0000         rwOrt
288.0000    6    2.000   1.0000         pwNov
290.0000    2    2.000   1.0000         rwOrt
292.0000    0    4.000   1.0000          NULL 
296.0000    6    2.000   1.0000         pwNov
298.0000    0    4.000   1.0000          NULL 
302.0000    3    2.000   1.0000         rwNov
304.0000    3    2.000   1.0000         rwNov
306.0000    5    2.000   1.0000         pwOrt
308.0000    5    2.000   1.0000         pwOrt
310.0000    0    2.000   1.0000          NULL 
312.0000    1    2.000   1.0000         rwRep
314.0000    2    2.000   1.0000         rwOrt
316.0000    6    2.000   1.0000         pwNov
318.0000    2    2.000   1.0000         rwOrt
320.0000    0    2.000   1.0000          NULL 
322.0000    1    2.000   1.0000         rwRep
324.0000    3    2.000   1.0000         rwNov
326.0000    0    2.000   1.0000          NULL 
328.0000    3    2.000   1.0000         rwNov
330.0000    0    2.000   1.0000          NULL 
332.0000    1    2.000   1.0000         rwRep
334.0000    0    2.000   1.0000          NULL 
336.0000    5    2.000   1.0000         pwOrt
338.0000    4    2.000   1.0000         pwRep
340.0000    3    2.000   1.0000         rwNov
342.0000    2    2.000   1.0000         rwOrt
344.0000    3    2.000   1.0000         rwNov
346.0000    0    2.000   1.0000          NULL 
348.0000    1    2.000   1.0000         rwRep
350.0000    6    2.000   1.0000         pwNov
352.0000    0    4.000   1.0000          NULL 
356.0000    1    2.000   1.0000         rwRep
358.0000    5    2.000   1.0000         pwOrt
