  0.0000    6    2.000   1.0000         pwNov
  2.0000    5    2.000   1.0000         pwOrt
  4.0000    3    2.000   1.0000         rwNov
  6.0000    3    2.000   1.0000         rwNov
  8.0000    0    4.000   1.0000          NULL 
 12.0000    3    2.000   1.0000         rwNov
 14.0000    0    2.000   1.0000          NULL 
 16.0000    2    2.000   1.0000         rwOrt
 18.0000    1    2.000   1.0000         rwRep
 20.0000    0    2.000   1.0000          NULL 
 22.0000    1    2.000   1.0000         rwRep
 24.0000    0    2.000   1.0000          NULL 
 26.0000    2    2.000   1.0000         rwOrt
 28.0000    4    2.000   1.0000         pwRep
 30.0000    5    2.000   1.0000         pwOrt
 32.0000    0    2.000   1.0000          NULL 
 34.0000    6    2.000   1.0000         pwNov
 36.0000    2    2.000   1.0000         rwOrt
 38.0000    0    2.000   1.0000          NULL 
 40.0000    3    2.000   1.0000         rwNov
 42.0000    2    2.000   1.0000         rwOrt
 44.0000    6    2.000   1.0000         pwNov
 46.0000    5    2.000   1.0000         pwOrt
 48.0000    6    2.000   1.0000         pwNov
 50.0000    4    2.000   1.0000         pwRep
 52.0000    1    2.000   1.0000         rwRep
 54.0000    0    2.000   1.0000          NULL 
 56.0000    3    2.000   1.0000         rwNov
 58.0000    0    2.000   1.0000          NULL 
 60.0000    4    2.000   1.0000         pwRep
 62.0000    0    2.000   1.0000          NULL 
 64.0000    4    2.000   1.0000         pwRep
 66.0000    3    2.000   1.0000         rwNov
 68.0000    0    2.000   1.0000          NULL 
 70.0000    2    2.000   1.0000         rwOrt
 72.0000    6    2.000   1.0000         pwNov
 74.0000    2    2.000   1.0000         rwOrt
 76.0000    2    2.000   1.0000         rwOrt
 78.0000    1    2.000   1.0000         rwRep
 80.0000    3    2.000   1.0000         rwNov
 82.0000    4    2.000   1.0000         pwRep
 84.0000    0    2.000   1.0000          NULL 
 86.0000    2    2.000   1.0000         rwOrt
 88.0000    3    2.000   1.0000         rwNov
 90.0000    4    2.000   1.0000         pwRep
 92.0000    1    2.000   1.0000         rwRep
 94.0000    1    2.000   1.0000         rwRep
 96.0000    3    2.000   1.0000         rwNov
 98.0000    1    2.000   1.0000         rwRep
100.0000    0    4.000   1.0000          NULL 
104.0000    2    2.000   1.0000         rwOrt
106.0000    0    2.000   1.0000          NULL 
108.0000    4    2.000   1.0000         pwRep
110.0000    4    2.000   1.0000         pwRep
112.0000    5    2.000   1.0000         pwOrt
114.0000    0    2.000   1.0000          NULL 
116.0000    4    2.000   1.0000         pwRep
118.0000    3    2.000   1.0000         rwNov
120.0000    6    2.000   1.0000         pwNov
122.0000    2    2.000   1.0000         rwOrt
124.0000    3    2.000   1.0000         rwNov
126.0000    4    2.000   1.0000         pwRep
128.0000    5    2.000   1.0000         pwOrt
130.0000    0    2.000   1.0000          NULL 
132.0000    3    2.000   1.0000         rwNov
134.0000    1    2.000   1.0000         rwRep
136.0000    5    2.000   1.0000         pwOrt
138.0000    5    2.000   1.0000         pwOrt
140.0000    0    2.000   1.0000          NULL 
142.0000    1    2.000   1.0000         rwRep
144.0000    0    2.000   1.0000          NULL 
146.0000    6    2.000   1.0000         pwNov
148.0000    4    2.000   1.0000         pwRep
150.0000    0    2.000   1.0000          NULL 
152.0000    5    2.000   1.0000         pwOrt
154.0000    4    2.000   1.0000         pwRep
156.0000    0    6.000   1.0000          NULL 
162.0000    5    2.000   1.0000         pwOrt
164.0000    0    2.000   1.0000          NULL 
166.0000    2    2.000   1.0000         rwOrt
168.0000    0    6.000   1.0000          NULL 
174.0000    3    2.000   1.0000         rwNov
176.0000    5    2.000   1.0000         pwOrt
178.0000    0    4.000   1.0000          NULL 
182.0000    6    2.000   1.0000         pwNov
184.0000    5    2.000   1.0000         pwOrt
186.0000    5    2.000   1.0000         pwOrt
188.0000    5    2.000   1.0000         pwOrt
190.0000    5    2.000   1.0000         pwOrt
192.0000    1    2.000   1.0000         rwRep
194.0000    0    2.000   1.0000          NULL 
196.0000    2    2.000   1.0000         rwOrt
198.0000    0    2.000   1.0000          NULL 
200.0000    1    2.000   1.0000         rwRep
202.0000    6    2.000   1.0000         pwNov
204.0000    2    2.000   1.0000         rwOrt
206.0000    6    2.000   1.0000         pwNov
208.0000    5    2.000   1.0000         pwOrt
210.0000    1    2.000   1.0000         rwRep
212.0000    0    2.000   1.0000          NULL 
214.0000    5    2.000   1.0000         pwOrt
216.0000    0    2.000   1.0000          NULL 
218.0000    6    2.000   1.0000         pwNov
220.0000    0    4.000   1.0000          NULL 
224.0000    5    2.000   1.0000         pwOrt
226.0000    3    2.000   1.0000         rwNov
228.0000    3    2.000   1.0000         rwNov
230.0000    2    2.000   1.0000         rwOrt
232.0000    0    2.000   1.0000          NULL 
234.0000    2    2.000   1.0000         rwOrt
236.0000    0    6.000   1.0000          NULL 
242.0000    1    2.000   1.0000         rwRep
244.0000    4    2.000   1.0000         pwRep
246.0000    2    2.000   1.0000         rwOrt
248.0000    4    2.000   1.0000         pwRep
250.0000    0    2.000   1.0000          NULL 
252.0000    4    2.000   1.0000         pwRep
254.0000    0    2.000   1.0000          NULL 
256.0000    1    2.000   1.0000         rwRep
258.0000    0    4.000   1.0000          NULL 
262.0000    6    2.000   1.0000         pwNov
264.0000    0    2.000   1.0000          NULL 
266.0000    5    2.000   1.0000         pwOrt
268.0000    2    2.000   1.0000         rwOrt
270.0000    0    2.000   1.0000          NULL 
272.0000    4    2.000   1.0000         pwRep
274.0000    2    2.000   1.0000         rwOrt
276.0000    4    2.000   1.0000         pwRep
278.0000    0    2.000   1.0000          NULL 
280.0000    6    2.000   1.0000         pwNov
282.0000    0    2.000   1.0000          NULL 
284.0000    3    2.000   1.0000         rwNov
286.0000    1    2.000   1.0000         rwRep
288.0000    1    2.000   1.0000         rwRep
290.0000    0    2.000   1.0000          NULL 
292.0000    6    2.000   1.0000         pwNov
294.0000    3    2.000   1.0000         rwNov
296.0000    0    4.000   1.0000          NULL 
300.0000    4    2.000   1.0000         pwRep
302.0000    4    2.000   1.0000         pwRep
304.0000    6    2.000   1.0000         pwNov
306.0000    4    2.000   1.0000         pwRep
308.0000    6    2.000   1.0000         pwNov
310.0000    5    2.000   1.0000         pwOrt
312.0000    2    2.000   1.0000         rwOrt
314.0000    0    2.000   1.0000          NULL 
316.0000    3    2.000   1.0000         rwNov
318.0000    1    2.000   1.0000         rwRep
320.0000    3    2.000   1.0000         rwNov
322.0000    0    2.000   1.0000          NULL 
324.0000    1    2.000   1.0000         rwRep
326.0000    1    2.000   1.0000         rwRep
328.0000    0    4.000   1.0000          NULL 
332.0000    5    2.000   1.0000         pwOrt
334.0000    0    2.000   1.0000          NULL 
336.0000    6    2.000   1.0000         pwNov
338.0000    0    2.000   1.0000          NULL 
340.0000    3    2.000   1.0000         rwNov
342.0000    6    2.000   1.0000         pwNov
344.0000    0    2.000   1.0000          NULL 
346.0000    6    2.000   1.0000         pwNov
348.0000    6    2.000   1.0000         pwNov
350.0000    0    2.000   1.0000          NULL 
352.0000    2    2.000   1.0000         rwOrt
354.0000    0    2.000   1.0000          NULL 
356.0000    1    2.000   1.0000         rwRep
358.0000    0    2.000   1.0000          NULL 
