  0.0000    5    2.000   1.0000         pwOrt
  2.0000    5    2.000   1.0000         pwOrt
  4.0000    1    2.000   1.0000         rwRep
  6.0000    2    2.000   1.0000         rwOrt
  8.0000    2    2.000   1.0000         rwOrt
 10.0000    0    2.000   1.0000          NULL 
 12.0000    5    2.000   1.0000         pwOrt
 14.0000    4    2.000   1.0000         pwRep
 16.0000    2    2.000   1.0000         rwOrt
 18.0000    4    2.000   1.0000         pwRep
 20.0000    4    2.000   1.0000         pwRep
 22.0000    1    2.000   1.0000         rwRep
 24.0000    0    2.000   1.0000          NULL 
 26.0000    3    2.000   1.0000         rwNov
 28.0000    2    2.000   1.0000         rwOrt
 30.0000    0    2.000   1.0000          NULL 
 32.0000    2    2.000   1.0000         rwOrt
 34.0000    1    2.000   1.0000         rwRep
 36.0000    0    2.000   1.0000          NULL 
 38.0000    2    2.000   1.0000         rwOrt
 40.0000    6    2.000   1.0000         pwNov
 42.0000    6    2.000   1.0000         pwNov
 44.0000    0    4.000   1.0000          NULL 
 48.0000    5    2.000   1.0000         pwOrt
 50.0000    0    2.000   1.0000          NULL 
 52.0000    2    2.000   1.0000         rwOrt
 54.0000    3    2.000   1.0000         rwNov
 56.0000    3    2.000   1.0000         rwNov
 58.0000    0    2.000   1.0000          NULL 
 60.0000    6    2.000   1.0000         pwNov
 62.0000    5    2.000   1.0000         pwOrt
 64.0000    3    2.000   1.0000         rwNov
 66.0000    3    2.000   1.0000         rwNov
 68.0000    1    2.000   1.0000         rwRep
 70.0000    4    2.000   1.0000         pwRep
 72.0000    0    2.000   1.0000          NULL 
 74.0000    3    2.000   1.0000         rwNov
 76.0000    0    4.000   1.0000          NULL 
 80.0000    4    2.000   1.0000         pwRep
 82.0000    2    2.000   1.0000         rwOrt
 84.0000    3    2.000   1.0000         rwNov
 86.0000    4    2.000   1.0000         pwRep
 88.0000    0    4.000   1.0000          NULL 
 92.0000    1    2.000   1.0000         rwRep
 94.0000    3    2.000   1.0000         rwNov
 96.0000    0    2.000   1.0000          NULL 
 98.0000    1    2.000   1.0000         rwRep
100.0000    1    2.000   1.0000         rwRep
102.0000    1    2.000   1.0000         rwRep
104.0000    4    2.000   1.0000         pwRep
106.0000    3    2.000   1.0000         rwNov
108.0000    0    2.000   1.0000          NULL 
110.0000    3    2.000   1.0000         rwNov
112.0000    4    2.000   1.0000         pwRep
114.0000    0    2.000   1.0000          NULL 
116.0000    6    2.000   1.0000         pwNov
118.0000    0    2.000   1.0000          NULL 
120.0000    5    2.000   1.0000         pwOrt
122.0000    5    2.000   1.0000         pwOrt
124.0000    1    2.000   1.0000         rwRep
126.0000    0    2.000   1.0000          NULL 
128.0000    5    2.000   1.0000         pwOrt
130.0000    0    2.000   1.0000          NULL 
132.0000    1    2.000   1.0000         rwRep
134.0000    0    4.000   1.0000          NULL 
138.0000    4    2.000   1.0000         pwRep
140.0000    2    2.000   1.0000         rwOrt
142.0000    4    2.000   1.0000         pwRep
144.0000    5    2.000   1.0000         pwOrt
146.0000    0    2.000   1.0000          NULL 
148.0000    4    2.000   1.0000         pwRep
150.0000    0    4.000   1.0000          NULL 
154.0000    5    2.000   1.0000         pwOrt
156.0000    0    2.000   1.0000          NULL 
158.0000    4    2.000   1.0000         pwRep
160.0000    3    2.000   1.0000         rwNov
162.0000    6    2.000   1.0000         pwNov
164.0000    6    2.000   1.0000         pwNov
166.0000    1    2.000   1.0000         rwRep
168.0000    3    2.000   1.0000         rwNov
170.0000    6    2.000   1.0000         pwNov
172.0000    2    2.000   1.0000         rwOrt
174.0000    4    2.000   1.0000         pwRep
176.0000    4    2.000   1.0000         pwRep
178.0000    0    2.000   1.0000          NULL 
180.0000    5    2.000   1.0000         pwOrt
182.0000    0    8.000   1.0000          NULL 
190.0000    2    2.000   1.0000         rwOrt
192.0000    0    2.000   1.0000          NULL 
194.0000    1    2.000   1.0000         rwRep
196.0000    5    2.000   1.0000         pwOrt
198.0000    6    2.000   1.0000         pwNov
200.0000    0    8.000   1.0000          NULL 
208.0000    5    2.000   1.0000         pwOrt
210.0000    6    2.000   1.0000         pwNov
212.0000    4    2.000   1.0000         pwRep
214.0000    0    2.000   1.0000          NULL 
216.0000    4    2.000   1.0000         pwRep
218.0000    2    2.000   1.0000         rwOrt
220.0000    0    4.000   1.0000          NULL 
224.0000    3    2.000   1.0000         rwNov
226.0000    6    2.000   1.0000         pwNov
228.0000    2    2.000   1.0000         rwOrt
230.0000    6    2.000   1.0000         pwNov
232.0000    0    2.000   1.0000          NULL 
234.0000    3    2.000   1.0000         rwNov
236.0000    5    2.000   1.0000         pwOrt
238.0000    1    2.000   1.0000         rwRep
240.0000    0    2.000   1.0000          NULL 
242.0000    2    2.000   1.0000         rwOrt
244.0000    0    6.000   1.0000          NULL 
250.0000    1    2.000   1.0000         rwRep
252.0000    0    2.000   1.0000          NULL 
254.0000    6    2.000   1.0000         pwNov
256.0000    0    2.000   1.0000          NULL 
258.0000    5    2.000   1.0000         pwOrt
260.0000    0    2.000   1.0000          NULL 
262.0000    2    2.000   1.0000         rwOrt
264.0000    6    2.000   1.0000         pwNov
266.0000    3    2.000   1.0000         rwNov
268.0000    1    2.000   1.0000         rwRep
270.0000    0    2.000   1.0000          NULL 
272.0000    5    2.000   1.0000         pwOrt
274.0000    6    2.000   1.0000         pwNov
276.0000    0    2.000   1.0000          NULL 
278.0000    6    2.000   1.0000         pwNov
280.0000    1    2.000   1.0000         rwRep
282.0000    6    2.000   1.0000         pwNov
284.0000    4    2.000   1.0000         pwRep
286.0000    5    2.000   1.0000         pwOrt
288.0000    6    2.000   1.0000         pwNov
290.0000    0    2.000   1.0000          NULL 
292.0000    4    2.000   1.0000         pwRep
294.0000    6    2.000   1.0000         pwNov
296.0000    4    2.000   1.0000         pwRep
298.0000    2    2.000   1.0000         rwOrt
300.0000    0    2.000   1.0000          NULL 
302.0000    1    2.000   1.0000         rwRep
304.0000    1    2.000   1.0000         rwRep
306.0000    3    2.000   1.0000         rwNov
308.0000    3    2.000   1.0000         rwNov
310.0000    5    2.000   1.0000         pwOrt
312.0000    0    2.000   1.0000          NULL 
314.0000    2    2.000   1.0000         rwOrt
316.0000    3    2.000   1.0000         rwNov
318.0000    0    2.000   1.0000          NULL 
320.0000    5    2.000   1.0000         pwOrt
322.0000    2    2.000   1.0000         rwOrt
324.0000    6    2.000   1.0000         pwNov
326.0000    6    2.000   1.0000         pwNov
328.0000    0    2.000   1.0000          NULL 
330.0000    1    2.000   1.0000         rwRep
332.0000    3    2.000   1.0000         rwNov
334.0000    3    2.000   1.0000         rwNov
336.0000    4    2.000   1.0000         pwRep
338.0000    0    6.000   1.0000          NULL 
344.0000    1    2.000   1.0000         rwRep
346.0000    0    4.000   1.0000          NULL 
350.0000    2    2.000   1.0000         rwOrt
352.0000    5    2.000   1.0000         pwOrt
354.0000    0    4.000   1.0000          NULL 
358.0000    2    2.000   1.0000         rwOrt
