  0.0000    1    2.000   1.0000         rwRep
  2.0000    1    2.000   1.0000         rwRep
  4.0000    5    2.000   1.0000         pwOrt
  6.0000    0    2.000   1.0000          NULL 
  8.0000    5    2.000   1.0000         pwOrt
 10.0000    2    2.000   1.0000         rwOrt
 12.0000    4    2.000   1.0000         pwRep
 14.0000    0    2.000   1.0000          NULL 
 16.0000    1    2.000   1.0000         rwRep
 18.0000    0    2.000   1.0000          NULL 
 20.0000    6    2.000   1.0000         pwNov
 22.0000    0    2.000   1.0000          NULL 
 24.0000    5    2.000   1.0000         pwOrt
 26.0000    0    2.000   1.0000          NULL 
 28.0000    1    2.000   1.0000         rwRep
 30.0000    2    2.000   1.0000         rwOrt
 32.0000    0    2.000   1.0000          NULL 
 34.0000    2    2.000   1.0000         rwOrt
 36.0000    6    2.000   1.0000         pwNov
 38.0000    0    4.000   1.0000          NULL 
 42.0000    2    2.000   1.0000         rwOrt
 44.0000    5    2.000   1.0000         pwOrt
 46.0000    4    2.000   1.0000         pwRep
 48.0000    6    2.000   1.0000         pwNov
 50.0000    6    2.000   1.0000         pwNov
 52.0000    2    2.000   1.0000         rwOrt
 54.0000    3    2.000   1.0000         rwNov
 56.0000    4    2.000   1.0000         pwRep
 58.0000    0    2.000   1.0000          NULL 
 60.0000    4    2.000   1.0000         pwRep
 62.0000    0    2.000   1.0000          NULL 
 64.0000    4    2.000   1.0000         pwRep
 66.0000    1    2.000   1.0000         rwRep
 68.0000    3    2.000   1.0000         rwNov
 70.0000    6    2.000   1.0000         pwNov
 72.0000    0    2.000   1.0000          NULL 
 74.0000    3    2.000   1.0000         rwNov
 76.0000    3    2.000   1.0000         rwNov
 78.0000    0    2.000   1.0000          NULL 
 80.0000    5    2.000   1.0000         pwOrt
 82.0000    0    2.000   1.0000          NULL 
 84.0000    1    2.000   1.0000         rwRep
 86.0000    0    2.000   1.0000          NULL 
 88.0000    3    2.000   1.0000         rwNov
 90.0000    3    2.000   1.0000         rwNov
 92.0000    0    6.000   1.0000          NULL 
 98.0000    2    2.000   1.0000         rwOrt
100.0000    3    2.000   1.0000         rwNov
102.0000    5    2.000   1.0000         pwOrt
104.0000    3    2.000   1.0000         rwNov
106.0000    5    2.000   1.0000         pwOrt
108.0000    0    2.000   1.0000          NULL 
110.0000    4    2.000   1.0000         pwRep
112.0000    3    2.000   1.0000         rwNov
114.0000    6    2.000   1.0000         pwNov
116.0000    2    2.000   1.0000         rwOrt
118.0000    6    2.000   1.0000         pwNov
120.0000    0    2.000   1.0000          NULL 
122.0000    5    2.000   1.0000         pwOrt
124.0000    6    2.000   1.0000         pwNov
126.0000    1    2.000   1.0000         rwRep
128.0000    4    2.000   1.0000         pwRep
130.0000    0    4.000   1.0000          NULL 
134.0000    5    2.000   1.0000         pwOrt
136.0000    1    2.000   1.0000         rwRep
138.0000    2    2.000   1.0000         rwOrt
140.0000    0    2.000   1.0000          NULL 
142.0000    4    2.000   1.0000         pwRep
144.0000    0    4.000   1.0000          NULL 
148.0000    5    2.000   1.0000         pwOrt
150.0000    0    2.000   1.0000          NULL 
152.0000    3    2.000   1.0000         rwNov
154.0000    0    4.000   1.0000          NULL 
158.0000    4    2.000   1.0000         pwRep
160.0000    0    2.000   1.0000          NULL 
162.0000    3    2.000   1.0000         rwNov
164.0000    4    2.000   1.0000         pwRep
166.0000    1    2.000   1.0000         rwRep
168.0000    2    2.000   1.0000         rwOrt
170.0000    5    2.000   1.0000         pwOrt
172.0000    4    2.000   1.0000         pwRep
174.0000    5    2.000   1.0000         pwOrt
176.0000    5    2.000   1.0000         pwOrt
178.0000    0    4.000   1.0000          NULL 
182.0000    2    2.000   1.0000         rwOrt
184.0000    4    2.000   1.0000         pwRep
186.0000    0    8.000   1.0000          NULL 
194.0000    6    2.000   1.0000         pwNov
196.0000    1    2.000   1.0000         rwRep
198.0000    6    2.000   1.0000         pwNov
200.0000    3    2.000   1.0000         rwNov
202.0000    0    2.000   1.0000          NULL 
204.0000    6    2.000   1.0000         pwNov
206.0000    1    2.000   1.0000         rwRep
208.0000    0    2.000   1.0000          NULL 
210.0000    2    2.000   1.0000         rwOrt
212.0000    4    2.000   1.0000         pwRep
214.0000    5    2.000   1.0000         pwOrt
216.0000    3    2.000   1.0000         rwNov
218.0000    3    2.000   1.0000         rwNov
220.0000    3    2.000   1.0000         rwNov
222.0000    0    4.000   1.0000          NULL 
226.0000    4    2.000   1.0000         pwRep
228.0000    2    2.000   1.0000         rwOrt
230.0000    0    4.000   1.0000          NULL 
234.0000    6    2.000   1.0000         pwNov
236.0000    4    2.000   1.0000         pwRep
238.0000    2    2.000   1.0000         rwOrt
240.0000    0    4.000   1.0000          NULL 
244.0000    1    2.000   1.0000         rwRep
246.0000    0    6.000   1.0000          NULL 
252.0000    1    2.000   1.0000         rwRep
254.0000    2    2.000   1.0000         rwOrt
256.0000    2    2.000   1.0000         rwOrt
258.0000    6    2.000   1.0000         pwNov
260.0000    6    2.000   1.0000         pwNov
262.0000    4    2.000   1.0000         pwRep
264.0000    3    2.000   1.0000         rwNov
266.0000    6    2.000   1.0000         pwNov
268.0000    5    2.000   1.0000         pwOrt
270.0000    1    2.000   1.0000         rwRep
272.0000    0    2.000   1.0000          NULL 
274.0000    6    2.000   1.0000         pwNov
276.0000    0    2.000   1.0000          NULL 
278.0000    4    2.000   1.0000         pwRep
280.0000    0    2.000   1.0000          NULL 
282.0000    3    2.000   1.0000         rwNov
284.0000    0    4.000   1.0000          NULL 
288.0000    6    2.000   1.0000         pwNov
290.0000    2    2.000   1.0000         rwOrt
292.0000    5    2.000   1.0000         pwOrt
294.0000    5    2.000   1.0000         pwOrt
296.0000    2    2.000   1.0000         rwOrt
298.0000    0    2.000   1.0000          NULL 
300.0000    1    2.000   1.0000         rwRep
302.0000    3    2.000   1.0000         rwNov
304.0000    0    2.000   1.0000          NULL 
306.0000    4    2.000   1.0000         pwRep
308.0000    5    2.000   1.0000         pwOrt
310.0000    0    2.000   1.0000          NULL 
312.0000    6    2.000   1.0000         pwNov
314.0000    4    2.000   1.0000         pwRep
316.0000    1    2.000   1.0000         rwRep
318.0000    1    2.000   1.0000         rwRep
320.0000    3    2.000   1.0000         rwNov
322.0000    1    2.000   1.0000         rwRep
324.0000    3    2.000   1.0000         rwNov
326.0000    0    2.000   1.0000          NULL 
328.0000    2    2.000   1.0000         rwOrt
330.0000    0    2.000   1.0000          NULL 
332.0000    5    2.000   1.0000         pwOrt
334.0000    0    2.000   1.0000          NULL 
336.0000    6    2.000   1.0000         pwNov
338.0000    0    2.000   1.0000          NULL 
340.0000    4    2.000   1.0000         pwRep
342.0000    0    2.000   1.0000          NULL 
344.0000    2    2.000   1.0000         rwOrt
346.0000    0    2.000   1.0000          NULL 
348.0000    1    2.000   1.0000         rwRep
350.0000    0    2.000   1.0000          NULL 
352.0000    5    2.000   1.0000         pwOrt
354.0000    6    2.000   1.0000         pwNov
356.0000    2    2.000   1.0000         rwOrt
358.0000    1    2.000   1.0000         rwRep
