  0.0000    3    2.000   1.0000         rwNov
  2.0000    5    2.000   1.0000         pwOrt
  4.0000    6    2.000   1.0000         pwNov
  6.0000    1    2.000   1.0000         rwRep
  8.0000    5    2.000   1.0000         pwOrt
 10.0000    3    2.000   1.0000         rwNov
 12.0000    2    2.000   1.0000         rwOrt
 14.0000    4    2.000   1.0000         pwRep
 16.0000    3    2.000   1.0000         rwNov
 18.0000    0    2.000   1.0000          NULL 
 20.0000    3    2.000   1.0000         rwNov
 22.0000    1    2.000   1.0000         rwRep
 24.0000    4    2.000   1.0000         pwRep
 26.0000    1    2.000   1.0000         rwRep
 28.0000    0    2.000   1.0000          NULL 
 30.0000    3    2.000   1.0000         rwNov
 32.0000    6    2.000   1.0000         pwNov
 34.0000    2    2.000   1.0000         rwOrt
 36.0000    0    2.000   1.0000          NULL 
 38.0000    1    2.000   1.0000         rwRep
 40.0000    1    2.000   1.0000         rwRep
 42.0000    4    2.000   1.0000         pwRep
 44.0000    6    2.000   1.0000         pwNov
 46.0000    4    2.000   1.0000         pwRep
 48.0000    0    2.000   1.0000          NULL 
 50.0000    6    2.000   1.0000         pwNov
 52.0000    2    2.000   1.0000         rwOrt
 54.0000    3    2.000   1.0000         rwNov
 56.0000    4    2.000   1.0000         pwRep
 58.0000    5    2.000   1.0000         pwOrt
 60.0000    0    4.000   1.0000          NULL 
 64.0000    4    2.000   1.0000         pwRep
 66.0000    0    2.000   1.0000          NULL 
 68.0000    1    2.000   1.0000         rwRep
 70.0000    4    2.000   1.0000         pwRep
 72.0000    4    2.000   1.0000         pwRep
 74.0000    0    2.000   1.0000          NULL 
 76.0000    4    2.000   1.0000         pwRep
 78.0000    4    2.000   1.0000         pwRep
 80.0000    1    2.000   1.0000         rwRep
 82.0000    0    2.000   1.0000          NULL 
 84.0000    5    2.000   1.0000         pwOrt
 86.0000    0    2.000   1.0000          NULL 
 88.0000    6    2.000   1.0000         pwNov
 90.0000    0    2.000   1.0000          NULL 
 92.0000    3    2.000   1.0000         rwNov
 94.0000    0    2.000   1.0000          NULL 
 96.0000    3    2.000   1.0000         rwNov
 98.0000    0    2.000   1.0000          NULL 
100.0000    1    2.000   1.0000         rwRep
102.0000    2    2.000   1.0000         rwOrt
104.0000    0    2.000   1.0000          NULL 
106.0000    5    2.000   1.0000         pwOrt
108.0000    0    2.000   1.0000          NULL 
110.0000    3    2.000   1.0000         rwNov
112.0000    3    2.000   1.0000         rwNov
114.0000    5    2.000   1.0000         pwOrt
116.0000    5    2.000   1.0000         pwOrt
118.0000    3    2.000   1.0000         rwNov
120.0000    0    4.000   1.0000          NULL 
124.0000    6    2.000   1.0000         pwNov
126.0000    1    2.000   1.0000         rwRep
128.0000    0    6.000   1.0000          NULL 
134.0000    4    2.000   1.0000         pwRep
136.0000    1    2.000   1.0000         rwRep
138.0000    2    2.000   1.0000         rwOrt
140.0000    1    2.000   1.0000         rwRep
142.0000    2    2.000   1.0000         rwOrt
144.0000    5    2.000   1.0000         pwOrt
146.0000    4    2.000   1.0000         pwRep
148.0000    0    2.000   1.0000          NULL 
150.0000    4    2.000   1.0000         pwRep
152.0000    0    2.000   1.0000          NULL 
154.0000    4    2.000   1.0000         pwRep
156.0000    0    2.000   1.0000          NULL 
158.0000    2    2.000   1.0000         rwOrt
160.0000    0    2.000   1.0000          NULL 
162.0000    3    2.000   1.0000         rwNov
164.0000    0    4.000   1.0000          NULL 
168.0000    3    2.000   1.0000         rwNov
170.0000    2    2.000   1.0000         rwOrt
172.0000    1    2.000   1.0000         rwRep
174.0000    0    4.000   1.0000          NULL 
178.0000    2    2.000   1.0000         rwOrt
180.0000    5    2.000   1.0000         pwOrt
182.0000    0    2.000   1.0000          NULL 
184.0000    5    2.000   1.0000         pwOrt
186.0000    6    2.000   1.0000         pwNov
188.0000    5    2.000   1.0000         pwOrt
190.0000    0    6.000   1.0000          NULL 
196.0000    5    2.000   1.0000         pwOrt
198.0000    5    2.000   1.0000         pwOrt
200.0000    0    2.000   1.0000          NULL 
202.0000    6    2.000   1.0000         pwNov
204.0000    2    2.000   1.0000         rwOrt
206.0000    0    2.000   1.0000          NULL 
208.0000    2    2.000   1.0000         rwOrt
210.0000    6    2.000   1.0000         pwNov
212.0000    0    2.000   1.0000          NULL 
214.0000    3    2.000   1.0000         rwNov
216.0000    0    2.000   1.0000          NULL 
218.0000    5    2.000   1.0000         pwOrt
220.0000    1    2.000   1.0000         rwRep
222.0000    1    2.000   1.0000         rwRep
224.0000    5    2.000   1.0000         pwOrt
226.0000    0   10.000   1.0000          NULL 
236.0000    4    2.000   1.0000         pwRep
238.0000    0    4.000   1.0000          NULL 
242.0000    1    2.000   1.0000         rwRep
244.0000    0    2.000   1.0000          NULL 
246.0000    2    2.000   1.0000         rwOrt
248.0000    4    2.000   1.0000         pwRep
250.0000    2    2.000   1.0000         rwOrt
252.0000    3    2.000   1.0000         rwNov
254.0000    5    2.000   1.0000         pwOrt
256.0000    0    2.000   1.0000          NULL 
258.0000    1    2.000   1.0000         rwRep
260.0000    0    2.000   1.0000          NULL 
262.0000    1    2.000   1.0000         rwRep
264.0000    6    2.000   1.0000         pwNov
266.0000    2    2.000   1.0000         rwOrt
268.0000    0    2.000   1.0000          NULL 
270.0000    1    2.000   1.0000         rwRep
272.0000    0    4.000   1.0000          NULL 
276.0000    6    2.000   1.0000         pwNov
278.0000    3    2.000   1.0000         rwNov
280.0000    4    2.000   1.0000         pwRep
282.0000    2    2.000   1.0000         rwOrt
284.0000    0    2.000   1.0000          NULL 
286.0000    6    2.000   1.0000         pwNov
288.0000    0    2.000   1.0000          NULL 
290.0000    6    2.000   1.0000         pwNov
292.0000    2    2.000   1.0000         rwOrt
294.0000    5    2.000   1.0000         pwOrt
296.0000    0    2.000   1.0000          NULL 
298.0000    6    2.000   1.0000         pwNov
300.0000    2    2.000   1.0000         rwOrt
302.0000    0    2.000   1.0000          NULL 
304.0000    3    2.000   1.0000         rwNov
306.0000    6    2.000   1.0000         pwNov
308.0000    6    2.000   1.0000         pwNov
310.0000    0    2.000   1.0000          NULL 
312.0000    6    2.000   1.0000         pwNov
314.0000    4    2.000   1.0000         pwRep
316.0000    6    2.000   1.0000         pwNov
318.0000    2    2.000   1.0000         rwOrt
320.0000    0    2.000   1.0000          NULL 
322.0000    1    2.000   1.0000         rwRep
324.0000    0    6.000   1.0000          NULL 
330.0000    3    2.000   1.0000         rwNov
332.0000    6    2.000   1.0000         pwNov
334.0000    3    2.000   1.0000         rwNov
336.0000    5    2.000   1.0000         pwOrt
338.0000    1    2.000   1.0000         rwRep
340.0000    6    2.000   1.0000         pwNov
342.0000    0    2.000   1.0000          NULL 
344.0000    5    2.000   1.0000         pwOrt
346.0000    4    2.000   1.0000         pwRep
348.0000    4    2.000   1.0000         pwRep
350.0000    2    2.000   1.0000         rwOrt
352.0000    0    2.000   1.0000          NULL 
354.0000    2    2.000   1.0000         rwOrt
356.0000    5    2.000   1.0000         pwOrt
358.0000    3    2.000   1.0000         rwNov
