  0.0000    3    2.000   1.0000         rwNov
  2.0000    2    2.000   1.0000         rwOrt
  4.0000    6    2.000   1.0000         pwNov
  6.0000    0    6.000   1.0000          NULL 
 12.0000    6    2.000   1.0000         pwNov
 14.0000    0    2.000   1.0000          NULL 
 16.0000    3    2.000   1.0000         rwNov
 18.0000    5    2.000   1.0000         pwOrt
 20.0000    5    2.000   1.0000         pwOrt
 22.0000    0    2.000   1.0000          NULL 
 24.0000    2    2.000   1.0000         rwOrt
 26.0000    0    2.000   1.0000          NULL 
 28.0000    2    2.000   1.0000         rwOrt
 30.0000    4    2.000   1.0000         pwRep
 32.0000    2    2.000   1.0000         rwOrt
 34.0000    6    2.000   1.0000         pwNov
 36.0000    0    2.000   1.0000          NULL 
 38.0000    5    2.000   1.0000         pwOrt
 40.0000    2    2.000   1.0000         rwOrt
 42.0000    0    2.000   1.0000          NULL 
 44.0000    4    2.000   1.0000         pwRep
 46.0000    0    2.000   1.0000          NULL 
 48.0000    4    2.000   1.0000         pwRep
 50.0000    4    2.000   1.0000         pwRep
 52.0000    5    2.000   1.0000         pwOrt
 54.0000    0    2.000   1.0000          NULL 
 56.0000    4    2.000   1.0000         pwRep
 58.0000    2    2.000   1.0000         rwOrt
 60.0000    1    2.000   1.0000         rwRep
 62.0000    5    2.000   1.0000         pwOrt
 64.0000    2    2.000   1.0000         rwOrt
 66.0000    6    2.000   1.0000         pwNov
 68.0000    1    2.000   1.0000         rwRep
 70.0000    0    2.000   1.0000          NULL 
 72.0000    4    2.000   1.0000         pwRep
 74.0000    5    2.000   1.0000         pwOrt
 76.0000    3    2.000   1.0000         rwNov
 78.0000    2    2.000   1.0000         rwOrt
 80.0000    0    2.000   1.0000          NULL 
 82.0000    4    2.000   1.0000         pwRep
 84.0000    1    2.000   1.0000         rwRep
 86.0000    0    2.000   1.0000          NULL 
 88.0000    1    2.000   1.0000         rwRep
 90.0000    3    2.000   1.0000         rwNov
 92.0000    0    2.000   1.0000          NULL 
 94.0000    2    2.000   1.0000         rwOrt
 96.0000    2    2.000   1.0000         rwOrt
 98.0000    3    2.000   1.0000         rwNov
100.0000    4    2.000   1.0000         pwRep
102.0000    5    2.000   1.0000         pwOrt
104.0000    2    2.000   1.0000         rwOrt
106.0000    5    2.000   1.0000         pwOrt
108.0000    0    2.000   1.0000          NULL 
110.0000    3    2.000   1.0000         rwNov
112.0000    5    2.000   1.0000         pwOrt
114.0000    5    2.000   1.0000         pwOrt
116.0000    0    2.000   1.0000          NULL 
118.0000    2    2.000   1.0000         rwOrt
120.0000    0    2.000   1.0000          NULL 
122.0000    3    2.000   1.0000         rwNov
124.0000    5    2.000   1.0000         pwOrt
126.0000    1    2.000   1.0000         rwRep
128.0000    0    2.000   1.0000          NULL 
130.0000    3    2.000   1.0000         rwNov
132.0000    0    4.000   1.0000          NULL 
136.0000    5    2.000   1.0000         pwOrt
138.0000    1    2.000   1.0000         rwRep
140.0000    0    2.000   1.0000          NULL 
142.0000    6    2.000   1.0000         pwNov
144.0000    2    2.000   1.0000         rwOrt
146.0000    0    2.000   1.0000          NULL 
148.0000    5    2.000   1.0000         pwOrt
150.0000    4    2.000   1.0000         pwRep
152.0000    3    2.000   1.0000         rwNov
154.0000    0    8.000   1.0000          NULL 
162.0000    1    2.000   1.0000         rwRep
164.0000    2    2.000   1.0000         rwOrt
166.0000    6    2.000   1.0000         pwNov
168.0000    6    2.000   1.0000         pwNov
170.0000    4    2.000   1.0000         pwRep
172.0000    0    2.000   1.0000          NULL 
174.0000    4    2.000   1.0000         pwRep
176.0000    6    2.000   1.0000         pwNov
178.0000    0    2.000   1.0000          NULL 
180.0000    2    2.000   1.0000         rwOrt
182.0000    0    2.000   1.0000          NULL 
184.0000    1    2.000   1.0000         rwRep
186.0000    6    2.000   1.0000         pwNov
188.0000    4    2.000   1.0000         pwRep
190.0000    4    2.000   1.0000         pwRep
192.0000    6    2.000   1.0000         pwNov
194.0000    0    2.000   1.0000          NULL 
196.0000    4    2.000   1.0000         pwRep
198.0000    6    2.000   1.0000         pwNov
200.0000    1    2.000   1.0000         rwRep
202.0000    0    4.000   1.0000          NULL 
206.0000    1    2.000   1.0000         rwRep
208.0000    4    2.000   1.0000         pwRep
210.0000    1    2.000   1.0000         rwRep
212.0000    0    2.000   1.0000          NULL 
214.0000    1    2.000   1.0000         rwRep
216.0000    5    2.000   1.0000         pwOrt
218.0000    6    2.000   1.0000         pwNov
220.0000    4    2.000   1.0000         pwRep
222.0000    0    8.000   1.0000          NULL 
230.0000    5    2.000   1.0000         pwOrt
232.0000    5    2.000   1.0000         pwOrt
234.0000    0    4.000   1.0000          NULL 
238.0000    3    2.000   1.0000         rwNov
240.0000    1    2.000   1.0000         rwRep
242.0000    3    2.000   1.0000         rwNov
244.0000    0    8.000   1.0000          NULL 
252.0000    6    2.000   1.0000         pwNov
254.0000    0    2.000   1.0000          NULL 
256.0000    1    2.000   1.0000         rwRep
258.0000    3    2.000   1.0000         rwNov
260.0000    5    2.000   1.0000         pwOrt
262.0000    0    4.000   1.0000          NULL 
266.0000    4    2.000   1.0000         pwRep
268.0000    0    4.000   1.0000          NULL 
272.0000    1    2.000   1.0000         rwRep
274.0000    0    4.000   1.0000          NULL 
278.0000    4    2.000   1.0000         pwRep
280.0000    5    2.000   1.0000         pwOrt
282.0000    3    2.000   1.0000         rwNov
284.0000    1    2.000   1.0000         rwRep
286.0000    6    2.000   1.0000         pwNov
288.0000    0    2.000   1.0000          NULL 
290.0000    6    2.000   1.0000         pwNov
292.0000    2    2.000   1.0000         rwOrt
294.0000    5    2.000   1.0000         pwOrt
296.0000    3    2.000   1.0000         rwNov
298.0000    4    2.000   1.0000         pwRep
300.0000    0    2.000   1.0000          NULL 
302.0000    2    2.000   1.0000         rwOrt
304.0000    6    2.000   1.0000         pwNov
306.0000    6    2.000   1.0000         pwNov
308.0000    0    2.000   1.0000          NULL 
310.0000    4    2.000   1.0000         pwRep
312.0000    2    2.000   1.0000         rwOrt
314.0000    2    2.000   1.0000         rwOrt
316.0000    3    2.000   1.0000         rwNov
318.0000    0    2.000   1.0000          NULL 
320.0000    1    2.000   1.0000         rwRep
322.0000    6    2.000   1.0000         pwNov
324.0000    2    2.000   1.0000         rwOrt
326.0000    1    2.000   1.0000         rwRep
328.0000    1    2.000   1.0000         rwRep
330.0000    6    2.000   1.0000         pwNov
332.0000    3    2.000   1.0000         rwNov
334.0000    5    2.000   1.0000         pwOrt
336.0000    0    2.000   1.0000          NULL 
338.0000    3    2.000   1.0000         rwNov
340.0000    0    2.000   1.0000          NULL 
342.0000    3    2.000   1.0000         rwNov
344.0000    3    2.000   1.0000         rwNov
346.0000    0    2.000   1.0000          NULL 
348.0000    3    2.000   1.0000         rwNov
350.0000    0    2.000   1.0000          NULL 
352.0000    6    2.000   1.0000         pwNov
354.0000    1    2.000   1.0000         rwRep
356.0000    0    4.000   1.0000          NULL 
