  0.0000    2    2.000   1.0000         rwOrt
  2.0000    5    2.000   1.0000         pwOrt
  4.0000    0    2.000   1.0000          NULL 
  6.0000    1    2.000   1.0000         rwRep
  8.0000    2    2.000   1.0000         rwOrt
 10.0000    1    2.000   1.0000         rwRep
 12.0000    1    2.000   1.0000         rwRep
 14.0000    1    2.000   1.0000         rwRep
 16.0000    4    2.000   1.0000         pwRep
 18.0000    6    2.000   1.0000         pwNov
 20.0000    1    2.000   1.0000         rwRep
 22.0000    0    4.000   1.0000          NULL 
 26.0000    1    2.000   1.0000         rwRep
 28.0000    0    2.000   1.0000          NULL 
 30.0000    1    2.000   1.0000         rwRep
 32.0000    2    2.000   1.0000         rwOrt
 34.0000    3    2.000   1.0000         rwNov
 36.0000    0    4.000   1.0000          NULL 
 40.0000    1    2.000   1.0000         rwRep
 42.0000    2    2.000   1.0000         rwOrt
 44.0000    3    2.000   1.0000         rwNov
 46.0000    0    2.000   1.0000          NULL 
 48.0000    3    2.000   1.0000         rwNov
 50.0000    5    2.000   1.0000         pwOrt
 52.0000    0    2.000   1.0000          NULL 
 54.0000    4    2.000   1.0000         pwRep
 56.0000    6    2.000   1.0000         pwNov
 58.0000    3    2.000   1.0000         rwNov
 60.0000    6    2.000   1.0000         pwNov
 62.0000    2    2.000   1.0000         rwOrt
 64.0000    2    2.000   1.0000         rwOrt
 66.0000    0    2.000   1.0000          NULL 
 68.0000    3    2.000   1.0000         rwNov
 70.0000    0    4.000   1.0000          NULL 
 74.0000    2    2.000   1.0000         rwOrt
 76.0000    6    2.000   1.0000         pwNov
 78.0000    3    2.000   1.0000         rwNov
 80.0000    0    2.000   1.0000          NULL 
 82.0000    4    2.000   1.0000         pwRep
 84.0000    0    2.000   1.0000          NULL 
 86.0000    2    2.000   1.0000         rwOrt
 88.0000    5    2.000   1.0000         pwOrt
 90.0000    2    2.000   1.0000         rwOrt
 92.0000    0    2.000   1.0000          NULL 
 94.0000    1    2.000   1.0000         rwRep
 96.0000    6    2.000   1.0000         pwNov
 98.0000    4    2.000   1.0000         pwRep
100.0000    4    2.000   1.0000         pwRep
102.0000    3    2.000   1.0000         rwNov
104.0000    2    2.000   1.0000         rwOrt
106.0000    0    4.000   1.0000          NULL 
110.0000    4    2.000   1.0000         pwRep
112.0000    0    4.000   1.0000          NULL 
116.0000    4    2.000   1.0000         pwRep
118.0000    6    2.000   1.0000         pwNov
120.0000    5    2.000   1.0000         pwOrt
122.0000    1    2.000   1.0000         rwRep
124.0000    3    2.000   1.0000         rwNov
126.0000    0    4.000   1.0000          NULL 
130.0000    3    2.000   1.0000         rwNov
132.0000    4    2.000   1.0000         pwRep
134.0000    1    2.000   1.0000         rwRep
136.0000    0    6.000   1.0000          NULL 
142.0000    2    2.000   1.0000         rwOrt
144.0000    3    2.000   1.0000         rwNov
146.0000    4    2.000   1.0000         pwRep
148.0000    0    2.000   1.0000          NULL 
150.0000    6    2.000   1.0000         pwNov
152.0000    3    2.000   1.0000         rwNov
154.0000    0    2.000   1.0000          NULL 
156.0000    3    2.000   1.0000         rwNov
158.0000    1    2.000   1.0000         rwRep
160.0000    0    2.000   1.0000          NULL 
162.0000    4    2.000   1.0000         pwRep
164.0000    1    2.000   1.0000         rwRep
166.0000    0    2.000   1.0000          NULL 
168.0000    5    2.000   1.0000         pwOrt
170.0000    6    2.000   1.0000         pwNov
172.0000    6    2.000   1.0000         pwNov
174.0000    6    2.000   1.0000         pwNov
176.0000    0    2.000   1.0000          NULL 
178.0000    5    2.000   1.0000         pwOrt
180.0000    0    2.000   1.0000          NULL 
182.0000    6    2.000   1.0000         pwNov
184.0000    1    2.000   1.0000         rwRep
186.0000    4    2.000   1.0000         pwRep
188.0000    5    2.000   1.0000         pwOrt
190.0000    2    2.000   1.0000         rwOrt
192.0000    5    2.000   1.0000         pwOrt
194.0000    2    2.000   1.0000         rwOrt
196.0000    6    2.000   1.0000         pwNov
198.0000    6    2.000   1.0000         pwNov
200.0000    6    2.000   1.0000         pwNov
202.0000    0    2.000   1.0000          NULL 
204.0000    2    2.000   1.0000         rwOrt
206.0000    6    2.000   1.0000         pwNov
208.0000    0    4.000   1.0000          NULL 
212.0000    3    2.000   1.0000         rwNov
214.0000    0    2.000   1.0000          NULL 
216.0000    4    2.000   1.0000         pwRep
218.0000    6    2.000   1.0000         pwNov
220.0000    3    2.000   1.0000         rwNov
222.0000    1    2.000   1.0000         rwRep
224.0000    0    4.000   1.0000          NULL 
228.0000    2    2.000   1.0000         rwOrt
230.0000    5    2.000   1.0000         pwOrt
232.0000    0    2.000   1.0000          NULL 
234.0000    5    2.000   1.0000         pwOrt
236.0000    4    2.000   1.0000         pwRep
238.0000    5    2.000   1.0000         pwOrt
240.0000    0    6.000   1.0000          NULL 
246.0000    3    2.000   1.0000         rwNov
248.0000    4    2.000   1.0000         pwRep
250.0000    0    4.000   1.0000          NULL 
254.0000    1    2.000   1.0000         rwRep
256.0000    4    2.000   1.0000         pwRep
258.0000    4    2.000   1.0000         pwRep
260.0000    0    2.000   1.0000          NULL 
262.0000    2    2.000   1.0000         rwOrt
264.0000    0    2.000   1.0000          NULL 
266.0000    6    2.000   1.0000         pwNov
268.0000    0    2.000   1.0000          NULL 
270.0000    2    2.000   1.0000         rwOrt
272.0000    5    2.000   1.0000         pwOrt
274.0000    1    2.000   1.0000         rwRep
276.0000    4    2.000   1.0000         pwRep
278.0000    5    2.000   1.0000         pwOrt
280.0000    3    2.000   1.0000         rwNov
282.0000    0    2.000   1.0000          NULL 
284.0000    1    2.000   1.0000         rwRep
286.0000    6    2.000   1.0000         pwNov
288.0000    5    2.000   1.0000         pwOrt
290.0000    0    4.000   1.0000          NULL 
294.0000    5    2.000   1.0000         pwOrt
296.0000    4    2.000   1.0000         pwRep
298.0000    0    4.000   1.0000          NULL 
302.0000    1    2.000   1.0000         rwRep
304.0000    0    2.000   1.0000          NULL 
306.0000    5    2.000   1.0000         pwOrt
308.0000    0    6.000   1.0000          NULL 
314.0000    2    2.000   1.0000         rwOrt
316.0000    2    2.000   1.0000         rwOrt
318.0000    3    2.000   1.0000         rwNov
320.0000    3    2.000   1.0000         rwNov
322.0000    6    2.000   1.0000         pwNov
324.0000    2    2.000   1.0000         rwOrt
326.0000    4    2.000   1.0000         pwRep
328.0000    5    2.000   1.0000         pwOrt
330.0000    0    4.000   1.0000          NULL 
334.0000    3    2.000   1.0000         rwNov
336.0000    5    2.000   1.0000         pwOrt
338.0000    5    2.000   1.0000         pwOrt
340.0000    3    2.000   1.0000         rwNov
342.0000    0    2.000   1.0000          NULL 
344.0000    4    2.000   1.0000         pwRep
346.0000    0    2.000   1.0000          NULL 
348.0000    1    2.000   1.0000         rwRep
350.0000    0    2.000   1.0000          NULL 
352.0000    5    2.000   1.0000         pwOrt
354.0000    0    4.000   1.0000          NULL 
358.0000    6    2.000   1.0000         pwNov
