  0.0000    6    2.000   1.0000         pwNov
  2.0000    5    2.000   1.0000         pwOrt
  4.0000    3    2.000   1.0000         rwNov
  6.0000    0    2.000   1.0000          NULL 
  8.0000    3    2.000   1.0000         rwNov
 10.0000    2    2.000   1.0000         rwOrt
 12.0000    2    2.000   1.0000         rwOrt
 14.0000    0    4.000   1.0000          NULL 
 18.0000    2    2.000   1.0000         rwOrt
 20.0000    0    2.000   1.0000          NULL 
 22.0000    1    2.000   1.0000         rwRep
 24.0000    0    2.000   1.0000          NULL 
 26.0000    1    2.000   1.0000         rwRep
 28.0000    1    2.000   1.0000         rwRep
 30.0000    4    2.000   1.0000         pwRep
 32.0000    0    2.000   1.0000          NULL 
 34.0000    2    2.000   1.0000         rwOrt
 36.0000    3    2.000   1.0000         rwNov
 38.0000    1    2.000   1.0000         rwRep
 40.0000    2    2.000   1.0000         rwOrt
 42.0000    4    2.000   1.0000         pwRep
 44.0000    0    2.000   1.0000          NULL 
 46.0000    2    2.000   1.0000         rwOrt
 48.0000    3    2.000   1.0000         rwNov
 50.0000    0    6.000   1.0000          NULL 
 56.0000    5    2.000   1.0000         pwOrt
 58.0000    0    2.000   1.0000          NULL 
 60.0000    4    2.000   1.0000         pwRep
 62.0000    2    2.000   1.0000         rwOrt
 64.0000    1    2.000   1.0000         rwRep
 66.0000    4    2.000   1.0000         pwRep
 68.0000    0    2.000   1.0000          NULL 
 70.0000    2    2.000   1.0000         rwOrt
 72.0000    6    2.000   1.0000         pwNov
 74.0000    2    2.000   1.0000         rwOrt
 76.0000    0    4.000   1.0000          NULL 
 80.0000    5    2.000   1.0000         pwOrt
 82.0000    4    2.000   1.0000         pwRep
 84.0000    1    2.000   1.0000         rwRep
 86.0000    1    2.000   1.0000         rwRep
 88.0000    2    2.000   1.0000         rwOrt
 90.0000    0    2.000   1.0000          NULL 
 92.0000    4    2.000   1.0000         pwRep
 94.0000    5    2.000   1.0000         pwOrt
 96.0000    0    2.000   1.0000          NULL 
 98.0000    3    2.000   1.0000         rwNov
100.0000    0    2.000   1.0000          NULL 
102.0000    4    2.000   1.0000         pwRep
104.0000    5    2.000   1.0000         pwOrt
106.0000    2    2.000   1.0000         rwOrt
108.0000    0    4.000   1.0000          NULL 
112.0000    6    2.000   1.0000         pwNov
114.0000    3    2.000   1.0000         rwNov
116.0000    4    2.000   1.0000         pwRep
118.0000    4    2.000   1.0000         pwRep
120.0000    5    2.000   1.0000         pwOrt
122.0000    4    2.000   1.0000         pwRep
124.0000    3    2.000   1.0000         rwNov
126.0000    0    6.000   1.0000          NULL 
132.0000    3    2.000   1.0000         rwNov
134.0000    0    2.000   1.0000          NULL 
136.0000    4    2.000   1.0000         pwRep
138.0000    0    2.000   1.0000          NULL 
140.0000    6    2.000   1.0000         pwNov
142.0000    0    2.000   1.0000          NULL 
144.0000    6    2.000   1.0000         pwNov
146.0000    3    2.000   1.0000         rwNov
148.0000    5    2.000   1.0000         pwOrt
150.0000    0    2.000   1.0000          NULL 
152.0000    1    2.000   1.0000         rwRep
154.0000    0    2.000   1.0000          NULL 
156.0000    5    2.000   1.0000         pwOrt
158.0000    3    2.000   1.0000         rwNov
160.0000    1    2.000   1.0000         rwRep
162.0000    1    2.000   1.0000         rwRep
164.0000    0    2.000   1.0000          NULL 
166.0000    1    2.000   1.0000         rwRep
168.0000    5    2.000   1.0000         pwOrt
170.0000    5    2.000   1.0000         pwOrt
172.0000    0    2.000   1.0000          NULL 
174.0000    1    2.000   1.0000         rwRep
176.0000    6    2.000   1.0000         pwNov
178.0000    3    2.000   1.0000         rwNov
180.0000    0    2.000   1.0000          NULL 
182.0000    5    2.000   1.0000         pwOrt
184.0000    0   12.000   1.0000          NULL 
196.0000    5    2.000   1.0000         pwOrt
198.0000    0    2.000   1.0000          NULL 
200.0000    2    2.000   1.0000         rwOrt
202.0000    5    2.000   1.0000         pwOrt
204.0000    4    2.000   1.0000         pwRep
206.0000    4    2.000   1.0000         pwRep
208.0000    4    2.000   1.0000         pwRep
210.0000    2    2.000   1.0000         rwOrt
212.0000    5    2.000   1.0000         pwOrt
214.0000    0    2.000   1.0000          NULL 
216.0000    3    2.000   1.0000         rwNov
218.0000    5    2.000   1.0000         pwOrt
220.0000    3    2.000   1.0000         rwNov
222.0000    5    2.000   1.0000         pwOrt
224.0000    6    2.000   1.0000         pwNov
226.0000    0    2.000   1.0000          NULL 
228.0000    3    2.000   1.0000         rwNov
230.0000    1    2.000   1.0000         rwRep
232.0000    0    2.000   1.0000          NULL 
234.0000    3    2.000   1.0000         rwNov
236.0000    6    2.000   1.0000         pwNov
238.0000    6    2.000   1.0000         pwNov
240.0000    0    6.000   1.0000          NULL 
246.0000    6    2.000   1.0000         pwNov
248.0000    4    2.000   1.0000         pwRep
250.0000    2    2.000   1.0000         rwOrt
252.0000    0    2.000   1.0000          NULL 
254.0000    6    2.000   1.0000         pwNov
256.0000    3    2.000   1.0000         rwNov
258.0000    1    2.000   1.0000         rwRep
260.0000    6    2.000   1.0000         pwNov
262.0000    0    2.000   1.0000          NULL 
264.0000    2    2.000   1.0000         rwOrt
266.0000    1    2.000   1.0000         rwRep
268.0000    0    2.000   1.0000          NULL 
270.0000    6    2.000   1.0000         pwNov
272.0000    0    2.000   1.0000          NULL 
274.0000    4    2.000   1.0000         pwRep
276.0000    6    2.000   1.0000         pwNov
278.0000    0    4.000   1.0000          NULL 
282.0000    4    2.000   1.0000         pwRep
284.0000    6    2.000   1.0000         pwNov
286.0000    0    2.000   1.0000          NULL 
288.0000    2    2.000   1.0000         rwOrt
290.0000    1    2.000   1.0000         rwRep
292.0000    3    2.000   1.0000         rwNov
294.0000    2    2.000   1.0000         rwOrt
296.0000    2    2.000   1.0000         rwOrt
298.0000    1    2.000   1.0000         rwRep
300.0000    4    2.000   1.0000         pwRep
302.0000    2    2.000   1.0000         rwOrt
304.0000    6    2.000   1.0000         pwNov
306.0000    3    2.000   1.0000         rwNov
308.0000    6    2.000   1.0000         pwNov
310.0000    5    2.000   1.0000         pwOrt
312.0000    1    2.000   1.0000         rwRep
314.0000    0    8.000   1.0000          NULL 
322.0000    5    2.000   1.0000         pwOrt
324.0000    2    2.000   1.0000         rwOrt
326.0000    6    2.000   1.0000         pwNov
328.0000    0    2.000   1.0000          NULL 
330.0000    4    2.000   1.0000         pwRep
332.0000    0    4.000   1.0000          NULL 
336.0000    1    2.000   1.0000         rwRep
338.0000    4    2.000   1.0000         pwRep
340.0000    0    2.000   1.0000          NULL 
342.0000    3    2.000   1.0000         rwNov
344.0000    0    4.000   1.0000          NULL 
348.0000    6    2.000   1.0000         pwNov
350.0000    5    2.000   1.0000         pwOrt
352.0000    3    2.000   1.0000         rwNov
354.0000    5    2.000   1.0000         pwOrt
356.0000    1    2.000   1.0000         rwRep
358.0000    6    2.000   1.0000         pwNov
