  0.0000    2    2.000   1.0000         rwOrt
  2.0000    2    2.000   1.0000         rwOrt
  4.0000    0    2.000   1.0000          NULL 
  6.0000    4    2.000   1.0000         pwRep
  8.0000    3    2.000   1.0000         rwNov
 10.0000    4    2.000   1.0000         pwRep
 12.0000    0    2.000   1.0000          NULL 
 14.0000    2    2.000   1.0000         rwOrt
 16.0000    0    2.000   1.0000          NULL 
 18.0000    4    2.000   1.0000         pwRep
 20.0000    0    2.000   1.0000          NULL 
 22.0000    3    2.000   1.0000         rwNov
 24.0000    6    2.000   1.0000         pwNov
 26.0000    0    2.000   1.0000          NULL 
 28.0000    4    2.000   1.0000         pwRep
 30.0000    3    2.000   1.0000         rwNov
 32.0000    0    2.000   1.0000          NULL 
 34.0000    3    2.000   1.0000         rwNov
 36.0000    5    2.000   1.0000         pwOrt
 38.0000    3    2.000   1.0000         rwNov
 40.0000    2    2.000   1.0000         rwOrt
 42.0000    4    2.000   1.0000         pwRep
 44.0000    4    2.000   1.0000         pwRep
 46.0000    5    2.000   1.0000         pwOrt
 48.0000    0    8.000   1.0000          NULL 
 56.0000    2    2.000   1.0000         rwOrt
 58.0000    6    2.000   1.0000         pwNov
 60.0000    2    2.000   1.0000         rwOrt
 62.0000    3    2.000   1.0000         rwNov
 64.0000    3    2.000   1.0000         rwNov
 66.0000    2    2.000   1.0000         rwOrt
 68.0000    5    2.000   1.0000         pwOrt
 70.0000    0    2.000   1.0000          NULL 
 72.0000    2    2.000   1.0000         rwOrt
 74.0000    0    2.000   1.0000          NULL 
 76.0000    2    2.000   1.0000         rwOrt
 78.0000    0    2.000   1.0000          NULL 
 80.0000    1    2.000   1.0000         rwRep
 82.0000    0    2.000   1.0000          NULL 
 84.0000    1    2.000   1.0000         rwRep
 86.0000    3    2.000   1.0000         rwNov
 88.0000    3    2.000   1.0000         rwNov
 90.0000    1    2.000   1.0000         rwRep
 92.0000    0    2.000   1.0000          NULL 
 94.0000    3    2.000   1.0000         rwNov
 96.0000    2    2.000   1.0000         rwOrt
 98.0000    5    2.000   1.0000         pwOrt
100.0000    3    2.000   1.0000         rwNov
102.0000    5    2.000   1.0000         pwOrt
104.0000    4    2.000   1.0000         pwRep
106.0000    0    2.000   1.0000          NULL 
108.0000    4    2.000   1.0000         pwRep
110.0000    4    2.000   1.0000         pwRep
112.0000    4    2.000   1.0000         pwRep
114.0000    5    2.000   1.0000         pwOrt
116.0000    6    2.000   1.0000         pwNov
118.0000    0    2.000   1.0000          NULL 
120.0000    3    2.000   1.0000         rwNov
122.0000    4    2.000   1.0000         pwRep
124.0000    1    2.000   1.0000         rwRep
126.0000    1    2.000   1.0000         rwRep
128.0000    0    2.000   1.0000          NULL 
130.0000    6    2.000   1.0000         pwNov
132.0000    4    2.000   1.0000         pwRep
134.0000    6    2.000   1.0000         pwNov
136.0000    0    6.000   1.0000          NULL 
142.0000    6    2.000   1.0000         pwNov
144.0000    3    2.000   1.0000         rwNov
146.0000    0    2.000   1.0000          NULL 
148.0000    4    2.000   1.0000         pwRep
150.0000    5    2.000   1.0000         pwOrt
152.0000    0    2.000   1.0000          NULL 
154.0000    6    2.000   1.0000         pwNov
156.0000    0    2.000   1.0000          NULL 
158.0000    6    2.000   1.0000         pwNov
160.0000    6    2.000   1.0000         pwNov
162.0000    6    2.000   1.0000         pwNov
164.0000    0    2.000   1.0000          NULL 
166.0000    2    2.000   1.0000         rwOrt
168.0000    3    2.000   1.0000         rwNov
170.0000    0    2.000   1.0000          NULL 
172.0000    1    2.000   1.0000         rwRep
174.0000    3    2.000   1.0000         rwNov
176.0000    1    2.000   1.0000         rwRep
178.0000    0    2.000   1.0000          NULL 
180.0000    2    2.000   1.0000         rwOrt
182.0000    3    2.000   1.0000         rwNov
184.0000    4    2.000   1.0000         pwRep
186.0000    0    4.000   1.0000          NULL 
190.0000    5    2.000   1.0000         pwOrt
192.0000    0    2.000   1.0000          NULL 
194.0000    3    2.000   1.0000         rwNov
196.0000    0    4.000   1.0000          NULL 
200.0000    6    2.000   1.0000         pwNov
202.0000    2    2.000   1.0000         rwOrt
204.0000    1    2.000   1.0000         rwRep
206.0000    0    2.000   1.0000          NULL 
208.0000    5    2.000   1.0000         pwOrt
210.0000    5    2.000   1.0000         pwOrt
212.0000    4    2.000   1.0000         pwRep
214.0000    5    2.000   1.0000         pwOrt
216.0000    1    2.000   1.0000         rwRep
218.0000    5    2.000   1.0000         pwOrt
220.0000    0    2.000   1.0000          NULL 
222.0000    4    2.000   1.0000         pwRep
224.0000    1    2.000   1.0000         rwRep
226.0000    3    2.000   1.0000         rwNov
228.0000    2    2.000   1.0000         rwOrt
230.0000    0    4.000   1.0000          NULL 
234.0000    1    2.000   1.0000         rwRep
236.0000    1    2.000   1.0000         rwRep
238.0000    1    2.000   1.0000         rwRep
240.0000    0    4.000   1.0000          NULL 
244.0000    2    2.000   1.0000         rwOrt
246.0000    0    4.000   1.0000          NULL 
250.0000    3    2.000   1.0000         rwNov
252.0000    4    2.000   1.0000         pwRep
254.0000    2    2.000   1.0000         rwOrt
256.0000    6    2.000   1.0000         pwNov
258.0000    2    2.000   1.0000         rwOrt
260.0000    0    2.000   1.0000          NULL 
262.0000    6    2.000   1.0000         pwNov
264.0000    0    2.000   1.0000          NULL 
266.0000    1    2.000   1.0000         rwRep
268.0000    4    2.000   1.0000         pwRep
270.0000    0    2.000   1.0000          NULL 
272.0000    6    2.000   1.0000         pwNov
274.0000    2    2.000   1.0000         rwOrt
276.0000    0    2.000   1.0000          NULL 
278.0000    5    2.000   1.0000         pwOrt
280.0000    6    2.000   1.0000         pwNov
282.0000    0    6.000   1.0000          NULL 
288.0000    2    2.000   1.0000         rwOrt
290.0000    5    2.000   1.0000         pwOrt
292.0000    1    2.000   1.0000         rwRep
294.0000    0    2.000   1.0000          NULL 
296.0000    1    2.000   1.0000         rwRep
298.0000    4    2.000   1.0000         pwRep
300.0000    6    2.000   1.0000         pwNov
302.0000    5    2.000   1.0000         pwOrt
304.0000    0    2.000   1.0000          NULL 
306.0000    5    2.000   1.0000         pwOrt
308.0000    0    4.000   1.0000          NULL 
312.0000    5    2.000   1.0000         pwOrt
314.0000    0    2.000   1.0000          NULL 
316.0000    6    2.000   1.0000         pwNov
318.0000    6    2.000   1.0000         pwNov
320.0000    1    2.000   1.0000         rwRep
322.0000    0    4.000   1.0000          NULL 
326.0000    2    2.000   1.0000         rwOrt
328.0000    0    2.000   1.0000          NULL 
330.0000    5    2.000   1.0000         pwOrt
332.0000    0    4.000   1.0000          NULL 
336.0000    1    2.000   1.0000         rwRep
338.0000    4    2.000   1.0000         pwRep
340.0000    3    2.000   1.0000         rwNov
342.0000    1    2.000   1.0000         rwRep
344.0000    5    2.000   1.0000         pwOrt
346.0000    5    2.000   1.0000         pwOrt
348.0000    0    2.000   1.0000          NULL 
350.0000    1    2.000   1.0000         rwRep
352.0000    6    2.000   1.0000         pwNov
354.0000    6    2.000   1.0000         pwNov
356.0000    0    4.000   1.0000          NULL 
