  0.0000    2    2.000   1.0000         rwOrt
  2.0000    0    2.000   1.0000          NULL 
  4.0000    4    2.000   1.0000         pwRep
  6.0000    2    2.000   1.0000         rwOrt
  8.0000    0    4.000   1.0000          NULL 
 12.0000    1    2.000   1.0000         rwRep
 14.0000    4    2.000   1.0000         pwRep
 16.0000    0    2.000   1.0000          NULL 
 18.0000    6    2.000   1.0000         pwNov
 20.0000    0    4.000   1.0000          NULL 
 24.0000    6    2.000   1.0000         pwNov
 26.0000    1    2.000   1.0000         rwRep
 28.0000    1    2.000   1.0000         rwRep
 30.0000    1    2.000   1.0000         rwRep
 32.0000    3    2.000   1.0000         rwNov
 34.0000    2    2.000   1.0000         rwOrt
 36.0000    1    2.000   1.0000         rwRep
 38.0000    4    2.000   1.0000         pwRep
 40.0000    2    2.000   1.0000         rwOrt
 42.0000    5    2.000   1.0000         pwOrt
 44.0000    4    2.000   1.0000         pwRep
 46.0000    3    2.000   1.0000         rwNov
 48.0000    0    4.000   1.0000          NULL 
 52.0000    3    2.000   1.0000         rwNov
 54.0000    6    2.000   1.0000         pwNov
 56.0000    0    4.000   1.0000          NULL 
 60.0000    4    2.000   1.0000         pwRep
 62.0000    0    2.000   1.0000          NULL 
 64.0000    1    2.000   1.0000         rwRep
 66.0000    0    2.000   1.0000          NULL 
 68.0000    2    2.000   1.0000         rwOrt
 70.0000    5    2.000   1.0000         pwOrt
 72.0000    2    2.000   1.0000         rwOrt
 74.0000    5    2.000   1.0000         pwOrt
 76.0000    0    2.000   1.0000          NULL 
 78.0000    4    2.000   1.0000         pwRep
 80.0000    4    2.000   1.0000         pwRep
 82.0000    0    2.000   1.0000          NULL 
 84.0000    2    2.000   1.0000         rwOrt
 86.0000    2    2.000   1.0000         rwOrt
 88.0000    3    2.000   1.0000         rwNov
 90.0000    2    2.000   1.0000         rwOrt
 92.0000    5    2.000   1.0000         pwOrt
 94.0000    6    2.000   1.0000         pwNov
 96.0000    4    2.000   1.0000         pwRep
 98.0000    2    2.000   1.0000         rwOrt
100.0000    2    2.000   1.0000         rwOrt
102.0000    5    2.000   1.0000         pwOrt
104.0000    5    2.000   1.0000         pwOrt
106.0000    3    2.000   1.0000         rwNov
108.0000    2    2.000   1.0000         rwOrt
110.0000    0    2.000   1.0000          NULL 
112.0000    3    2.000   1.0000         rwNov
114.0000    4    2.000   1.0000         pwRep
116.0000    0    2.000   1.0000          NULL 
118.0000    4    2.000   1.0000         pwRep
120.0000    0    2.000   1.0000          NULL 
122.0000    6    2.000   1.0000         pwNov
124.0000    5    2.000   1.0000         pwOrt
126.0000    6    2.000   1.0000         pwNov
128.0000    2    2.000   1.0000         rwOrt
130.0000    4    2.000   1.0000         pwRep
132.0000    0    4.000   1.0000          NULL 
136.0000    6    2.000   1.0000         pwNov
138.0000    0    4.000   1.0000          NULL 
142.0000    4    2.000   1.0000         pwRep
144.0000    1    2.000   1.0000         rwRep
146.0000    0    2.000   1.0000          NULL 
148.0000    1    2.000   1.0000         rwRep
150.0000    0    2.000   1.0000          NULL 
152.0000    5    2.000   1.0000         pwOrt
154.0000    5    2.000   1.0000         pwOrt
156.0000    4    2.000   1.0000         pwRep
158.0000    6    2.000   1.0000         pwNov
160.0000    1    2.000   1.0000         rwRep
162.0000    0    2.000   1.0000          NULL 
164.0000    3    2.000   1.0000         rwNov
166.0000    6    2.000   1.0000         pwNov
168.0000    1    2.000   1.0000         rwRep
170.0000    0    6.000   1.0000          NULL 
176.0000    2    2.000   1.0000         rwOrt
178.0000    0    2.000   1.0000          NULL 
180.0000    6    2.000   1.0000         pwNov
182.0000    6    2.000   1.0000         pwNov
184.0000    6    2.000   1.0000         pwNov
186.0000    6    2.000   1.0000         pwNov
188.0000    0    4.000   1.0000          NULL 
192.0000    3    2.000   1.0000         rwNov
194.0000    0    2.000   1.0000          NULL 
196.0000    5    2.000   1.0000         pwOrt
198.0000    6    2.000   1.0000         pwNov
200.0000    0    2.000   1.0000          NULL 
202.0000    4    2.000   1.0000         pwRep
204.0000    0    2.000   1.0000          NULL 
206.0000    2    2.000   1.0000         rwOrt
208.0000    0    6.000   1.0000          NULL 
214.0000    5    2.000   1.0000         pwOrt
216.0000    0    2.000   1.0000          NULL 
218.0000    3    2.000   1.0000         rwNov
220.0000    3    2.000   1.0000         rwNov
222.0000    0    4.000   1.0000          NULL 
226.0000    1    2.000   1.0000         rwRep
228.0000    6    2.000   1.0000         pwNov
230.0000    6    2.000   1.0000         pwNov
232.0000    0    2.000   1.0000          NULL 
234.0000    6    2.000   1.0000         pwNov
236.0000    4    2.000   1.0000         pwRep
238.0000    4    2.000   1.0000         pwRep
240.0000    4    2.000   1.0000         pwRep
242.0000    3    2.000   1.0000         rwNov
244.0000    0    2.000   1.0000          NULL 
246.0000    3    2.000   1.0000         rwNov
248.0000    3    2.000   1.0000         rwNov
250.0000    0    2.000   1.0000          NULL 
252.0000    2    2.000   1.0000         rwOrt
254.0000    5    2.000   1.0000         pwOrt
256.0000    5    2.000   1.0000         pwOrt
258.0000    0    2.000   1.0000          NULL 
260.0000    5    2.000   1.0000         pwOrt
262.0000    2    2.000   1.0000         rwOrt
264.0000    6    2.000   1.0000         pwNov
266.0000    1    2.000   1.0000         rwRep
268.0000    3    2.000   1.0000         rwNov
270.0000    1    2.000   1.0000         rwRep
272.0000    0    4.000   1.0000          NULL 
276.0000    3    2.000   1.0000         rwNov
278.0000    0    6.000   1.0000          NULL 
284.0000    5    2.000   1.0000         pwOrt
286.0000    3    2.000   1.0000         rwNov
288.0000    0    2.000   1.0000          NULL 
290.0000    1    2.000   1.0000         rwRep
292.0000    2    2.000   1.0000         rwOrt
294.0000    1    2.000   1.0000         rwRep
296.0000    0    4.000   1.0000          NULL 
300.0000    2    2.000   1.0000         rwOrt
302.0000    0    2.000   1.0000          NULL 
304.0000    5    2.000   1.0000         pwOrt
306.0000    5    2.000   1.0000         pwOrt
308.0000    0    2.000   1.0000          NULL 
310.0000    1    2.000   1.0000         rwRep
312.0000    5    2.000   1.0000         pwOrt
314.0000    1    2.000   1.0000         rwRep
316.0000    0    2.000   1.0000          NULL 
318.0000    6    2.000   1.0000         pwNov
320.0000    0    2.000   1.0000          NULL 
322.0000    6    2.000   1.0000         pwNov
324.0000    3    2.000   1.0000         rwNov
326.0000    0    2.000   1.0000          NULL 
328.0000    3    2.000   1.0000         rwNov
330.0000    5    2.000   1.0000         pwOrt
332.0000    4    2.000   1.0000         pwRep
334.0000    4    2.000   1.0000         pwRep
336.0000    1    2.000   1.0000         rwRep
338.0000    0    2.000   1.0000          NULL 
340.0000    4    2.000   1.0000         pwRep
342.0000    1    2.000   1.0000         rwRep
344.0000    3    2.000   1.0000         rwNov
346.0000    5    2.000   1.0000         pwOrt
348.0000    2    2.000   1.0000         rwOrt
350.0000    0    2.000   1.0000          NULL 
352.0000    1    2.000   1.0000         rwRep
354.0000    3    2.000   1.0000         rwNov
356.0000    0    4.000   1.0000          NULL 
