  0.0000    1    2.000   1.0000         rwRep
  2.0000    4    2.000   1.0000         pwRep
  4.0000    0    2.000   1.0000          NULL 
  6.0000    4    2.000   1.0000         pwRep
  8.0000    1    2.000   1.0000         rwRep
 10.0000    6    2.000   1.0000         pwNov
 12.0000    5    2.000   1.0000         pwOrt
 14.0000    6    2.000   1.0000         pwNov
 16.0000    2    2.000   1.0000         rwOrt
 18.0000    2    2.000   1.0000         rwOrt
 20.0000    0    4.000   1.0000          NULL 
 24.0000    1    2.000   1.0000         rwRep
 26.0000    2    2.000   1.0000         rwOrt
 28.0000    1    2.000   1.0000         rwRep
 30.0000    0    2.000   1.0000          NULL 
 32.0000    4    2.000   1.0000         pwRep
 34.0000    2    2.000   1.0000         rwOrt
 36.0000    0    6.000   1.0000          NULL 
 42.0000    5    2.000   1.0000         pwOrt
 44.0000    6    2.000   1.0000         pwNov
 46.0000    0    2.000   1.0000          NULL 
 48.0000    3    2.000   1.0000         rwNov
 50.0000    5    2.000   1.0000         pwOrt
 52.0000    0    2.000   1.0000          NULL 
 54.0000    3    2.000   1.0000         rwNov
 56.0000    4    2.000   1.0000         pwRep
 58.0000    6    2.000   1.0000         pwNov
 60.0000    4    2.000   1.0000         pwRep
 62.0000    1    2.000   1.0000         rwRep
 64.0000    5    2.000   1.0000         pwOrt
 66.0000    2    2.000   1.0000         rwOrt
 68.0000    5    2.000   1.0000         pwOrt
 70.0000    0    2.000   1.0000          NULL 
 72.0000    2    2.000   1.0000         rwOrt
 74.0000    1    2.000   1.0000         rwRep
 76.0000    2    2.000   1.0000         rwOrt
 78.0000    2    2.000   1.0000         rwOrt
 80.0000    6    2.000   1.0000         pwNov
 82.0000    0    2.000   1.0000          NULL 
 84.0000    1    2.000   1.0000         rwRep
 86.0000    0    2.000   1.0000          NULL 
 88.0000    5    2.000   1.0000         pwOrt
 90.0000    6    2.000   1.0000         pwNov
 92.0000    0    2.000   1.0000          NULL 
 94.0000    1    2.000   1.0000         rwRep
 96.0000    3    2.000   1.0000         rwNov
 98.0000    0    2.000   1.0000          NULL 
100.0000    1    2.000   1.0000         rwRep
102.0000    5    2.000   1.0000         pwOrt
104.0000    0    4.000   1.0000          NULL 
108.0000    6    2.000   1.0000         pwNov
110.0000    1    2.000   1.0000         rwRep
112.0000    5    2.000   1.0000         pwOrt
114.0000    0    2.000   1.0000          NULL 
116.0000    3    2.000   1.0000         rwNov
118.0000    6    2.000   1.0000         pwNov
120.0000    6    2.000   1.0000         pwNov
122.0000    4    2.000   1.0000         pwRep
124.0000    0    2.000   1.0000          NULL 
126.0000    3    2.000   1.0000         rwNov
128.0000    0    2.000   1.0000          NULL 
130.0000    2    2.000   1.0000         rwOrt
132.0000    0    2.000   1.0000          NULL 
134.0000    6    2.000   1.0000         pwNov
136.0000    4    2.000   1.0000         pwRep
138.0000    3    2.000   1.0000         rwNov
140.0000    1    2.000   1.0000         rwRep
142.0000    5    2.000   1.0000         pwOrt
144.0000    0    4.000   1.0000          NULL 
148.0000    6    2.000   1.0000         pwNov
150.0000    3    2.000   1.0000         rwNov
152.0000    1    2.000   1.0000         rwRep
154.0000    0    2.000   1.0000          NULL 
156.0000    3    2.000   1.0000         rwNov
158.0000    3    2.000   1.0000         rwNov
160.0000    1    2.000   1.0000         rwRep
162.0000    0    2.000   1.0000          NULL 
164.0000    4    2.000   1.0000         pwRep
166.0000    1    2.000   1.0000         rwRep
168.0000    0    2.000   1.0000          NULL 
170.0000    3    2.000   1.0000         rwNov
172.0000    4    2.000   1.0000         pwRep
174.0000    6    2.000   1.0000         pwNov
176.0000    0    2.000   1.0000          NULL 
178.0000    2    2.000   1.0000         rwOrt
180.0000    1    2.000   1.0000         rwRep
182.0000    0    4.000   1.0000          NULL 
186.0000    5    2.000   1.0000         pwOrt
188.0000    3    2.000   1.0000         rwNov
190.0000    5    2.000   1.0000         pwOrt
192.0000    2    2.000   1.0000         rwOrt
194.0000    5    2.000   1.0000         pwOrt
196.0000    0    4.000   1.0000          NULL 
200.0000    5    2.000   1.0000         pwOrt
202.0000    2    2.000   1.0000         rwOrt
204.0000    4    2.000   1.0000         pwRep
206.0000    0    2.000   1.0000          NULL 
208.0000    3    2.000   1.0000         rwNov
210.0000    0   10.000   1.0000          NULL 
220.0000    2    2.000   1.0000         rwOrt
222.0000    0    2.000   1.0000          NULL 
224.0000    6    2.000   1.0000         pwNov
226.0000    3    2.000   1.0000         rwNov
228.0000    6    2.000   1.0000         pwNov
230.0000    3    2.000   1.0000         rwNov
232.0000    0    2.000   1.0000          NULL 
234.0000    4    2.000   1.0000         pwRep
236.0000    1    2.000   1.0000         rwRep
238.0000    6    2.000   1.0000         pwNov
240.0000    1    2.000   1.0000         rwRep
242.0000    0    2.000   1.0000          NULL 
244.0000    6    2.000   1.0000         pwNov
246.0000    0    2.000   1.0000          NULL 
248.0000    3    2.000   1.0000         rwNov
250.0000    0    2.000   1.0000          NULL 
252.0000    4    2.000   1.0000         pwRep
254.0000    0    2.000   1.0000          NULL 
256.0000    2    2.000   1.0000         rwOrt
258.0000    0    2.000   1.0000          NULL 
260.0000    1    2.000   1.0000         rwRep
262.0000    0    8.000   1.0000          NULL 
270.0000    2    2.000   1.0000         rwOrt
272.0000    2    2.000   1.0000         rwOrt
274.0000    2    2.000   1.0000         rwOrt
276.0000    2    2.000   1.0000         rwOrt
278.0000    3    2.000   1.0000         rwNov
280.0000    0    2.000   1.0000          NULL 
282.0000    5    2.000   1.0000         pwOrt
284.0000    2    2.000   1.0000         rwOrt
286.0000    0    2.000   1.0000          NULL 
288.0000    5    2.000   1.0000         pwOrt
290.0000    0    4.000   1.0000          NULL 
294.0000    4    2.000   1.0000         pwRep
296.0000    1    2.000   1.0000         rwRep
298.0000    3    2.000   1.0000         rwNov
300.0000    6    2.000   1.0000         pwNov
302.0000    0    2.000   1.0000          NULL 
304.0000    4    2.000   1.0000         pwRep
306.0000    3    2.000   1.0000         rwNov
308.0000    0    2.000   1.0000          NULL 
310.0000    4    2.000   1.0000         pwRep
312.0000    5    2.000   1.0000         pwOrt
314.0000    4    2.000   1.0000         pwRep
316.0000    0    2.000   1.0000          NULL 
318.0000    2    2.000   1.0000         rwOrt
320.0000    4    2.000   1.0000         pwRep
322.0000    4    2.000   1.0000         pwRep
324.0000    5    2.000   1.0000         pwOrt
326.0000    0    2.000   1.0000          NULL 
328.0000    1    2.000   1.0000         rwRep
330.0000    5    2.000   1.0000         pwOrt
332.0000    5    2.000   1.0000         pwOrt
334.0000    3    2.000   1.0000         rwNov
336.0000    0    2.000   1.0000          NULL 
338.0000    3    2.000   1.0000         rwNov
340.0000    6    2.000   1.0000         pwNov
342.0000    0    4.000   1.0000          NULL 
346.0000    6    2.000   1.0000         pwNov
348.0000    4    2.000   1.0000         pwRep
350.0000    5    2.000   1.0000         pwOrt
352.0000    0    2.000   1.0000          NULL 
354.0000    6    2.000   1.0000         pwNov
356.0000    4    2.000   1.0000         pwRep
358.0000    0    2.000   1.0000          NULL 
