  0.0000    1    2.000   1.0000         rwRep
  2.0000    2    2.000   1.0000         rwOrt
  4.0000    0    4.000   1.0000          NULL 
  8.0000    4    2.000   1.0000         pwRep
 10.0000    5    2.000   1.0000         pwOrt
 12.0000    0    4.000   1.0000          NULL 
 16.0000    6    2.000   1.0000         pwNov
 18.0000    2    2.000   1.0000         rwOrt
 20.0000    6    2.000   1.0000         pwNov
 22.0000    4    2.000   1.0000         pwRep
 24.0000    2    2.000   1.0000         rwOrt
 26.0000    4    2.000   1.0000         pwRep
 28.0000    0    2.000   1.0000          NULL 
 30.0000    3    2.000   1.0000         rwNov
 32.0000    0    2.000   1.0000          NULL 
 34.0000    6    2.000   1.0000         pwNov
 36.0000    3    2.000   1.0000         rwNov
 38.0000    1    2.000   1.0000         rwRep
 40.0000    0    2.000   1.0000          NULL 
 42.0000    5    2.000   1.0000         pwOrt
 44.0000    3    2.000   1.0000         rwNov
 46.0000    3    2.000   1.0000         rwNov
 48.0000    3    2.000   1.0000         rwNov
 50.0000    5    2.000   1.0000         pwOrt
 52.0000    4    2.000   1.0000         pwRep
 54.0000    4    2.000   1.0000         pwRep
 56.0000    0    4.000   1.0000          NULL 
 60.0000    3    2.000   1.0000         rwNov
 62.0000    4    2.000   1.0000         pwRep
 64.0000    5    2.000   1.0000         pwOrt
 66.0000    2    2.000   1.0000         rwOrt
 68.0000    2    2.000   1.0000         rwOrt
 70.0000    5    2.000   1.0000         pwOrt
 72.0000    4    2.000   1.0000         pwRep
 74.0000    1    2.000   1.0000         rwRep
 76.0000    3    2.000   1.0000         rwNov
 78.0000    0    2.000   1.0000          NULL 
 80.0000    1    2.000   1.0000         rwRep
 82.0000    3    2.000   1.0000         rwNov
 84.0000    0    4.000   1.0000          NULL 
 88.0000    2    2.000   1.0000         rwOrt
 90.0000    5    2.000   1.0000         pwOrt
 92.0000    6    2.000   1.0000         pwNov
 94.0000    5    2.000   1.0000         pwOrt
 96.0000    0    2.000   1.0000          NULL 
 98.0000    1    2.000   1.0000         rwRep
100.0000    3    2.000   1.0000         rwNov
102.0000    0    2.000   1.0000          NULL 
104.0000    5    2.000   1.0000         pwOrt
106.0000    1    2.000   1.0000         rwRep
108.0000    3    2.000   1.0000         rwNov
110.0000    6    2.000   1.0000         pwNov
112.0000    3    2.000   1.0000         rwNov
114.0000    0    2.000   1.0000          NULL 
116.0000    2    2.000   1.0000         rwOrt
118.0000    0    2.000   1.0000          NULL 
120.0000    6    2.000   1.0000         pwNov
122.0000    1    2.000   1.0000         rwRep
124.0000    0    2.000   1.0000          NULL 
126.0000    6    2.000   1.0000         pwNov
128.0000    1    2.000   1.0000         rwRep
130.0000    2    2.000   1.0000         rwOrt
132.0000    3    2.000   1.0000         rwNov
134.0000    0    4.000   1.0000          NULL 
138.0000    2    2.000   1.0000         rwOrt
140.0000    3    2.000   1.0000         rwNov
142.0000    1    2.000   1.0000         rwRep
144.0000    0    2.000   1.0000          NULL 
146.0000    1    2.000   1.0000         rwRep
148.0000    0    2.000   1.0000          NULL 
150.0000    2    2.000   1.0000         rwOrt
152.0000    3    2.000   1.0000         rwNov
154.0000    4    2.000   1.0000         pwRep
156.0000    0    2.000   1.0000          NULL 
158.0000    2    2.000   1.0000         rwOrt
160.0000    2    2.000   1.0000         rwOrt
162.0000    0    4.000   1.0000          NULL 
166.0000    4    2.000   1.0000         pwRep
168.0000    4    2.000   1.0000         pwRep
170.0000    2    2.000   1.0000         rwOrt
172.0000    6    2.000   1.0000         pwNov
174.0000    4    2.000   1.0000         pwRep
176.0000    5    2.000   1.0000         pwOrt
178.0000    6    2.000   1.0000         pwNov
180.0000    0    2.000   1.0000          NULL 
182.0000    4    2.000   1.0000         pwRep
184.0000    0    4.000   1.0000          NULL 
188.0000    5    2.000   1.0000         pwOrt
190.0000    3    2.000   1.0000         rwNov
192.0000    3    2.000   1.0000         rwNov
194.0000    5    2.000   1.0000         pwOrt
196.0000    0    2.000   1.0000          NULL 
198.0000    6    2.000   1.0000         pwNov
200.0000    3    2.000   1.0000         rwNov
202.0000    5    2.000   1.0000         pwOrt
204.0000    0    2.000   1.0000          NULL 
206.0000    2    2.000   1.0000         rwOrt
208.0000    2    2.000   1.0000         rwOrt
210.0000    0    2.000   1.0000          NULL 
212.0000    3    2.000   1.0000         rwNov
214.0000    5    2.000   1.0000         pwOrt
216.0000    0    2.000   1.0000          NULL 
218.0000    1    2.000   1.0000         rwRep
220.0000    0    2.000   1.0000          NULL 
222.0000    5    2.000   1.0000         pwOrt
224.0000    1    2.000   1.0000         rwRep
226.0000    0    2.000   1.0000          NULL 
228.0000    4    2.000   1.0000         pwRep
230.0000    6    2.000   1.0000         pwNov
232.0000    0    2.000   1.0000          NULL 
234.0000    6    2.000   1.0000         pwNov
236.0000    4    2.000   1.0000         pwRep
238.0000    0    4.000   1.0000          NULL 
242.0000    1    2.000   1.0000         rwRep
244.0000    0    4.000   1.0000          NULL 
248.0000    1    2.000   1.0000         rwRep
250.0000    1    2.000   1.0000         rwRep
252.0000    4    2.000   1.0000         pwRep
254.0000    0    4.000   1.0000          NULL 
258.0000    3    2.000   1.0000         rwNov
260.0000    0    2.000   1.0000          NULL 
262.0000    6    2.000   1.0000         pwNov
264.0000    0    2.000   1.0000          NULL 
266.0000    6    2.000   1.0000         pwNov
268.0000    2    2.000   1.0000         rwOrt
270.0000    4    2.000   1.0000         pwRep
272.0000    4    2.000   1.0000         pwRep
274.0000    5    2.000   1.0000         pwOrt
276.0000    0    2.000   1.0000          NULL 
278.0000    2    2.000   1.0000         rwOrt
280.0000    6    2.000   1.0000         pwNov
282.0000    1    2.000   1.0000         rwRep
284.0000    0    4.000   1.0000          NULL 
288.0000    6    2.000   1.0000         pwNov
290.0000    0    6.000   1.0000          NULL 
296.0000    6    2.000   1.0000         pwNov
298.0000    0    2.000   1.0000          NULL 
300.0000    6    2.000   1.0000         pwNov
302.0000    5    2.000   1.0000         pwOrt
304.0000    6    2.000   1.0000         pwNov
306.0000    2    2.000   1.0000         rwOrt
308.0000    1    2.000   1.0000         rwRep
310.0000    4    2.000   1.0000         pwRep
312.0000    0    2.000   1.0000          NULL 
314.0000    5    2.000   1.0000         pwOrt
316.0000    5    2.000   1.0000         pwOrt
318.0000    2    2.000   1.0000         rwOrt
320.0000    4    2.000   1.0000         pwRep
322.0000    0    2.000   1.0000          NULL 
324.0000    1    2.000   1.0000         rwRep
326.0000    0    6.000   1.0000          NULL 
332.0000    1    2.000   1.0000         rwRep
334.0000    0    4.000   1.0000          NULL 
338.0000    3    2.000   1.0000         rwNov
340.0000    0    6.000   1.0000          NULL 
346.0000    5    2.000   1.0000         pwOrt
348.0000    1    2.000   1.0000         rwRep
350.0000    6    2.000   1.0000         pwNov
352.0000    5    2.000   1.0000         pwOrt
354.0000    4    2.000   1.0000         pwRep
356.0000    0    2.000   1.0000          NULL 
358.0000    2    2.000   1.0000         rwOrt
