  0.0000    6    2.000   1.0000         pwNov
  2.0000    0    2.000   1.0000          NULL 
  4.0000    2    2.000   1.0000         rwOrt
  6.0000    6    2.000   1.0000         pwNov
  8.0000    6    2.000   1.0000         pwNov
 10.0000    0    2.000   1.0000          NULL 
 12.0000    3    2.000   1.0000         rwNov
 14.0000    0    2.000   1.0000          NULL 
 16.0000    5    2.000   1.0000         pwOrt
 18.0000    3    2.000   1.0000         rwNov
 20.0000    5    2.000   1.0000         pwOrt
 22.0000    0    6.000   1.0000          NULL 
 28.0000    5    2.000   1.0000         pwOrt
 30.0000    5    2.000   1.0000         pwOrt
 32.0000    4    2.000   1.0000         pwRep
 34.0000    1    2.000   1.0000         rwRep
 36.0000    5    2.000   1.0000         pwOrt
 38.0000    3    2.000   1.0000         rwNov
 40.0000    0    4.000   1.0000          NULL 
 44.0000    1    2.000   1.0000         rwRep
 46.0000    1    2.000   1.0000         rwRep
 48.0000    3    2.000   1.0000         rwNov
 50.0000    4    2.000   1.0000         pwRep
 52.0000    0    2.000   1.0000          NULL 
 54.0000    2    2.000   1.0000         rwOrt
 56.0000    6    2.000   1.0000         pwNov
 58.0000    4    2.000   1.0000         pwRep
 60.0000    0    2.000   1.0000          NULL 
 62.0000    1    2.000   1.0000         rwRep
 64.0000    0    2.000   1.0000          NULL 
 66.0000    6    2.000   1.0000         pwNov
 68.0000    5    2.000   1.0000         pwOrt
 70.0000    0    2.000   1.0000          NULL 
 72.0000    3    2.000   1.0000         rwNov
 74.0000    0    2.000   1.0000          NULL 
 76.0000    3    2.000   1.0000         rwNov
 78.0000    3    2.000   1.0000         rwNov
 80.0000    2    2.000   1.0000         rwOrt
 82.0000    2    2.000   1.0000         rwOrt
 84.0000    2    2.000   1.0000         rwOrt
 86.0000    0    2.000   1.0000          NULL 
 88.0000    5    2.000   1.0000         pwOrt
 90.0000    3    2.000   1.0000         rwNov
 92.0000    2    2.000   1.0000         rwOrt
 94.0000    4    2.000   1.0000         pwRep
 96.0000    2    2.000   1.0000         rwOrt
 98.0000    0    2.000   1.0000          NULL 
100.0000    3    2.000   1.0000         rwNov
102.0000    1    2.000   1.0000         rwRep
104.0000    0    6.000   1.0000          NULL 
110.0000    3    2.000   1.0000         rwNov
112.0000    0    2.000   1.0000          NULL 
114.0000    1    2.000   1.0000         rwRep
116.0000    5    2.000   1.0000         pwOrt
118.0000    2    2.000   1.0000         rwOrt
120.0000    0    2.000   1.0000          NULL 
122.0000    6    2.000   1.0000         pwNov
124.0000    0    4.000   1.0000          NULL 
128.0000    3    2.000   1.0000         rwNov
130.0000    3    2.000   1.0000         rwNov
132.0000    2    2.000   1.0000         rwOrt
134.0000    0    4.000   1.0000          NULL 
138.0000    1    2.000   1.0000         rwRep
140.0000    6    2.000   1.0000         pwNov
142.0000    0    2.000   1.0000          NULL 
144.0000    5    2.000   1.0000         pwOrt
146.0000    3    2.000   1.0000         rwNov
148.0000    4    2.000   1.0000         pwRep
150.0000    0    2.000   1.0000          NULL 
152.0000    4    2.000   1.0000         pwRep
154.0000    2    2.000   1.0000         rwOrt
156.0000    1    2.000   1.0000         rwRep
158.0000    0    2.000   1.0000          NULL 
160.0000    4    2.000   1.0000         pwRep
162.0000    6    2.000   1.0000         pwNov
164.0000    0    2.000   1.0000          NULL 
166.0000    6    2.000   1.0000         pwNov
168.0000    0    2.000   1.0000          NULL 
170.0000    1    2.000   1.0000         rwRep
172.0000    2    2.000   1.0000         rwOrt
174.0000    0    4.000   1.0000          NULL 
178.0000    4    2.000   1.0000         pwRep
180.0000    0    2.000   1.0000          NULL 
182.0000    2    2.000   1.0000         rwOrt
184.0000    0    2.000   1.0000          NULL 
186.0000    2    2.000   1.0000         rwOrt
188.0000    0    2.000   1.0000          NULL 
190.0000    5    2.000   1.0000         pwOrt
192.0000    1    2.000   1.0000         rwRep
194.0000    1    2.000   1.0000         rwRep
196.0000    0    2.000   1.0000          NULL 
198.0000    5    2.000   1.0000         pwOrt
200.0000    4    2.000   1.0000         pwRep
202.0000    0    4.000   1.0000          NULL 
206.0000    1    2.000   1.0000         rwRep
208.0000    0    6.000   1.0000          NULL 
214.0000    3    2.000   1.0000         rwNov
216.0000    4    2.000   1.0000         pwRep
218.0000    0    4.000   1.0000          NULL 
222.0000    5    2.000   1.0000         pwOrt
224.0000    0    2.000   1.0000          NULL 
226.0000    4    2.000   1.0000         pwRep
228.0000    4    2.000   1.0000         pwRep
230.0000    0    4.000   1.0000          NULL 
234.0000    2    2.000   1.0000         rwOrt
236.0000    4    2.000   1.0000         pwRep
238.0000    0    4.000   1.0000          NULL 
242.0000    6    2.000   1.0000         pwNov
244.0000    4    2.000   1.0000         pwRep
246.0000    6    2.000   1.0000         pwNov
248.0000    0    2.000   1.0000          NULL 
250.0000    5    2.000   1.0000         pwOrt
252.0000    5    2.000   1.0000         pwOrt
254.0000    0    2.000   1.0000          NULL 
256.0000    2    2.000   1.0000         rwOrt
258.0000    0    2.000   1.0000          NULL 
260.0000    6    2.000   1.0000         pwNov
262.0000    1    2.000   1.0000         rwRep
264.0000    5    2.000   1.0000         pwOrt
266.0000    1    2.000   1.0000         rwRep
268.0000    0    2.000   1.0000          NULL 
270.0000    2    2.000   1.0000         rwOrt
272.0000    2    2.000   1.0000         rwOrt
274.0000    4    2.000   1.0000         pwRep
276.0000    5    2.000   1.0000         pwOrt
278.0000    3    2.000   1.0000         rwNov
280.0000    2    2.000   1.0000         rwOrt
282.0000    5    2.000   1.0000         pwOrt
284.0000    6    2.000   1.0000         pwNov
286.0000    2    2.000   1.0000         rwOrt
288.0000    6    2.000   1.0000         pwNov
290.0000    1    2.000   1.0000         rwRep
292.0000    4    2.000   1.0000         pwRep
294.0000    0    2.000   1.0000          NULL 
296.0000    4    2.000   1.0000         pwRep
298.0000    0    4.000   1.0000          NULL 
302.0000    4    2.000   1.0000         pwRep
304.0000    1    2.000   1.0000         rwRep
306.0000    1    2.000   1.0000         rwRep
308.0000    6    2.000   1.0000         pwNov
310.0000    4    2.000   1.0000         pwRep
312.0000    1    2.000   1.0000         rwRep
314.0000    6    2.000   1.0000         pwNov
316.0000    5    2.000   1.0000         pwOrt
318.0000    3    2.000   1.0000         rwNov
320.0000    3    2.000   1.0000         rwNov
322.0000    0    2.000   1.0000          NULL 
324.0000    4    2.000   1.0000         pwRep
326.0000    6    2.000   1.0000         pwNov
328.0000    3    2.000   1.0000         rwNov
330.0000    0    2.000   1.0000          NULL 
332.0000    3    2.000   1.0000         rwNov
334.0000    3    2.000   1.0000         rwNov
336.0000    5    2.000   1.0000         pwOrt
338.0000    6    2.000   1.0000         pwNov
340.0000    1    2.000   1.0000         rwRep
342.0000    0    6.000   1.0000          NULL 
348.0000    6    2.000   1.0000         pwNov
350.0000    1    2.000   1.0000         rwRep
352.0000    6    2.000   1.0000         pwNov
354.0000    0    2.000   1.0000          NULL 
356.0000    2    2.000   1.0000         rwOrt
358.0000    5    2.000   1.0000         pwOrt
