  0.0000    4    2.000   1.0000         pwRep
  2.0000    6    2.000   1.0000         pwNov
  4.0000    2    2.000   1.0000         rwOrt
  6.0000    0    8.000   1.0000          NULL 
 14.0000    3    2.000   1.0000         rwNov
 16.0000    0    2.000   1.0000          NULL 
 18.0000    5    2.000   1.0000         pwOrt
 20.0000    2    2.000   1.0000         rwOrt
 22.0000    0    2.000   1.0000          NULL 
 24.0000    2    2.000   1.0000         rwOrt
 26.0000    1    2.000   1.0000         rwRep
 28.0000    4    2.000   1.0000         pwRep
 30.0000    4    2.000   1.0000         pwRep
 32.0000    1    2.000   1.0000         rwRep
 34.0000    0    2.000   1.0000          NULL 
 36.0000    1    2.000   1.0000         rwRep
 38.0000    4    2.000   1.0000         pwRep
 40.0000    0    4.000   1.0000          NULL 
 44.0000    4    2.000   1.0000         pwRep
 46.0000    5    2.000   1.0000         pwOrt
 48.0000    2    2.000   1.0000         rwOrt
 50.0000    2    2.000   1.0000         rwOrt
 52.0000    0    8.000   1.0000          NULL 
 60.0000    2    2.000   1.0000         rwOrt
 62.0000    4    2.000   1.0000         pwRep
 64.0000    0    2.000   1.0000          NULL 
 66.0000    5    2.000   1.0000         pwOrt
 68.0000    0    2.000   1.0000          NULL 
 70.0000    2    2.000   1.0000         rwOrt
 72.0000    6    2.000   1.0000         pwNov
 74.0000    0    2.000   1.0000          NULL 
 76.0000    3    2.000   1.0000         rwNov
 78.0000    2    2.000   1.0000         rwOrt
 80.0000    0    2.000   1.0000          NULL 
 82.0000    3    2.000   1.0000         rwNov
 84.0000    0    2.000   1.0000          NULL 
 86.0000    4    2.000   1.0000         pwRep
 88.0000    3    2.000   1.0000         rwNov
 90.0000    4    2.000   1.0000         pwRep
 92.0000    3    2.000   1.0000         rwNov
 94.0000    4    2.000   1.0000         pwRep
 96.0000    6    2.000   1.0000         pwNov
 98.0000    0    2.000   1.0000          NULL 
100.0000    1    2.000   1.0000         rwRep
102.0000    5    2.000   1.0000         pwOrt
104.0000    0    2.000   1.0000          NULL 
106.0000    1    2.000   1.0000         rwRep
108.0000    3    2.000   1.0000         rwNov
110.0000    1    2.000   1.0000         rwRep
112.0000    2    2.000   1.0000         rwOrt
114.0000    3    2.000   1.0000         rwNov
116.0000    1    2.000   1.0000         rwRep
118.0000    3    2.000   1.0000         rwNov
120.0000    0    2.000   1.0000          NULL 
122.0000    4    2.000   1.0000         pwRep
124.0000    4    2.000   1.0000         pwRep
126.0000    4    2.000   1.0000         pwRep
128.0000    5    2.000   1.0000         pwOrt
130.0000    0    2.000   1.0000          NULL 
132.0000    6    2.000   1.0000         pwNov
134.0000    3    2.000   1.0000         rwNov
136.0000    0    2.000   1.0000          NULL 
138.0000    5    2.000   1.0000         pwOrt
140.0000    2    2.000   1.0000         rwOrt
142.0000    4    2.000   1.0000         pwRep
144.0000    2    2.000   1.0000         rwOrt
146.0000    3    2.000   1.0000         rwNov
148.0000    2    2.000   1.0000         rwOrt
150.0000    4    2.000   1.0000         pwRep
152.0000    0    2.000   1.0000          NULL 
154.0000    3    2.000   1.0000         rwNov
156.0000    5    2.000   1.0000         pwOrt
158.0000    5    2.000   1.0000         pwOrt
160.0000    0    4.000   1.0000          NULL 
164.0000    1    2.000   1.0000         rwRep
166.0000    5    2.000   1.0000         pwOrt
168.0000    0    2.000   1.0000          NULL 
170.0000    5    2.000   1.0000         pwOrt
172.0000    4    2.000   1.0000         pwRep
174.0000    0    6.000   1.0000          NULL 
180.0000    6    2.000   1.0000         pwNov
182.0000    4    2.000   1.0000         pwRep
184.0000    0    2.000   1.0000          NULL 
186.0000    1    2.000   1.0000         rwRep
188.0000    0    6.000   1.0000          NULL 
194.0000    1    2.000   1.0000         rwRep
196.0000    3    2.000   1.0000         rwNov
198.0000    0    4.000   1.0000          NULL 
202.0000    6    2.000   1.0000         pwNov
204.0000    0    2.000   1.0000          NULL 
206.0000    4    2.000   1.0000         pwRep
208.0000    0    2.000   1.0000          NULL 
210.0000    3    2.000   1.0000         rwNov
212.0000    5    2.000   1.0000         pwOrt
214.0000    1    2.000   1.0000         rwRep
216.0000    0    2.000   1.0000          NULL 
218.0000    5    2.000   1.0000         pwOrt
220.0000    6    2.000   1.0000         pwNov
222.0000    6    2.000   1.0000         pwNov
224.0000    1    2.000   1.0000         rwRep
226.0000    6    2.000   1.0000         pwNov
228.0000    0    2.000   1.0000          NULL 
230.0000    2    2.000   1.0000         rwOrt
232.0000    6    2.000   1.0000         pwNov
234.0000    0    2.000   1.0000          NULL 
236.0000    1    2.000   1.0000         rwRep
238.0000    0    2.000   1.0000          NULL 
240.0000    1    2.000   1.0000         rwRep
242.0000    0    4.000   1.0000          NULL 
246.0000    2    2.000   1.0000         rwOrt
248.0000    0    2.000   1.0000          NULL 
250.0000    6    2.000   1.0000         pwNov
252.0000    6    2.000   1.0000         pwNov
254.0000    2    2.000   1.0000         rwOrt
256.0000    5    2.000   1.0000         pwOrt
258.0000    0    4.000   1.0000          NULL 
262.0000    2    2.000   1.0000         rwOrt
264.0000    0    2.000   1.0000          NULL 
266.0000    1    2.000   1.0000         rwRep
268.0000    5    2.000   1.0000         pwOrt
270.0000    5    2.000   1.0000         pwOrt
272.0000    3    2.000   1.0000         rwNov
274.0000    3    2.000   1.0000         rwNov
276.0000    6    2.000   1.0000         pwNov
278.0000    5    2.000   1.0000         pwOrt
280.0000    6    2.000   1.0000         pwNov
282.0000    3    2.000   1.0000         rwNov
284.0000    2    2.000   1.0000         rwOrt
286.0000    3    2.000   1.0000         rwNov
288.0000    0    2.000   1.0000          NULL 
290.0000    6    2.000   1.0000         pwNov
292.0000    0    6.000   1.0000          NULL 
298.0000    1    2.000   1.0000         rwRep
300.0000    3    2.000   1.0000         rwNov
302.0000    6    2.000   1.0000         pwNov
304.0000    3    2.000   1.0000         rwNov
306.0000    0    2.000   1.0000          NULL 
308.0000    6    2.000   1.0000         pwNov
310.0000    0    2.000   1.0000          NULL 
312.0000    3    2.000   1.0000         rwNov
314.0000    5    2.000   1.0000         pwOrt
316.0000    0    2.000   1.0000          NULL 
318.0000    6    2.000   1.0000         pwNov
320.0000    4    2.000   1.0000         pwRep
322.0000    1    2.000   1.0000         rwRep
324.0000    1    2.000   1.0000         rwRep
326.0000    4    2.000   1.0000         pwRep
328.0000    0    2.000   1.0000          NULL 
330.0000    5    2.000   1.0000         pwOrt
332.0000    0    2.000   1.0000          NULL 
334.0000    2    2.000   1.0000         rwOrt
336.0000    1    2.000   1.0000         rwRep
338.0000    2    2.000   1.0000         rwOrt
340.0000    5    2.000   1.0000         pwOrt
342.0000    6    2.000   1.0000         pwNov
344.0000    0    4.000   1.0000          NULL 
348.0000    5    2.000   1.0000         pwOrt
350.0000    4    2.000   1.0000         pwRep
352.0000    6    2.000   1.0000         pwNov
354.0000    0    2.000   1.0000          NULL 
356.0000    1    2.000   1.0000         rwRep
358.0000    2    2.000   1.0000         rwOrt
