  0.0000    1    2.000   1.0000         rwRep
  2.0000    1    2.000   1.0000         rwRep
  4.0000    1    2.000   1.0000         rwRep
  6.0000    0    2.000   1.0000          NULL 
  8.0000    6    2.000   1.0000         pwNov
 10.0000    0    2.000   1.0000          NULL 
 12.0000    4    2.000   1.0000         pwRep
 14.0000    0    2.000   1.0000          NULL 
 16.0000    3    2.000   1.0000         rwNov
 18.0000    3    2.000   1.0000         rwNov
 20.0000    2    2.000   1.0000         rwOrt
 22.0000    5    2.000   1.0000         pwOrt
 24.0000    0    4.000   1.0000          NULL 
 28.0000    3    2.000   1.0000         rwNov
 30.0000    0    2.000   1.0000          NULL 
 32.0000    3    2.000   1.0000         rwNov
 34.0000    3    2.000   1.0000         rwNov
 36.0000    6    2.000   1.0000         pwNov
 38.0000    2    2.000   1.0000         rwOrt
 40.0000    4    2.000   1.0000         pwRep
 42.0000    0    6.000   1.0000          NULL 
 48.0000    6    2.000   1.0000         pwNov
 50.0000    5    2.000   1.0000         pwOrt
 52.0000    5    2.000   1.0000         pwOrt
 54.0000    6    2.000   1.0000         pwNov
 56.0000    0    2.000   1.0000          NULL 
 58.0000    6    2.000   1.0000         pwNov
 60.0000    0    2.000   1.0000          NULL 
 62.0000    4    2.000   1.0000         pwRep
 64.0000    0    4.000   1.0000          NULL 
 68.0000    2    2.000   1.0000         rwOrt
 70.0000    3    2.000   1.0000         rwNov
 72.0000    1    2.000   1.0000         rwRep
 74.0000    6    2.000   1.0000         pwNov
 76.0000    5    2.000   1.0000         pwOrt
 78.0000    3    2.000   1.0000         rwNov
 80.0000    0    2.000   1.0000          NULL 
 82.0000    4    2.000   1.0000         pwRep
 84.0000    6    2.000   1.0000         pwNov
 86.0000    2    2.000   1.0000         rwOrt
 88.0000    1    2.000   1.0000         rwRep
 90.0000    4    2.000   1.0000         pwRep
 92.0000    2    2.000   1.0000         rwOrt
 94.0000    4    2.000   1.0000         pwRep
 96.0000    0    2.000   1.0000          NULL 
 98.0000    6    2.000   1.0000         pwNov
100.0000    0    6.000   1.0000          NULL 
106.0000    2    2.000   1.0000         rwOrt
108.0000    1    2.000   1.0000         rwRep
110.0000    0    2.000   1.0000          NULL 
112.0000    2    2.000   1.0000         rwOrt
114.0000    5    2.000   1.0000         pwOrt
116.0000    1    2.000   1.0000         rwRep
118.0000    4    2.000   1.0000         pwRep
120.0000    4    2.000   1.0000         pwRep
122.0000    5    2.000   1.0000         pwOrt
124.0000    3    2.000   1.0000         rwNov
126.0000    0    2.000   1.0000          NULL 
128.0000    4    2.000   1.0000         pwRep
130.0000    1    2.000   1.0000         rwRep
132.0000    0    2.000   1.0000          NULL 
134.0000    4    2.000   1.0000         pwRep
136.0000    4    2.000   1.0000         pwRep
138.0000    3    2.000   1.0000         rwNov
140.0000    0    6.000   1.0000          NULL 
146.0000    2    2.000   1.0000         rwOrt
148.0000    0    2.000   1.0000          NULL 
150.0000    2    2.000   1.0000         rwOrt
152.0000    2    2.000   1.0000         rwOrt
154.0000    0    2.000   1.0000          NULL 
156.0000    1    2.000   1.0000         rwRep
158.0000    3    2.000   1.0000         rwNov
160.0000    4    2.000   1.0000         pwRep
162.0000    0    2.000   1.0000          NULL 
164.0000    1    2.000   1.0000         rwRep
166.0000    5    2.000   1.0000         pwOrt
168.0000    0    2.000   1.0000          NULL 
170.0000    4    2.000   1.0000         pwRep
172.0000    0    2.000   1.0000          NULL 
174.0000    1    2.000   1.0000         rwRep
176.0000    4    2.000   1.0000         pwRep
178.0000    0    6.000   1.0000          NULL 
184.0000    2    2.000   1.0000         rwOrt
186.0000    0    2.000   1.0000          NULL 
188.0000    5    2.000   1.0000         pwOrt
190.0000    0    4.000   1.0000          NULL 
194.0000    5    2.000   1.0000         pwOrt
196.0000    3    2.000   1.0000         rwNov
198.0000    1    2.000   1.0000         rwRep
200.0000    1    2.000   1.0000         rwRep
202.0000    6    2.000   1.0000         pwNov
204.0000    0    2.000   1.0000          NULL 
206.0000    3    2.000   1.0000         rwNov
208.0000    5    2.000   1.0000         pwOrt
210.0000    0    4.000   1.0000          NULL 
214.0000    6    2.000   1.0000         pwNov
216.0000    5    2.000   1.0000         pwOrt
218.0000    5    2.000   1.0000         pwOrt
220.0000    2    2.000   1.0000         rwOrt
222.0000    0    4.000   1.0000          NULL 
226.0000    6    2.000   1.0000         pwNov
228.0000    5    2.000   1.0000         pwOrt
230.0000    4    2.000   1.0000         pwRep
232.0000    6    2.000   1.0000         pwNov
234.0000    2    2.000   1.0000         rwOrt
236.0000    1    2.000   1.0000         rwRep
238.0000    2    2.000   1.0000         rwOrt
240.0000    0    2.000   1.0000          NULL 
242.0000    4    2.000   1.0000         pwRep
244.0000    1    2.000   1.0000         rwRep
246.0000    6    2.000   1.0000         pwNov
248.0000    5    2.000   1.0000         pwOrt
250.0000    1    2.000   1.0000         rwRep
252.0000    2    2.000   1.0000         rwOrt
254.0000    3    2.000   1.0000         rwNov
256.0000    6    2.000   1.0000         pwNov
258.0000    3    2.000   1.0000         rwNov
260.0000    0    2.000   1.0000          NULL 
262.0000    3    2.000   1.0000         rwNov
264.0000    3    2.000   1.0000         rwNov
266.0000    1    2.000   1.0000         rwRep
268.0000    0    4.000   1.0000          NULL 
272.0000    1    2.000   1.0000         rwRep
274.0000    0    4.000   1.0000          NULL 
278.0000    2    2.000   1.0000         rwOrt
280.0000    1    2.000   1.0000         rwRep
282.0000    6    2.000   1.0000         pwNov
284.0000    4    2.000   1.0000         pwRep
286.0000    5    2.000   1.0000         pwOrt
288.0000    0    2.000   1.0000          NULL 
290.0000    2    2.000   1.0000         rwOrt
292.0000    2    2.000   1.0000         rwOrt
294.0000    6    2.000   1.0000         pwNov
296.0000    0    2.000   1.0000          NULL 
298.0000    2    2.000   1.0000         rwOrt
300.0000    0    6.000   1.0000          NULL 
306.0000    3    2.000   1.0000         rwNov
308.0000    0    4.000   1.0000          NULL 
312.0000    4    2.000   1.0000         pwRep
314.0000    5    2.000   1.0000         pwOrt
316.0000    2    2.000   1.0000         rwOrt
318.0000    6    2.000   1.0000         pwNov
320.0000    3    2.000   1.0000         rwNov
322.0000    0    2.000   1.0000          NULL 
324.0000    5    2.000   1.0000         pwOrt
326.0000    4    2.000   1.0000         pwRep
328.0000    0    6.000   1.0000          NULL 
334.0000    6    2.000   1.0000         pwNov
336.0000    6    2.000   1.0000         pwNov
338.0000    3    2.000   1.0000         rwNov
340.0000    3    2.000   1.0000         rwNov
342.0000    5    2.000   1.0000         pwOrt
344.0000    0    4.000   1.0000          NULL 
348.0000    5    2.000   1.0000         pwOrt
350.0000    5    2.000   1.0000         pwOrt
352.0000    4    2.000   1.0000         pwRep
354.0000    6    2.000   1.0000         pwNov
356.0000    0    2.000   1.0000          NULL 
358.0000    1    2.000   1.0000         rwRep
