  0.0000    1    2.000   1.0000         rwRep
  2.0000    5    2.000   1.0000         pwOrt
  4.0000    3    2.000   1.0000         rwNov
  6.0000    3    2.000   1.0000         rwNov
  8.0000    1    2.000   1.0000         rwRep
 10.0000    1    2.000   1.0000         rwRep
 12.0000    5    2.000   1.0000         pwOrt
 14.0000    1    2.000   1.0000         rwRep
 16.0000    1    2.000   1.0000         rwRep
 18.0000    0    2.000   1.0000          NULL 
 20.0000    2    2.000   1.0000         rwOrt
 22.0000    2    2.000   1.0000         rwOrt
 24.0000    3    2.000   1.0000         rwNov
 26.0000    4    2.000   1.0000         pwRep
 28.0000    6    2.000   1.0000         pwNov
 30.0000    5    2.000   1.0000         pwOrt
 32.0000    3    2.000   1.0000         rwNov
 34.0000    0    4.000   1.0000          NULL 
 38.0000    1    2.000   1.0000         rwRep
 40.0000    2    2.000   1.0000         rwOrt
 42.0000    0    2.000   1.0000          NULL 
 44.0000    5    2.000   1.0000         pwOrt
 46.0000    6    2.000   1.0000         pwNov
 48.0000    2    2.000   1.0000         rwOrt
 50.0000    4    2.000   1.0000         pwRep
 52.0000    0    2.000   1.0000          NULL 
 54.0000    1    2.000   1.0000         rwRep
 56.0000    4    2.000   1.0000         pwRep
 58.0000    6    2.000   1.0000         pwNov
 60.0000    3    2.000   1.0000         rwNov
 62.0000    1    2.000   1.0000         rwRep
 64.0000    6    2.000   1.0000         pwNov
 66.0000    0    4.000   1.0000          NULL 
 70.0000    4    2.000   1.0000         pwRep
 72.0000    0    4.000   1.0000          NULL 
 76.0000    1    2.000   1.0000         rwRep
 78.0000    4    2.000   1.0000         pwRep
 80.0000    1    2.000   1.0000         rwRep
 82.0000    0    2.000   1.0000          NULL 
 84.0000    1    2.000   1.0000         rwRep
 86.0000    0    2.000   1.0000          NULL 
 88.0000    4    2.000   1.0000         pwRep
 90.0000    4    2.000   1.0000         pwRep
 92.0000    3    2.000   1.0000         rwNov
 94.0000    4    2.000   1.0000         pwRep
 96.0000    3    2.000   1.0000         rwNov
 98.0000    3    2.000   1.0000         rwNov
100.0000    0    2.000   1.0000          NULL 
102.0000    2    2.000   1.0000         rwOrt
104.0000    0    2.000   1.0000          NULL 
106.0000    2    2.000   1.0000         rwOrt
108.0000    2    2.000   1.0000         rwOrt
110.0000    4    2.000   1.0000         pwRep
112.0000    4    2.000   1.0000         pwRep
114.0000    0    2.000   1.0000          NULL 
116.0000    3    2.000   1.0000         rwNov
118.0000    0    4.000   1.0000          NULL 
122.0000    3    2.000   1.0000         rwNov
124.0000    1    2.000   1.0000         rwRep
126.0000    4    2.000   1.0000         pwRep
128.0000    4    2.000   1.0000         pwRep
130.0000    5    2.000   1.0000         pwOrt
132.0000    0    2.000   1.0000          NULL 
134.0000    1    2.000   1.0000         rwRep
136.0000    2    2.000   1.0000         rwOrt
138.0000    1    2.000   1.0000         rwRep
140.0000    3    2.000   1.0000         rwNov
142.0000    4    2.000   1.0000         pwRep
144.0000    3    2.000   1.0000         rwNov
146.0000    2    2.000   1.0000         rwOrt
148.0000    0    4.000   1.0000          NULL 
152.0000    6    2.000   1.0000         pwNov
154.0000    2    2.000   1.0000         rwOrt
156.0000    0    2.000   1.0000          NULL 
158.0000    6    2.000   1.0000         pwNov
160.0000    0    2.000   1.0000          NULL 
162.0000    6    2.000   1.0000         pwNov
164.0000    0    4.000   1.0000          NULL 
168.0000    5    2.000   1.0000         pwOrt
170.0000    0    2.000   1.0000          NULL 
172.0000    1    2.000   1.0000         rwRep
174.0000    0    2.000   1.0000          NULL 
176.0000    4    2.000   1.0000         pwRep
178.0000    0    4.000   1.0000          NULL 
182.0000    5    2.000   1.0000         pwOrt
184.0000    4    2.000   1.0000         pwRep
186.0000    6    2.000   1.0000         pwNov
188.0000    2    2.000   1.0000         rwOrt
190.0000    0    2.000   1.0000          NULL 
192.0000    5    2.000   1.0000         pwOrt
194.0000    2    2.000   1.0000         rwOrt
196.0000    6    2.000   1.0000         pwNov
198.0000    6    2.000   1.0000         pwNov
200.0000    0    4.000   1.0000          NULL 
204.0000    5    2.000   1.0000         pwOrt
206.0000    5    2.000   1.0000         pwOrt
208.0000    0    2.000   1.0000          NULL 
210.0000    2    2.000   1.0000         rwOrt
212.0000    3    2.000   1.0000         rwNov
214.0000    0    4.000   1.0000          NULL 
218.0000    6    2.000   1.0000         pwNov
220.0000    6    2.000   1.0000         pwNov
222.0000    0    2.000   1.0000          NULL 
224.0000    3    2.000   1.0000         rwNov
226.0000    5    2.000   1.0000         pwOrt
228.0000    4    2.000   1.0000         pwRep
230.0000    5    2.000   1.0000         pwOrt
232.0000    6    2.000   1.0000         pwNov
234.0000    0    2.000   1.0000          NULL 
236.0000    2    2.000   1.0000         rwOrt
238.0000    3    2.000   1.0000         rwNov
240.0000    0    4.000   1.0000          NULL 
244.0000    2    2.000   1.0000         rwOrt
246.0000    0    2.000   1.0000          NULL 
248.0000    2    2.000   1.0000         rwOrt
250.0000    0    2.000   1.0000          NULL 
252.0000    2    2.000   1.0000         rwOrt
254.0000    5    2.000   1.0000         pwOrt
256.0000    0    2.000   1.0000          NULL 
258.0000    4    2.000   1.0000         pwRep
260.0000    1    2.000   1.0000         rwRep
262.0000    6    2.000   1.0000         pwNov
264.0000    3    2.000   1.0000         rwNov
266.0000    0    6.000   1.0000          NULL 
272.0000    3    2.000   1.0000         rwNov
274.0000    0    2.000   1.0000          NULL 
276.0000    2    2.000   1.0000         rwOrt
278.0000    1    2.000   1.0000         rwRep
280.0000    0    2.000   1.0000          NULL 
282.0000    3    2.000   1.0000         rwNov
284.0000    6    2.000   1.0000         pwNov
286.0000    0    2.000   1.0000          NULL 
288.0000    6    2.000   1.0000         pwNov
290.0000    0    2.000   1.0000          NULL 
292.0000    5    2.000   1.0000         pwOrt
294.0000    1    2.000   1.0000         rwRep
296.0000    5    2.000   1.0000         pwOrt
298.0000    0    2.000   1.0000          NULL 
300.0000    3    2.000   1.0000         rwNov
302.0000    0    2.000   1.0000          NULL 
304.0000    6    2.000   1.0000         pwNov
306.0000    1    2.000   1.0000         rwRep
308.0000    4    2.000   1.0000         pwRep
310.0000    6    2.000   1.0000         pwNov
312.0000    5    2.000   1.0000         pwOrt
314.0000    0    2.000   1.0000          NULL 
316.0000    2    2.000   1.0000         rwOrt
318.0000    2    2.000   1.0000         rwOrt
320.0000    5    2.000   1.0000         pwOrt
322.0000    5    2.000   1.0000         pwOrt
324.0000    0    2.000   1.0000          NULL 
326.0000    4    2.000   1.0000         pwRep
328.0000    3    2.000   1.0000         rwNov
330.0000    5    2.000   1.0000         pwOrt
332.0000    6    2.000   1.0000         pwNov
334.0000    0    8.000   1.0000          NULL 
342.0000    4    2.000   1.0000         pwRep
344.0000    0    6.000   1.0000          NULL 
350.0000    6    2.000   1.0000         pwNov
352.0000    0    2.000   1.0000          NULL 
354.0000    5    2.000   1.0000         pwOrt
356.0000    1    2.000   1.0000         rwRep
358.0000    0    2.000   1.0000          NULL 
