  0.0000    4    2.000   1.0000         pwRep
  2.0000    0    2.000   1.0000          NULL 
  4.0000    2    2.000   1.0000         rwOrt
  6.0000    5    2.000   1.0000         pwOrt
  8.0000    0    2.000   1.0000          NULL 
 10.0000    4    2.000   1.0000         pwRep
 12.0000    4    2.000   1.0000         pwRep
 14.0000    2    2.000   1.0000         rwOrt
 16.0000    1    2.000   1.0000         rwRep
 18.0000    1    2.000   1.0000         rwRep
 20.0000    3    2.000   1.0000         rwNov
 22.0000    1    2.000   1.0000         rwRep
 24.0000    6    2.000   1.0000         pwNov
 26.0000    2    2.000   1.0000         rwOrt
 28.0000    1    2.000   1.0000         rwRep
 30.0000    2    2.000   1.0000         rwOrt
 32.0000    2    2.000   1.0000         rwOrt
 34.0000    4    2.000   1.0000         pwRep
 36.0000    2    2.000   1.0000         rwOrt
 38.0000    4    2.000   1.0000         pwRep
 40.0000    3    2.000   1.0000         rwNov
 42.0000    1    2.000   1.0000         rwRep
 44.0000    1    2.000   1.0000         rwRep
 46.0000    3    2.000   1.0000         rwNov
 48.0000    0    2.000   1.0000          NULL 
 50.0000    5    2.000   1.0000         pwOrt
 52.0000    3    2.000   1.0000         rwNov
 54.0000    6    2.000   1.0000         pwNov
 56.0000    1    2.000   1.0000         rwRep
 58.0000    0    2.000   1.0000          NULL 
 60.0000    3    2.000   1.0000         rwNov
 62.0000    0    2.000   1.0000          NULL 
 64.0000    3    2.000   1.0000         rwNov
 66.0000    1    2.000   1.0000         rwRep
 68.0000    0    6.000   1.0000          NULL 
 74.0000    5    2.000   1.0000         pwOrt
 76.0000    6    2.000   1.0000         pwNov
 78.0000    3    2.000   1.0000         rwNov
 80.0000    6    2.000   1.0000         pwNov
 82.0000    6    2.000   1.0000         pwNov
 84.0000    0    2.000   1.0000          NULL 
 86.0000    3    2.000   1.0000         rwNov
 88.0000    6    2.000   1.0000         pwNov
 90.0000    2    2.000   1.0000         rwOrt
 92.0000    0    2.000   1.0000          NULL 
 94.0000    6    2.000   1.0000         pwNov
 96.0000    0    2.000   1.0000          NULL 
 98.0000    5    2.000   1.0000         pwOrt
100.0000    6    2.000   1.0000         pwNov
102.0000    1    2.000   1.0000         rwRep
104.0000    5    2.000   1.0000         pwOrt
106.0000    0    8.000   1.0000          NULL 
114.0000    4    2.000   1.0000         pwRep
116.0000    1    2.000   1.0000         rwRep
118.0000    0    2.000   1.0000          NULL 
120.0000    4    2.000   1.0000         pwRep
122.0000    0    2.000   1.0000          NULL 
124.0000    4    2.000   1.0000         pwRep
126.0000    0    2.000   1.0000          NULL 
128.0000    6    2.000   1.0000         pwNov
130.0000    0    4.000   1.0000          NULL 
134.0000    5    2.000   1.0000         pwOrt
136.0000    3    2.000   1.0000         rwNov
138.0000    3    2.000   1.0000         rwNov
140.0000    0    2.000   1.0000          NULL 
142.0000    3    2.000   1.0000         rwNov
144.0000    1    2.000   1.0000         rwRep
146.0000    3    2.000   1.0000         rwNov
148.0000    0    2.000   1.0000          NULL 
150.0000    4    2.000   1.0000         pwRep
152.0000    2    2.000   1.0000         rwOrt
154.0000    0    8.000   1.0000          NULL 
162.0000    6    2.000   1.0000         pwNov
164.0000    3    2.000   1.0000         rwNov
166.0000    4    2.000   1.0000         pwRep
168.0000    0    4.000   1.0000          NULL 
172.0000    6    2.000   1.0000         pwNov
174.0000    4    2.000   1.0000         pwRep
176.0000    3    2.000   1.0000         rwNov
178.0000    4    2.000   1.0000         pwRep
180.0000    0    2.000   1.0000          NULL 
182.0000    5    2.000   1.0000         pwOrt
184.0000    2    2.000   1.0000         rwOrt
186.0000    0    2.000   1.0000          NULL 
188.0000    3    2.000   1.0000         rwNov
190.0000    1    2.000   1.0000         rwRep
192.0000    0    2.000   1.0000          NULL 
194.0000    6    2.000   1.0000         pwNov
196.0000    5    2.000   1.0000         pwOrt
198.0000    0    2.000   1.0000          NULL 
200.0000    1    2.000   1.0000         rwRep
202.0000    4    2.000   1.0000         pwRep
204.0000    0    2.000   1.0000          NULL 
206.0000    5    2.000   1.0000         pwOrt
208.0000    0    2.000   1.0000          NULL 
210.0000    4    2.000   1.0000         pwRep
212.0000    0    4.000   1.0000          NULL 
216.0000    2    2.000   1.0000         rwOrt
218.0000    2    2.000   1.0000         rwOrt
220.0000    0    2.000   1.0000          NULL 
222.0000    4    2.000   1.0000         pwRep
224.0000    3    2.000   1.0000         rwNov
226.0000    5    2.000   1.0000         pwOrt
228.0000    4    2.000   1.0000         pwRep
230.0000    0    4.000   1.0000          NULL 
234.0000    2    2.000   1.0000         rwOrt
236.0000    6    2.000   1.0000         pwNov
238.0000    0    4.000   1.0000          NULL 
242.0000    2    2.000   1.0000         rwOrt
244.0000    4    2.000   1.0000         pwRep
246.0000    2    2.000   1.0000         rwOrt
248.0000    0    2.000   1.0000          NULL 
250.0000    1    2.000   1.0000         rwRep
252.0000    1    2.000   1.0000         rwRep
254.0000    0    4.000   1.0000          NULL 
258.0000    1    2.000   1.0000         rwRep
260.0000    0    2.000   1.0000          NULL 
262.0000    2    2.000   1.0000         rwOrt
264.0000    0    2.000   1.0000          NULL 
266.0000    6    2.000   1.0000         pwNov
268.0000    6    2.000   1.0000         pwNov
270.0000    5    2.000   1.0000         pwOrt
272.0000    5    2.000   1.0000         pwOrt
274.0000    6    2.000   1.0000         pwNov
276.0000    1    2.000   1.0000         rwRep
278.0000    1    2.000   1.0000         rwRep
280.0000    5    2.000   1.0000         pwOrt
282.0000    4    2.000   1.0000         pwRep
284.0000    2    2.000   1.0000         rwOrt
286.0000    5    2.000   1.0000         pwOrt
288.0000    2    2.000   1.0000         rwOrt
290.0000    0    4.000   1.0000          NULL 
294.0000    5    2.000   1.0000         pwOrt
296.0000    4    2.000   1.0000         pwRep
298.0000    3    2.000   1.0000         rwNov
300.0000    6    2.000   1.0000         pwNov
302.0000    6    2.000   1.0000         pwNov
304.0000    6    2.000   1.0000         pwNov
306.0000    0    6.000   1.0000          NULL 
312.0000    3    2.000   1.0000         rwNov
314.0000    0    2.000   1.0000          NULL 
316.0000    3    2.000   1.0000         rwNov
318.0000    0    2.000   1.0000          NULL 
320.0000    2    2.000   1.0000         rwOrt
322.0000    1    2.000   1.0000         rwRep
324.0000    5    2.000   1.0000         pwOrt
326.0000    0    4.000   1.0000          NULL 
330.0000    1    2.000   1.0000         rwRep
332.0000    3    2.000   1.0000         rwNov
334.0000    5    2.000   1.0000         pwOrt
336.0000    5    2.000   1.0000         pwOrt
338.0000    4    2.000   1.0000         pwRep
340.0000    0    2.000   1.0000          NULL 
342.0000    5    2.000   1.0000         pwOrt
344.0000    0    2.000   1.0000          NULL 
346.0000    5    2.000   1.0000         pwOrt
348.0000    0    2.000   1.0000          NULL 
350.0000    2    2.000   1.0000         rwOrt
352.0000    2    2.000   1.0000         rwOrt
354.0000    0    2.000   1.0000          NULL 
356.0000    6    2.000   1.0000         pwNov
358.0000    0    2.000   1.0000          NULL 
