  0.0000    3    2.000   1.0000         rwNov
  2.0000    3    2.000   1.0000         rwNov
  4.0000    2    2.000   1.0000         rwOrt
  6.0000    2    2.000   1.0000         rwOrt
  8.0000    3    2.000   1.0000         rwNov
 10.0000    2    2.000   1.0000         rwOrt
 12.0000    0    2.000   1.0000          NULL 
 14.0000    1    2.000   1.0000         rwRep
 16.0000    6    2.000   1.0000         pwNov
 18.0000    1    2.000   1.0000         rwRep
 20.0000    2    2.000   1.0000         rwOrt
 22.0000    6    2.000   1.0000         pwNov
 24.0000    4    2.000   1.0000         pwRep
 26.0000    4    2.000   1.0000         pwRep
 28.0000    6    2.000   1.0000         pwNov
 30.0000    0    2.000   1.0000          NULL 
 32.0000    1    2.000   1.0000         rwRep
 34.0000    4    2.000   1.0000         pwRep
 36.0000    0    2.000   1.0000          NULL 
 38.0000    4    2.000   1.0000         pwRep
 40.0000    6    2.000   1.0000         pwNov
 42.0000    4    2.000   1.0000         pwRep
 44.0000    4    2.000   1.0000         pwRep
 46.0000    6    2.000   1.0000         pwNov
 48.0000    0    2.000   1.0000          NULL 
 50.0000    3    2.000   1.0000         rwNov
 52.0000    0    2.000   1.0000          NULL 
 54.0000    1    2.000   1.0000         rwRep
 56.0000    0    4.000   1.0000          NULL 
 60.0000    5    2.000   1.0000         pwOrt
 62.0000    1    2.000   1.0000         rwRep
 64.0000    5    2.000   1.0000         pwOrt
 66.0000    0    4.000   1.0000          NULL 
 70.0000    3    2.000   1.0000         rwNov
 72.0000    3    2.000   1.0000         rwNov
 74.0000    2    2.000   1.0000         rwOrt
 76.0000    1    2.000   1.0000         rwRep
 78.0000    4    2.000   1.0000         pwRep
 80.0000    1    2.000   1.0000         rwRep
 82.0000    0    2.000   1.0000          NULL 
 84.0000    4    2.000   1.0000         pwRep
 86.0000    0    2.000   1.0000          NULL 
 88.0000    5    2.000   1.0000         pwOrt
 90.0000    0    2.000   1.0000          NULL 
 92.0000    5    2.000   1.0000         pwOrt
 94.0000    2    2.000   1.0000         rwOrt
 96.0000    3    2.000   1.0000         rwNov
 98.0000    4    2.000   1.0000         pwRep
100.0000    0    2.000   1.0000          NULL 
102.0000    6    2.000   1.0000         pwNov
104.0000    2    2.000   1.0000         rwOrt
106.0000    0    2.000   1.0000          NULL 
108.0000    1    2.000   1.0000         rwRep
110.0000    2    2.000   1.0000         rwOrt
112.0000    0    2.000   1.0000          NULL 
114.0000    2    2.000   1.0000         rwOrt
116.0000    0    8.000   1.0000          NULL 
124.0000    5    2.000   1.0000         pwOrt
126.0000    0    2.000   1.0000          NULL 
128.0000    6    2.000   1.0000         pwNov
130.0000    0    2.000   1.0000          NULL 
132.0000    2    2.000   1.0000         rwOrt
134.0000    0    4.000   1.0000          NULL 
138.0000    4    2.000   1.0000         pwRep
140.0000    6    2.000   1.0000         pwNov
142.0000    0    2.000   1.0000          NULL 
144.0000    4    2.000   1.0000         pwRep
146.0000    2    2.000   1.0000         rwOrt
148.0000    3    2.000   1.0000         rwNov
150.0000    1    2.000   1.0000         rwRep
152.0000    5    2.000   1.0000         pwOrt
154.0000    3    2.000   1.0000         rwNov
156.0000    0    2.000   1.0000          NULL 
158.0000    4    2.000   1.0000         pwRep
160.0000    0    4.000   1.0000          NULL 
164.0000    1    2.000   1.0000         rwRep
166.0000    5    2.000   1.0000         pwOrt
168.0000    6    2.000   1.0000         pwNov
170.0000    1    2.000   1.0000         rwRep
172.0000    2    2.000   1.0000         rwOrt
174.0000    0    4.000   1.0000          NULL 
178.0000    6    2.000   1.0000         pwNov
180.0000    2    2.000   1.0000         rwOrt
182.0000    4    2.000   1.0000         pwRep
184.0000    3    2.000   1.0000         rwNov
186.0000    0    2.000   1.0000          NULL 
188.0000    1    2.000   1.0000         rwRep
190.0000    1    2.000   1.0000         rwRep
192.0000    5    2.000   1.0000         pwOrt
194.0000    5    2.000   1.0000         pwOrt
196.0000    1    2.000   1.0000         rwRep
198.0000    0    2.000   1.0000          NULL 
200.0000    1    2.000   1.0000         rwRep
202.0000    0    4.000   1.0000          NULL 
206.0000    6    2.000   1.0000         pwNov
208.0000    0    6.000   1.0000          NULL 
214.0000    1    2.000   1.0000         rwRep
216.0000    5    2.000   1.0000         pwOrt
218.0000    0    2.000   1.0000          NULL 
220.0000    6    2.000   1.0000         pwNov
222.0000    6    2.000   1.0000         pwNov
224.0000    0    4.000   1.0000          NULL 
228.0000    5    2.000   1.0000         pwOrt
230.0000    3    2.000   1.0000         rwNov
232.0000    0    4.000   1.0000          NULL 
236.0000    5    2.000   1.0000         pwOrt
238.0000    3    2.000   1.0000         rwNov
240.0000    3    2.000   1.0000         rwNov
242.0000    0    2.000   1.0000          NULL 
244.0000    2    2.000   1.0000         rwOrt
246.0000    6    2.000   1.0000         pwNov
248.0000    5    2.000   1.0000         pwOrt
250.0000    6    2.000   1.0000         pwNov
252.0000    0    2.000   1.0000          NULL 
254.0000    3    2.000   1.0000         rwNov
256.0000    5    2.000   1.0000         pwOrt
258.0000    4    2.000   1.0000         pwRep
260.0000    5    2.000   1.0000         pwOrt
262.0000    0    4.000   1.0000          NULL 
266.0000    4    2.000   1.0000         pwRep
268.0000    2    2.000   1.0000         rwOrt
270.0000    3    2.000   1.0000         rwNov
272.0000    4    2.000   1.0000         pwRep
274.0000    2    2.000   1.0000         rwOrt
276.0000    1    2.000   1.0000         rwRep
278.0000    0    2.000   1.0000          NULL 
280.0000    3    2.000   1.0000         rwNov
282.0000    4    2.000   1.0000         pwRep
284.0000    0    2.000   1.0000          NULL 
286.0000    3    2.000   1.0000         rwNov
288.0000    3    2.000   1.0000         rwNov
290.0000    0    4.000   1.0000          NULL 
294.0000    2    2.000   1.0000         rwOrt
296.0000    0    2.000   1.0000          NULL 
298.0000    6    2.000   1.0000         pwNov
300.0000    4    2.000   1.0000         pwRep
302.0000    0    2.000   1.0000          NULL 
304.0000    2    2.000   1.0000         rwOrt
306.0000    4    2.000   1.0000         pwRep
308.0000    2    2.000   1.0000         rwOrt
310.0000    2    2.000   1.0000         rwOrt
312.0000    5    2.000   1.0000         pwOrt
314.0000    6    2.000   1.0000         pwNov
316.0000    0    4.000   1.0000          NULL 
320.0000    1    2.000   1.0000         rwRep
322.0000    5    2.000   1.0000         pwOrt
324.0000    5    2.000   1.0000         pwOrt
326.0000    5    2.000   1.0000         pwOrt
328.0000    6    2.000   1.0000         pwNov
330.0000    0    2.000   1.0000          NULL 
332.0000    1    2.000   1.0000         rwRep
334.0000    0    2.000   1.0000          NULL 
336.0000    3    2.000   1.0000         rwNov
338.0000    0    2.000   1.0000          NULL 
340.0000    5    2.000   1.0000         pwOrt
342.0000    0    2.000   1.0000          NULL 
344.0000    4    2.000   1.0000         pwRep
346.0000    1    2.000   1.0000         rwRep
348.0000    6    2.000   1.0000         pwNov
350.0000    3    2.000   1.0000         rwNov
352.0000    0    4.000   1.0000          NULL 
356.0000    6    2.000   1.0000         pwNov
358.0000    0    2.000   1.0000          NULL 
