  0.0000    1    2.000   1.0000         rwRep
  2.0000    6    2.000   1.0000         pwNov
  4.0000    1    2.000   1.0000         rwRep
  6.0000    0    6.000   1.0000          NULL 
 12.0000    3    2.000   1.0000         rwNov
 14.0000    4    2.000   1.0000         pwRep
 16.0000    6    2.000   1.0000         pwNov
 18.0000    4    2.000   1.0000         pwRep
 20.0000    1    2.000   1.0000         rwRep
 22.0000    2    2.000   1.0000         rwOrt
 24.0000    1    2.000   1.0000         rwRep
 26.0000    0    2.000   1.0000          NULL 
 28.0000    1    2.000   1.0000         rwRep
 30.0000    0    2.000   1.0000          NULL 
 32.0000    2    2.000   1.0000         rwOrt
 34.0000    0    4.000   1.0000          NULL 
 38.0000    2    2.000   1.0000         rwOrt
 40.0000    0    2.000   1.0000          NULL 
 42.0000    3    2.000   1.0000         rwNov
 44.0000    3    2.000   1.0000         rwNov
 46.0000    0    2.000   1.0000          NULL 
 48.0000    1    2.000   1.0000         rwRep
 50.0000    0    2.000   1.0000          NULL 
 52.0000    2    2.000   1.0000         rwOrt
 54.0000    0    2.000   1.0000          NULL 
 56.0000    3    2.000   1.0000         rwNov
 58.0000    3    2.000   1.0000         rwNov
 60.0000    4    2.000   1.0000         pwRep
 62.0000    0    2.000   1.0000          NULL 
 64.0000    2    2.000   1.0000         rwOrt
 66.0000    4    2.000   1.0000         pwRep
 68.0000    2    2.000   1.0000         rwOrt
 70.0000    6    2.000   1.0000         pwNov
 72.0000    4    2.000   1.0000         pwRep
 74.0000    3    2.000   1.0000         rwNov
 76.0000    3    2.000   1.0000         rwNov
 78.0000    3    2.000   1.0000         rwNov
 80.0000    0    2.000   1.0000          NULL 
 82.0000    6    2.000   1.0000         pwNov
 84.0000    5    2.000   1.0000         pwOrt
 86.0000    5    2.000   1.0000         pwOrt
 88.0000    0    2.000   1.0000          NULL 
 90.0000    1    2.000   1.0000         rwRep
 92.0000    4    2.000   1.0000         pwRep
 94.0000    6    2.000   1.0000         pwNov
 96.0000    1    2.000   1.0000         rwRep
 98.0000    4    2.000   1.0000         pwRep
100.0000    5    2.000   1.0000         pwOrt
102.0000    0    2.000   1.0000          NULL 
104.0000    6    2.000   1.0000         pwNov
106.0000    6    2.000   1.0000         pwNov
108.0000    3    2.000   1.0000         rwNov
110.0000    6    2.000   1.0000         pwNov
112.0000    0    2.000   1.0000          NULL 
114.0000    1    2.000   1.0000         rwRep
116.0000    4    2.000   1.0000         pwRep
118.0000    4    2.000   1.0000         pwRep
120.0000    1    2.000   1.0000         rwRep
122.0000    3    2.000   1.0000         rwNov
124.0000    4    2.000   1.0000         pwRep
126.0000    4    2.000   1.0000         pwRep
128.0000    0    4.000   1.0000          NULL 
132.0000    5    2.000   1.0000         pwOrt
134.0000    0    2.000   1.0000          NULL 
136.0000    4    2.000   1.0000         pwRep
138.0000    0    6.000   1.0000          NULL 
144.0000    1    2.000   1.0000         rwRep
146.0000    1    2.000   1.0000         rwRep
148.0000    0    2.000   1.0000          NULL 
150.0000    4    2.000   1.0000         pwRep
152.0000    2    2.000   1.0000         rwOrt
154.0000    1    2.000   1.0000         rwRep
156.0000    0    2.000   1.0000          NULL 
158.0000    4    2.000   1.0000         pwRep
160.0000    5    2.000   1.0000         pwOrt
162.0000    2    2.000   1.0000         rwOrt
164.0000    4    2.000   1.0000         pwRep
166.0000    6    2.000   1.0000         pwNov
168.0000    4    2.000   1.0000         pwRep
170.0000    0    6.000   1.0000          NULL 
176.0000    3    2.000   1.0000         rwNov
178.0000    5    2.000   1.0000         pwOrt
180.0000    1    2.000   1.0000         rwRep
182.0000    1    2.000   1.0000         rwRep
184.0000    6    2.000   1.0000         pwNov
186.0000    0    2.000   1.0000          NULL 
188.0000    5    2.000   1.0000         pwOrt
190.0000    1    2.000   1.0000         rwRep
192.0000    3    2.000   1.0000         rwNov
194.0000    6    2.000   1.0000         pwNov
196.0000    0    2.000   1.0000          NULL 
198.0000    6    2.000   1.0000         pwNov
200.0000    0    2.000   1.0000          NULL 
202.0000    6    2.000   1.0000         pwNov
204.0000    0    2.000   1.0000          NULL 
206.0000    3    2.000   1.0000         rwNov
208.0000    0    2.000   1.0000          NULL 
210.0000    5    2.000   1.0000         pwOrt
212.0000    2    2.000   1.0000         rwOrt
214.0000    1    2.000   1.0000         rwRep
216.0000    5    2.000   1.0000         pwOrt
218.0000    2    2.000   1.0000         rwOrt
220.0000    3    2.000   1.0000         rwNov
222.0000    2    2.000   1.0000         rwOrt
224.0000    5    2.000   1.0000         pwOrt
226.0000    2    2.000   1.0000         rwOrt
228.0000    2    2.000   1.0000         rwOrt
230.0000    5    2.000   1.0000         pwOrt
232.0000    5    2.000   1.0000         pwOrt
234.0000    0    2.000   1.0000          NULL 
236.0000    3    2.000   1.0000         rwNov
238.0000    3    2.000   1.0000         rwNov
240.0000    0    6.000   1.0000          NULL 
246.0000    4    2.000   1.0000         pwRep
248.0000    2    2.000   1.0000         rwOrt
250.0000    0    4.000   1.0000          NULL 
254.0000    5    2.000   1.0000         pwOrt
256.0000    3    2.000   1.0000         rwNov
258.0000    0    2.000   1.0000          NULL 
260.0000    2    2.000   1.0000         rwOrt
262.0000    4    2.000   1.0000         pwRep
264.0000    5    2.000   1.0000         pwOrt
266.0000    0    2.000   1.0000          NULL 
268.0000    5    2.000   1.0000         pwOrt
270.0000    6    2.000   1.0000         pwNov
272.0000    6    2.000   1.0000         pwNov
274.0000    1    2.000   1.0000         rwRep
276.0000    2    2.000   1.0000         rwOrt
278.0000    4    2.000   1.0000         pwRep
280.0000    5    2.000   1.0000         pwOrt
282.0000    0   10.000   1.0000          NULL 
292.0000    5    2.000   1.0000         pwOrt
294.0000    0    2.000   1.0000          NULL 
296.0000    3    2.000   1.0000         rwNov
298.0000    1    2.000   1.0000         rwRep
300.0000    5    2.000   1.0000         pwOrt
302.0000    3    2.000   1.0000         rwNov
304.0000    0    2.000   1.0000          NULL 
306.0000    1    2.000   1.0000         rwRep
308.0000    0    4.000   1.0000          NULL 
312.0000    6    2.000   1.0000         pwNov
314.0000    6    2.000   1.0000         pwNov
316.0000    4    2.000   1.0000         pwRep
318.0000    0    4.000   1.0000          NULL 
322.0000    2    2.000   1.0000         rwOrt
324.0000    0    2.000   1.0000          NULL 
326.0000    2    2.000   1.0000         rwOrt
328.0000    0    2.000   1.0000          NULL 
330.0000    2    2.000   1.0000         rwOrt
332.0000    0    4.000   1.0000          NULL 
336.0000    5    2.000   1.0000         pwOrt
338.0000    6    2.000   1.0000         pwNov
340.0000    0    4.000   1.0000          NULL 
344.0000    6    2.000   1.0000         pwNov
346.0000    0    4.000   1.0000          NULL 
350.0000    3    2.000   1.0000         rwNov
352.0000    2    2.000   1.0000         rwOrt
354.0000    0    2.000   1.0000          NULL 
356.0000    5    2.000   1.0000         pwOrt
358.0000    6    2.000   1.0000         pwNov
