  0.0000    3    2.000   1.0000         rwNov
  2.0000    3    2.000   1.0000         rwNov
  4.0000    3    2.000   1.0000         rwNov
  6.0000    1    2.000   1.0000         rwRep
  8.0000    0    2.000   1.0000          NULL 
 10.0000    2    2.000   1.0000         rwOrt
 12.0000    3    2.000   1.0000         rwNov
 14.0000    0    2.000   1.0000          NULL 
 16.0000    3    2.000   1.0000         rwNov
 18.0000    0    4.000   1.0000          NULL 
 22.0000    1    2.000   1.0000         rwRep
 24.0000    2    2.000   1.0000         rwOrt
 26.0000    5    2.000   1.0000         pwOrt
 28.0000    4    2.000   1.0000         pwRep
 30.0000    1    2.000   1.0000         rwRep
 32.0000    6    2.000   1.0000         pwNov
 34.0000    4    2.000   1.0000         pwRep
 36.0000    4    2.000   1.0000         pwRep
 38.0000    6    2.000   1.0000         pwNov
 40.0000    3    2.000   1.0000         rwNov
 42.0000    6    2.000   1.0000         pwNov
 44.0000    0    2.000   1.0000          NULL 
 46.0000    3    2.000   1.0000         rwNov
 48.0000    4    2.000   1.0000         pwRep
 50.0000    4    2.000   1.0000         pwRep
 52.0000    2    2.000   1.0000         rwOrt
 54.0000    5    2.000   1.0000         pwOrt
 56.0000    0    4.000   1.0000          NULL 
 60.0000    3    2.000   1.0000         rwNov
 62.0000    2    2.000   1.0000         rwOrt
 64.0000    6    2.000   1.0000         pwNov
 66.0000    6    2.000   1.0000         pwNov
 68.0000    2    2.000   1.0000         rwOrt
 70.0000    4    2.000   1.0000         pwRep
 72.0000    3    2.000   1.0000         rwNov
 74.0000    0    6.000   1.0000          NULL 
 80.0000    4    2.000   1.0000         pwRep
 82.0000    0    4.000   1.0000          NULL 
 86.0000    3    2.000   1.0000         rwNov
 88.0000    4    2.000   1.0000         pwRep
 90.0000    0    2.000   1.0000          NULL 
 92.0000    3    2.000   1.0000         rwNov
 94.0000    5    2.000   1.0000         pwOrt
 96.0000    6    2.000   1.0000         pwNov
 98.0000    1    2.000   1.0000         rwRep
100.0000    6    2.000   1.0000         pwNov
102.0000    0    2.000   1.0000          NULL 
104.0000    4    2.000   1.0000         pwRep
106.0000    0    4.000   1.0000          NULL 
110.0000    6    2.000   1.0000         pwNov
112.0000    3    2.000   1.0000         rwNov
114.0000    0    2.000   1.0000          NULL 
116.0000    6    2.000   1.0000         pwNov
118.0000    5    2.000   1.0000         pwOrt
120.0000    1    2.000   1.0000         rwRep
122.0000    4    2.000   1.0000         pwRep
124.0000    4    2.000   1.0000         pwRep
126.0000    0    2.000   1.0000          NULL 
128.0000    6    2.000   1.0000         pwNov
130.0000    4    2.000   1.0000         pwRep
132.0000    1    2.000   1.0000         rwRep
134.0000    2    2.000   1.0000         rwOrt
136.0000    1    2.000   1.0000         rwRep
138.0000    0    4.000   1.0000          NULL 
142.0000    6    2.000   1.0000         pwNov
144.0000    4    2.000   1.0000         pwRep
146.0000    5    2.000   1.0000         pwOrt
148.0000    5    2.000   1.0000         pwOrt
150.0000    3    2.000   1.0000         rwNov
152.0000    5    2.000   1.0000         pwOrt
154.0000    0    2.000   1.0000          NULL 
156.0000    4    2.000   1.0000         pwRep
158.0000    0    6.000   1.0000          NULL 
164.0000    5    2.000   1.0000         pwOrt
166.0000    0    4.000   1.0000          NULL 
170.0000    6    2.000   1.0000         pwNov
172.0000    0    4.000   1.0000          NULL 
176.0000    1    2.000   1.0000         rwRep
178.0000    2    2.000   1.0000         rwOrt
180.0000    4    2.000   1.0000         pwRep
182.0000    5    2.000   1.0000         pwOrt
184.0000    5    2.000   1.0000         pwOrt
186.0000    0    8.000   1.0000          NULL 
194.0000    3    2.000   1.0000         rwNov
196.0000    1    2.000   1.0000         rwRep
198.0000    1    2.000   1.0000         rwRep
200.0000    4    2.000   1.0000         pwRep
202.0000    6    2.000   1.0000         pwNov
204.0000    1    2.000   1.0000         rwRep
206.0000    0    2.000   1.0000          NULL 
208.0000    2    2.000   1.0000         rwOrt
210.0000    0    2.000   1.0000          NULL 
212.0000    6    2.000   1.0000         pwNov
214.0000    2    2.000   1.0000         rwOrt
216.0000    0    2.000   1.0000          NULL 
218.0000    3    2.000   1.0000         rwNov
220.0000    0    2.000   1.0000          NULL 
222.0000    5    2.000   1.0000         pwOrt
224.0000    0    2.000   1.0000          NULL 
226.0000    3    2.000   1.0000         rwNov
228.0000    1    2.000   1.0000         rwRep
230.0000    0    2.000   1.0000          NULL 
232.0000    3    2.000   1.0000         rwNov
234.0000    2    2.000   1.0000         rwOrt
236.0000    5    2.000   1.0000         pwOrt
238.0000    1    2.000   1.0000         rwRep
240.0000    1    2.000   1.0000         rwRep
242.0000    4    2.000   1.0000         pwRep
244.0000    0    2.000   1.0000          NULL 
246.0000    2    2.000   1.0000         rwOrt
248.0000    6    2.000   1.0000         pwNov
250.0000    5    2.000   1.0000         pwOrt
252.0000    4    2.000   1.0000         pwRep
254.0000    3    2.000   1.0000         rwNov
256.0000    0    2.000   1.0000          NULL 
258.0000    1    2.000   1.0000         rwRep
260.0000    0    2.000   1.0000          NULL 
262.0000    6    2.000   1.0000         pwNov
264.0000    0    2.000   1.0000          NULL 
266.0000    2    2.000   1.0000         rwOrt
268.0000    1    2.000   1.0000         rwRep
270.0000    1    2.000   1.0000         rwRep
272.0000    1    2.000   1.0000         rwRep
274.0000    3    2.000   1.0000         rwNov
276.0000    6    2.000   1.0000         pwNov
278.0000    0    4.000   1.0000          NULL 
282.0000    6    2.000   1.0000         pwNov
284.0000    0    2.000   1.0000          NULL 
286.0000    5    2.000   1.0000         pwOrt
288.0000    0    4.000   1.0000          NULL 
292.0000    2    2.000   1.0000         rwOrt
294.0000    0    2.000   1.0000          NULL 
296.0000    2    2.000   1.0000         rwOrt
298.0000    5    2.000   1.0000         pwOrt
300.0000    0    4.000   1.0000          NULL 
304.0000    6    2.000   1.0000         pwNov
306.0000    5    2.000   1.0000         pwOrt
308.0000    0    6.000   1.0000          NULL 
314.0000    6    2.000   1.0000         pwNov
316.0000    3    2.000   1.0000         rwNov
318.0000    0    2.000   1.0000          NULL 
320.0000    2    2.000   1.0000         rwOrt
322.0000    0    6.000   1.0000          NULL 
328.0000    4    2.000   1.0000         pwRep
330.0000    0    2.000   1.0000          NULL 
332.0000    2    2.000   1.0000         rwOrt
334.0000    5    2.000   1.0000         pwOrt
336.0000    2    2.000   1.0000         rwOrt
338.0000    0    2.000   1.0000          NULL 
340.0000    1    2.000   1.0000         rwRep
342.0000    4    2.000   1.0000         pwRep
344.0000    1    2.000   1.0000         rwRep
346.0000    5    2.000   1.0000         pwOrt
348.0000    5    2.000   1.0000         pwOrt
350.0000    2    2.000   1.0000         rwOrt
352.0000    5    2.000   1.0000         pwOrt
354.0000    2    2.000   1.0000         rwOrt
356.0000    0    2.000   1.0000          NULL 
358.0000    2    2.000   1.0000         rwOrt
