  0.0000    1    2.000   1.0000         rwRep
  2.0000    2    2.000   1.0000         rwOrt
  4.0000    0    2.000   1.0000          NULL 
  6.0000    1    2.000   1.0000         rwRep
  8.0000    6    2.000   1.0000         pwNov
 10.0000    0    2.000   1.0000          NULL 
 12.0000    5    2.000   1.0000         pwOrt
 14.0000    1    2.000   1.0000         rwRep
 16.0000    2    2.000   1.0000         rwOrt
 18.0000    6    2.000   1.0000         pwNov
 20.0000    2    2.000   1.0000         rwOrt
 22.0000    0    4.000   1.0000          NULL 
 26.0000    1    2.000   1.0000         rwRep
 28.0000    0    6.000   1.0000          NULL 
 34.0000    3    2.000   1.0000         rwNov
 36.0000    4    2.000   1.0000         pwRep
 38.0000    3    2.000   1.0000         rwNov
 40.0000    5    2.000   1.0000         pwOrt
 42.0000    4    2.000   1.0000         pwRep
 44.0000    5    2.000   1.0000         pwOrt
 46.0000    3    2.000   1.0000         rwNov
 48.0000    0    2.000   1.0000          NULL 
 50.0000    4    2.000   1.0000         pwRep
 52.0000    2    2.000   1.0000         rwOrt
 54.0000    6    2.000   1.0000         pwNov
 56.0000    2    2.000   1.0000         rwOrt
 58.0000    0    2.000   1.0000          NULL 
 60.0000    6    2.000   1.0000         pwNov
 62.0000    0    2.000   1.0000          NULL 
 64.0000    2    2.000   1.0000         rwOrt
 66.0000    1    2.000   1.0000         rwRep
 68.0000    4    2.000   1.0000         pwRep
 70.0000    0    4.000   1.0000          NULL 
 74.0000    5    2.000   1.0000         pwOrt
 76.0000    2    2.000   1.0000         rwOrt
 78.0000    2    2.000   1.0000         rwOrt
 80.0000    4    2.000   1.0000         pwRep
 82.0000    4    2.000   1.0000         pwRep
 84.0000    0    2.000   1.0000          NULL 
 86.0000    3    2.000   1.0000         rwNov
 88.0000    5    2.000   1.0000         pwOrt
 90.0000    2    2.000   1.0000         rwOrt
 92.0000    1    2.000   1.0000         rwRep
 94.0000    2    2.000   1.0000         rwOrt
 96.0000    5    2.000   1.0000         pwOrt
 98.0000    1    2.000   1.0000         rwRep
100.0000    6    2.000   1.0000         pwNov
102.0000    0    6.000   1.0000          NULL 
108.0000    4    2.000   1.0000         pwRep
110.0000    5    2.000   1.0000         pwOrt
112.0000    6    2.000   1.0000         pwNov
114.0000    6    2.000   1.0000         pwNov
116.0000    1    2.000   1.0000         rwRep
118.0000    0    6.000   1.0000          NULL 
124.0000    1    2.000   1.0000         rwRep
126.0000    4    2.000   1.0000         pwRep
128.0000    0    2.000   1.0000          NULL 
130.0000    2    2.000   1.0000         rwOrt
132.0000    0    2.000   1.0000          NULL 
134.0000    5    2.000   1.0000         pwOrt
136.0000    3    2.000   1.0000         rwNov
138.0000    0    6.000   1.0000          NULL 
144.0000    5    2.000   1.0000         pwOrt
146.0000    0    4.000   1.0000          NULL 
150.0000    3    2.000   1.0000         rwNov
152.0000    2    2.000   1.0000         rwOrt
154.0000    5    2.000   1.0000         pwOrt
156.0000    0    2.000   1.0000          NULL 
158.0000    3    2.000   1.0000         rwNov
160.0000    1    2.000   1.0000         rwRep
162.0000    5    2.000   1.0000         pwOrt
164.0000    5    2.000   1.0000         pwOrt
166.0000    1    2.000   1.0000         rwRep
168.0000    3    2.000   1.0000         rwNov
170.0000    0    2.000   1.0000          NULL 
172.0000    6    2.000   1.0000         pwNov
174.0000    6    2.000   1.0000         pwNov
176.0000    2    2.000   1.0000         rwOrt
178.0000    0    2.000   1.0000          NULL 
180.0000    5    2.000   1.0000         pwOrt
182.0000    6    2.000   1.0000         pwNov
184.0000    2    2.000   1.0000         rwOrt
186.0000    0    2.000   1.0000          NULL 
188.0000    2    2.000   1.0000         rwOrt
190.0000    0    2.000   1.0000          NULL 
192.0000    4    2.000   1.0000         pwRep
194.0000    6    2.000   1.0000         pwNov
196.0000    5    2.000   1.0000         pwOrt
198.0000    3    2.000   1.0000         rwNov
200.0000    6    2.000   1.0000         pwNov
202.0000    0    2.000   1.0000          NULL 
204.0000    2    2.000   1.0000         rwOrt
206.0000    3    2.000   1.0000         rwNov
208.0000    6    2.000   1.0000         pwNov
210.0000    0    2.000   1.0000          NULL 
212.0000    5    2.000   1.0000         pwOrt
214.0000    6    2.000   1.0000         pwNov
216.0000    3    2.000   1.0000         rwNov
218.0000    0    2.000   1.0000          NULL 
220.0000    1    2.000   1.0000         rwRep
222.0000    1    2.000   1.0000         rwRep
224.0000    0    2.000   1.0000          NULL 
226.0000    6    2.000   1.0000         pwNov
228.0000    0    2.000   1.0000          NULL 
230.0000    1    2.000   1.0000         rwRep
232.0000    5    2.000   1.0000         pwOrt
234.0000    0    2.000   1.0000          NULL 
236.0000    5    2.000   1.0000         pwOrt
238.0000    0    4.000   1.0000          NULL 
242.0000    4    2.000   1.0000         pwRep
244.0000    4    2.000   1.0000         pwRep
246.0000    4    2.000   1.0000         pwRep
248.0000    1    2.000   1.0000         rwRep
250.0000    0    2.000   1.0000          NULL 
252.0000    6    2.000   1.0000         pwNov
254.0000    6    2.000   1.0000         pwNov
256.0000    0    2.000   1.0000          NULL 
258.0000    4    2.000   1.0000         pwRep
260.0000    3    2.000   1.0000         rwNov
262.0000    0    2.000   1.0000          NULL 
264.0000    1    2.000   1.0000         rwRep
266.0000    0    2.000   1.0000          NULL 
268.0000    6    2.000   1.0000         pwNov
270.0000    0    2.000   1.0000          NULL 
272.0000    2    2.000   1.0000         rwOrt
274.0000    0    4.000   1.0000          NULL 
278.0000    1    2.000   1.0000         rwRep
280.0000    3    2.000   1.0000         rwNov
282.0000    1    2.000   1.0000         rwRep
284.0000    2    2.000   1.0000         rwOrt
286.0000    0    2.000   1.0000          NULL 
288.0000    3    2.000   1.0000         rwNov
290.0000    5    2.000   1.0000         pwOrt
292.0000    3    2.000   1.0000         rwNov
294.0000    4    2.000   1.0000         pwRep
296.0000    0    2.000   1.0000          NULL 
298.0000    3    2.000   1.0000         rwNov
300.0000    0    4.000   1.0000          NULL 
304.0000    4    2.000   1.0000         pwRep
306.0000    1    2.000   1.0000         rwRep
308.0000    0    2.000   1.0000          NULL 
310.0000    4    2.000   1.0000         pwRep
312.0000    0    2.000   1.0000          NULL 
314.0000    4    2.000   1.0000         pwRep
316.0000    0    2.000   1.0000          NULL 
318.0000    6    2.000   1.0000         pwNov
320.0000    1    2.000   1.0000         rwRep
322.0000    4    2.000   1.0000         pwRep
324.0000    0    4.000   1.0000          NULL 
328.0000    2    2.000   1.0000         rwOrt
330.0000    3    2.000   1.0000         rwNov
332.0000    3    2.000   1.0000         rwNov
334.0000    5    2.000   1.0000         pwOrt
336.0000    5    2.000   1.0000         pwOrt
338.0000    0    2.000   1.0000          NULL 
340.0000    2    2.000   1.0000         rwOrt
342.0000    0    4.000   1.0000          NULL 
346.0000    4    2.000   1.0000         pwRep
348.0000    6    2.000   1.0000         pwNov
350.0000    0    2.000   1.0000          NULL 
352.0000    3    2.000   1.0000         rwNov
354.0000    0    2.000   1.0000          NULL 
356.0000    3    2.000   1.0000         rwNov
358.0000    4    2.000   1.0000         pwRep
