  0.0000    1    2.000   1.0000         rwRep
  2.0000    0    2.000   1.0000          NULL 
  4.0000    2    2.000   1.0000         rwOrt
  6.0000    2    2.000   1.0000         rwOrt
  8.0000    2    2.000   1.0000         rwOrt
 10.0000    1    2.000   1.0000         rwRep
 12.0000    5    2.000   1.0000         pwOrt
 14.0000    3    2.000   1.0000         rwNov
 16.0000    3    2.000   1.0000         rwNov
 18.0000    0    2.000   1.0000          NULL 
 20.0000    3    2.000   1.0000         rwNov
 22.0000    4    2.000   1.0000         pwRep
 24.0000    5    2.000   1.0000         pwOrt
 26.0000    1    2.000   1.0000         rwRep
 28.0000    0   10.000   1.0000          NULL 
 38.0000    5    2.000   1.0000         pwOrt
 40.0000    0    2.000   1.0000          NULL 
 42.0000    4    2.000   1.0000         pwRep
 44.0000    4    2.000   1.0000         pwRep
 46.0000    0    4.000   1.0000          NULL 
 50.0000    4    2.000   1.0000         pwRep
 52.0000    0    2.000   1.0000          NULL 
 54.0000    2    2.000   1.0000         rwOrt
 56.0000    3    2.000   1.0000         rwNov
 58.0000    5    2.000   1.0000         pwOrt
 60.0000    0    2.000   1.0000          NULL 
 62.0000    1    2.000   1.0000         rwRep
 64.0000    2    2.000   1.0000         rwOrt
 66.0000    2    2.000   1.0000         rwOrt
 68.0000    0    2.000   1.0000          NULL 
 70.0000    2    2.000   1.0000         rwOrt
 72.0000    0    2.000   1.0000          NULL 
 74.0000    3    2.000   1.0000         rwNov
 76.0000    1    2.000   1.0000         rwRep
 78.0000    6    2.000   1.0000         pwNov
 80.0000    6    2.000   1.0000         pwNov
 82.0000    4    2.000   1.0000         pwRep
 84.0000    2    2.000   1.0000         rwOrt
 86.0000    0    2.000   1.0000          NULL 
 88.0000    3    2.000   1.0000         rwNov
 90.0000    2    2.000   1.0000         rwOrt
 92.0000    0    2.000   1.0000          NULL 
 94.0000    3    2.000   1.0000         rwNov
 96.0000    5    2.000   1.0000         pwOrt
 98.0000    6    2.000   1.0000         pwNov
100.0000    2    2.000   1.0000         rwOrt
102.0000    0    4.000   1.0000          NULL 
106.0000    5    2.000   1.0000         pwOrt
108.0000    4    2.000   1.0000         pwRep
110.0000    1    2.000   1.0000         rwRep
112.0000    3    2.000   1.0000         rwNov
114.0000    5    2.000   1.0000         pwOrt
116.0000    0    4.000   1.0000          NULL 
120.0000    2    2.000   1.0000         rwOrt
122.0000    0    4.000   1.0000          NULL 
126.0000    4    2.000   1.0000         pwRep
128.0000    2    2.000   1.0000         rwOrt
130.0000    1    2.000   1.0000         rwRep
132.0000    0    4.000   1.0000          NULL 
136.0000    6    2.000   1.0000         pwNov
138.0000    3    2.000   1.0000         rwNov
140.0000    0    4.000   1.0000          NULL 
144.0000    1    2.000   1.0000         rwRep
146.0000    3    2.000   1.0000         rwNov
148.0000    3    2.000   1.0000         rwNov
150.0000    1    2.000   1.0000         rwRep
152.0000    4    2.000   1.0000         pwRep
154.0000    4    2.000   1.0000         pwRep
156.0000    6    2.000   1.0000         pwNov
158.0000    6    2.000   1.0000         pwNov
160.0000    3    2.000   1.0000         rwNov
162.0000    0    2.000   1.0000          NULL 
164.0000    4    2.000   1.0000         pwRep
166.0000    0    2.000   1.0000          NULL 
168.0000    1    2.000   1.0000         rwRep
170.0000    6    2.000   1.0000         pwNov
172.0000    4    2.000   1.0000         pwRep
174.0000    4    2.000   1.0000         pwRep
176.0000    6    2.000   1.0000         pwNov
178.0000    0    2.000   1.0000          NULL 
180.0000    5    2.000   1.0000         pwOrt
182.0000    3    2.000   1.0000         rwNov
184.0000    4    2.000   1.0000         pwRep
186.0000    0    6.000   1.0000          NULL 
192.0000    4    2.000   1.0000         pwRep
194.0000    0    2.000   1.0000          NULL 
196.0000    5    2.000   1.0000         pwOrt
198.0000    0    2.000   1.0000          NULL 
200.0000    6    2.000   1.0000         pwNov
202.0000    6    2.000   1.0000         pwNov
204.0000    0    2.000   1.0000          NULL 
206.0000    2    2.000   1.0000         rwOrt
208.0000    2    2.000   1.0000         rwOrt
210.0000    0    2.000   1.0000          NULL 
212.0000    6    2.000   1.0000         pwNov
214.0000    3    2.000   1.0000         rwNov
216.0000    5    2.000   1.0000         pwOrt
218.0000    6    2.000   1.0000         pwNov
220.0000    5    2.000   1.0000         pwOrt
222.0000    0    4.000   1.0000          NULL 
226.0000    1    2.000   1.0000         rwRep
228.0000    1    2.000   1.0000         rwRep
230.0000    5    2.000   1.0000         pwOrt
232.0000    2    2.000   1.0000         rwOrt
234.0000    0    2.000   1.0000          NULL 
236.0000    1    2.000   1.0000         rwRep
238.0000    5    2.000   1.0000         pwOrt
240.0000    3    2.000   1.0000         rwNov
242.0000    0    2.000   1.0000          NULL 
244.0000    1    2.000   1.0000         rwRep
246.0000    4    2.000   1.0000         pwRep
248.0000    0    4.000   1.0000          NULL 
252.0000    5    2.000   1.0000         pwOrt
254.0000    0    2.000   1.0000          NULL 
256.0000    3    2.000   1.0000         rwNov
258.0000    0    2.000   1.0000          NULL 
260.0000    6    2.000   1.0000         pwNov
262.0000    1    2.000   1.0000         rwRep
264.0000    0    2.000   1.0000          NULL 
266.0000    5    2.000   1.0000         pwOrt
268.0000    0    2.000   1.0000          NULL 
270.0000    6    2.000   1.0000         pwNov
272.0000    2    2.000   1.0000         rwOrt
274.0000    6    2.000   1.0000         pwNov
276.0000    0    4.000   1.0000          NULL 
280.0000    3    2.000   1.0000         rwNov
282.0000    5    2.000   1.0000         pwOrt
284.0000    4    2.000   1.0000         pwRep
286.0000    1    2.000   1.0000         rwRep
288.0000    0    2.000   1.0000          NULL 
290.0000    3    2.000   1.0000         rwNov
292.0000    0    2.000   1.0000          NULL 
294.0000    3    2.000   1.0000         rwNov
296.0000    0    2.000   1.0000          NULL 
298.0000    5    2.000   1.0000         pwOrt
300.0000    1    2.000   1.0000         rwRep
302.0000    6    2.000   1.0000         pwNov
304.0000    4    2.000   1.0000         pwRep
306.0000    6    2.000   1.0000         pwNov
308.0000    4    2.000   1.0000         pwRep
310.0000    2    2.000   1.0000         rwOrt
312.0000    0    2.000   1.0000          NULL 
314.0000    4    2.000   1.0000         pwRep
316.0000    5    2.000   1.0000         pwOrt
318.0000    0    2.000   1.0000          NULL 
320.0000    1    2.000   1.0000         rwRep
322.0000    0    2.000   1.0000          NULL 
324.0000    1    2.000   1.0000         rwRep
326.0000    1    2.000   1.0000         rwRep
328.0000    0    2.000   1.0000          NULL 
330.0000    6    2.000   1.0000         pwNov
332.0000    0    2.000   1.0000          NULL 
334.0000    2    2.000   1.0000         rwOrt
336.0000    0    4.000   1.0000          NULL 
340.0000    2    2.000   1.0000         rwOrt
342.0000    3    2.000   1.0000         rwNov
344.0000    4    2.000   1.0000         pwRep
346.0000    5    2.000   1.0000         pwOrt
348.0000    0    2.000   1.0000          NULL 
350.0000    5    2.000   1.0000         pwOrt
352.0000    0    2.000   1.0000          NULL 
354.0000    6    2.000   1.0000         pwNov
356.0000    6    2.000   1.0000         pwNov
358.0000    2    2.000   1.0000         rwOrt
