  0.0000    1    2.000   1.0000         rwRep
  2.0000    0    2.000   1.0000          NULL 
  4.0000    4    2.000   1.0000         pwRep
  6.0000    5    2.000   1.0000         pwOrt
  8.0000    4    2.000   1.0000         pwRep
 10.0000    3    2.000   1.0000         rwNov
 12.0000    5    2.000   1.0000         pwOrt
 14.0000    0    2.000   1.0000          NULL 
 16.0000    2    2.000   1.0000         rwOrt
 18.0000    1    2.000   1.0000         rwRep
 20.0000    1    2.000   1.0000         rwRep
 22.0000    5    2.000   1.0000         pwOrt
 24.0000    3    2.000   1.0000         rwNov
 26.0000    0    4.000   1.0000          NULL 
 30.0000    2    2.000   1.0000         rwOrt
 32.0000    0    4.000   1.0000          NULL 
 36.0000    1    2.000   1.0000         rwRep
 38.0000    4    2.000   1.0000         pwRep
 40.0000    5    2.000   1.0000         pwOrt
 42.0000    3    2.000   1.0000         rwNov
 44.0000    0    2.000   1.0000          NULL 
 46.0000    3    2.000   1.0000         rwNov
 48.0000    3    2.000   1.0000         rwNov
 50.0000    0    2.000   1.0000          NULL 
 52.0000    4    2.000   1.0000         pwRep
 54.0000    6    2.000   1.0000         pwNov
 56.0000    0    4.000   1.0000          NULL 
 60.0000    5    2.000   1.0000         pwOrt
 62.0000    2    2.000   1.0000         rwOrt
 64.0000    4    2.000   1.0000         pwRep
 66.0000    0    2.000   1.0000          NULL 
 68.0000    3    2.000   1.0000         rwNov
 70.0000    1    2.000   1.0000         rwRep
 72.0000    2    2.000   1.0000         rwOrt
 74.0000    6    2.000   1.0000         pwNov
 76.0000    2    2.000   1.0000         rwOrt
 78.0000    2    2.000   1.0000         rwOrt
 80.0000    0    6.000   1.0000          NULL 
 86.0000    6    2.000   1.0000         pwNov
 88.0000    2    2.000   1.0000         rwOrt
 90.0000    0    4.000   1.0000          NULL 
 94.0000    3    2.000   1.0000         rwNov
 96.0000    0    2.000   1.0000          NULL 
 98.0000    6    2.000   1.0000         pwNov
100.0000    0    2.000   1.0000          NULL 
102.0000    5    2.000   1.0000         pwOrt
104.0000    0    4.000   1.0000          NULL 
108.0000    4    2.000   1.0000         pwRep
110.0000    4    2.000   1.0000         pwRep
112.0000    5    2.000   1.0000         pwOrt
114.0000    2    2.000   1.0000         rwOrt
116.0000    4    2.000   1.0000         pwRep
118.0000    0    2.000   1.0000          NULL 
120.0000    5    2.000   1.0000         pwOrt
122.0000    6    2.000   1.0000         pwNov
124.0000    5    2.000   1.0000         pwOrt
126.0000    2    2.000   1.0000         rwOrt
128.0000    0    2.000   1.0000          NULL 
130.0000    3    2.000   1.0000         rwNov
132.0000    0    2.000   1.0000          NULL 
134.0000    6    2.000   1.0000         pwNov
136.0000    6    2.000   1.0000         pwNov
138.0000    5    2.000   1.0000         pwOrt
140.0000    5    2.000   1.0000         pwOrt
142.0000    1    2.000   1.0000         rwRep
144.0000    0    4.000   1.0000          NULL 
148.0000    4    2.000   1.0000         pwRep
150.0000    1    2.000   1.0000         rwRep
152.0000    0    2.000   1.0000          NULL 
154.0000    5    2.000   1.0000         pwOrt
156.0000    3    2.000   1.0000         rwNov
158.0000    6    2.000   1.0000         pwNov
160.0000    5    2.000   1.0000         pwOrt
162.0000    0    4.000   1.0000          NULL 
166.0000    1    2.000   1.0000         rwRep
168.0000    3    2.000   1.0000         rwNov
170.0000    4    2.000   1.0000         pwRep
172.0000    1    2.000   1.0000         rwRep
174.0000    1    2.000   1.0000         rwRep
176.0000    6    2.000   1.0000         pwNov
178.0000    6    2.000   1.0000         pwNov
180.0000    4    2.000   1.0000         pwRep
182.0000    0    2.000   1.0000          NULL 
184.0000    2    2.000   1.0000         rwOrt
186.0000    5    2.000   1.0000         pwOrt
188.0000    5    2.000   1.0000         pwOrt
190.0000    1    2.000   1.0000         rwRep
192.0000    0    2.000   1.0000          NULL 
194.0000    6    2.000   1.0000         pwNov
196.0000    0    4.000   1.0000          NULL 
200.0000    2    2.000   1.0000         rwOrt
202.0000    0    2.000   1.0000          NULL 
204.0000    1    2.000   1.0000         rwRep
206.0000    3    2.000   1.0000         rwNov
208.0000    0    4.000   1.0000          NULL 
212.0000    2    2.000   1.0000         rwOrt
214.0000    2    2.000   1.0000         rwOrt
216.0000    6    2.000   1.0000         pwNov
218.0000    0    2.000   1.0000          NULL 
220.0000    4    2.000   1.0000         pwRep
222.0000    1    2.000   1.0000         rwRep
224.0000    2    2.000   1.0000         rwOrt
226.0000    4    2.000   1.0000         pwRep
228.0000    2    2.000   1.0000         rwOrt
230.0000    0    2.000   1.0000          NULL 
232.0000    5    2.000   1.0000         pwOrt
234.0000    0    2.000   1.0000          NULL 
236.0000    3    2.000   1.0000         rwNov
238.0000    1    2.000   1.0000         rwRep
240.0000    0    2.000   1.0000          NULL 
242.0000    1    2.000   1.0000         rwRep
244.0000    2    2.000   1.0000         rwOrt
246.0000    4    2.000   1.0000         pwRep
248.0000    0    2.000   1.0000          NULL 
250.0000    3    2.000   1.0000         rwNov
252.0000    6    2.000   1.0000         pwNov
254.0000    3    2.000   1.0000         rwNov
256.0000    3    2.000   1.0000         rwNov
258.0000    1    2.000   1.0000         rwRep
260.0000    1    2.000   1.0000         rwRep
262.0000    2    2.000   1.0000         rwOrt
264.0000    0    2.000   1.0000          NULL 
266.0000    6    2.000   1.0000         pwNov
268.0000    4    2.000   1.0000         pwRep
270.0000    0    2.000   1.0000          NULL 
272.0000    1    2.000   1.0000         rwRep
274.0000    0    4.000   1.0000          NULL 
278.0000    2    2.000   1.0000         rwOrt
280.0000    0    4.000   1.0000          NULL 
284.0000    6    2.000   1.0000         pwNov
286.0000    4    2.000   1.0000         pwRep
288.0000    6    2.000   1.0000         pwNov
290.0000    3    2.000   1.0000         rwNov
292.0000    4    2.000   1.0000         pwRep
294.0000    3    2.000   1.0000         rwNov
296.0000    0    2.000   1.0000          NULL 
298.0000    4    2.000   1.0000         pwRep
300.0000    5    2.000   1.0000         pwOrt
302.0000    6    2.000   1.0000         pwNov
304.0000    0    2.000   1.0000          NULL 
306.0000    1    2.000   1.0000         rwRep
308.0000    0    2.000   1.0000          NULL 
310.0000    3    2.000   1.0000         rwNov
312.0000    3    2.000   1.0000         rwNov
314.0000    5    2.000   1.0000         pwOrt
316.0000    5    2.000   1.0000         pwOrt
318.0000    0    2.000   1.0000          NULL 
320.0000    2    2.000   1.0000         rwOrt
322.0000    6    2.000   1.0000         pwNov
324.0000    0    8.000   1.0000          NULL 
332.0000    1    2.000   1.0000         rwRep
334.0000    6    2.000   1.0000         pwNov
336.0000    0    2.000   1.0000          NULL 
338.0000    4    2.000   1.0000         pwRep
340.0000    0    2.000   1.0000          NULL 
342.0000    5    2.000   1.0000         pwOrt
344.0000    6    2.000   1.0000         pwNov
346.0000    3    2.000   1.0000         rwNov
348.0000    0    2.000   1.0000          NULL 
350.0000    2    2.000   1.0000         rwOrt
352.0000    4    2.000   1.0000         pwRep
354.0000    0    6.000   1.0000          NULL 
