  0.0000    3    2.000   1.0000         rwNov
  2.0000    3    2.000   1.0000         rwNov
  4.0000    0    2.000   1.0000          NULL 
  6.0000    6    2.000   1.0000         pwNov
  8.0000    1    2.000   1.0000         rwRep
 10.0000    3    2.000   1.0000         rwNov
 12.0000    0    4.000   1.0000          NULL 
 16.0000    4    2.000   1.0000         pwRep
 18.0000    0    2.000   1.0000          NULL 
 20.0000    5    2.000   1.0000         pwOrt
 22.0000    0    2.000   1.0000          NULL 
 24.0000    1    2.000   1.0000         rwRep
 26.0000    2    2.000   1.0000         rwOrt
 28.0000    2    2.000   1.0000         rwOrt
 30.0000    6    2.000   1.0000         pwNov
 32.0000    4    2.000   1.0000         pwRep
 34.0000    1    2.000   1.0000         rwRep
 36.0000    0    2.000   1.0000          NULL 
 38.0000    1    2.000   1.0000         rwRep
 40.0000    0    2.000   1.0000          NULL 
 42.0000    5    2.000   1.0000         pwOrt
 44.0000    3    2.000   1.0000         rwNov
 46.0000    5    2.000   1.0000         pwOrt
 48.0000    4    2.000   1.0000         pwRep
 50.0000    3    2.000   1.0000         rwNov
 52.0000    0    2.000   1.0000          NULL 
 54.0000    2    2.000   1.0000         rwOrt
 56.0000    1    2.000   1.0000         rwRep
 58.0000    0    2.000   1.0000          NULL 
 60.0000    4    2.000   1.0000         pwRep
 62.0000    4    2.000   1.0000         pwRep
 64.0000    3    2.000   1.0000         rwNov
 66.0000    4    2.000   1.0000         pwRep
 68.0000    6    2.000   1.0000         pwNov
 70.0000    2    2.000   1.0000         rwOrt
 72.0000    3    2.000   1.0000         rwNov
 74.0000    0    2.000   1.0000          NULL 
 76.0000    2    2.000   1.0000         rwOrt
 78.0000    0    4.000   1.0000          NULL 
 82.0000    1    2.000   1.0000         rwRep
 84.0000    2    2.000   1.0000         rwOrt
 86.0000    6    2.000   1.0000         pwNov
 88.0000    0    6.000   1.0000          NULL 
 94.0000    5    2.000   1.0000         pwOrt
 96.0000    4    2.000   1.0000         pwRep
 98.0000    1    2.000   1.0000         rwRep
100.0000    6    2.000   1.0000         pwNov
102.0000    0    2.000   1.0000          NULL 
104.0000    4    2.000   1.0000         pwRep
106.0000    6    2.000   1.0000         pwNov
108.0000    3    2.000   1.0000         rwNov
110.0000    1    2.000   1.0000         rwRep
112.0000    4    2.000   1.0000         pwRep
114.0000    5    2.000   1.0000         pwOrt
116.0000    3    2.000   1.0000         rwNov
118.0000    0   10.000   1.0000          NULL 
128.0000    1    2.000   1.0000         rwRep
130.0000    1    2.000   1.0000         rwRep
132.0000    0    6.000   1.0000          NULL 
138.0000    4    2.000   1.0000         pwRep
140.0000    1    2.000   1.0000         rwRep
142.0000    2    2.000   1.0000         rwOrt
144.0000    0    2.000   1.0000          NULL 
146.0000    1    2.000   1.0000         rwRep
148.0000    5    2.000   1.0000         pwOrt
150.0000    5    2.000   1.0000         pwOrt
152.0000    0    4.000   1.0000          NULL 
156.0000    4    2.000   1.0000         pwRep
158.0000    2    2.000   1.0000         rwOrt
160.0000    0    2.000   1.0000          NULL 
162.0000    4    2.000   1.0000         pwRep
164.0000    0    2.000   1.0000          NULL 
166.0000    2    2.000   1.0000         rwOrt
168.0000    5    2.000   1.0000         pwOrt
170.0000    5    2.000   1.0000         pwOrt
172.0000    3    2.000   1.0000         rwNov
174.0000    2    2.000   1.0000         rwOrt
176.0000    5    2.000   1.0000         pwOrt
178.0000    0    2.000   1.0000          NULL 
180.0000    3    2.000   1.0000         rwNov
182.0000    5    2.000   1.0000         pwOrt
184.0000    5    2.000   1.0000         pwOrt
186.0000    0    6.000   1.0000          NULL 
192.0000    4    2.000   1.0000         pwRep
194.0000    2    2.000   1.0000         rwOrt
196.0000    0    2.000   1.0000          NULL 
198.0000    3    2.000   1.0000         rwNov
200.0000    0    2.000   1.0000          NULL 
202.0000    1    2.000   1.0000         rwRep
204.0000    5    2.000   1.0000         pwOrt
206.0000    4    2.000   1.0000         pwRep
208.0000    1    2.000   1.0000         rwRep
210.0000    0    4.000   1.0000          NULL 
214.0000    3    2.000   1.0000         rwNov
216.0000    6    2.000   1.0000         pwNov
218.0000    3    2.000   1.0000         rwNov
220.0000    4    2.000   1.0000         pwRep
222.0000    1    2.000   1.0000         rwRep
224.0000    6    2.000   1.0000         pwNov
226.0000    0    2.000   1.0000          NULL 
228.0000    1    2.000   1.0000         rwRep
230.0000    0    2.000   1.0000          NULL 
232.0000    6    2.000   1.0000         pwNov
234.0000    3    2.000   1.0000         rwNov
236.0000    1    2.000   1.0000         rwRep
238.0000    5    2.000   1.0000         pwOrt
240.0000    5    2.000   1.0000         pwOrt
242.0000    0    2.000   1.0000          NULL 
244.0000    2    2.000   1.0000         rwOrt
246.0000    3    2.000   1.0000         rwNov
248.0000    4    2.000   1.0000         pwRep
250.0000    1    2.000   1.0000         rwRep
252.0000    3    2.000   1.0000         rwNov
254.0000    0    6.000   1.0000          NULL 
260.0000    6    2.000   1.0000         pwNov
262.0000    0    2.000   1.0000          NULL 
264.0000    1    2.000   1.0000         rwRep
266.0000    2    2.000   1.0000         rwOrt
268.0000    0    2.000   1.0000          NULL 
270.0000    6    2.000   1.0000         pwNov
272.0000    0    6.000   1.0000          NULL 
278.0000    6    2.000   1.0000         pwNov
280.0000    0    2.000   1.0000          NULL 
282.0000    2    2.000   1.0000         rwOrt
284.0000    2    2.000   1.0000         rwOrt
286.0000    2    2.000   1.0000         rwOrt
288.0000    5    2.000   1.0000         pwOrt
290.0000    1    2.000   1.0000         rwRep
292.0000    0    2.000   1.0000          NULL 
294.0000    3    2.000   1.0000         rwNov
296.0000    4    2.000   1.0000         pwRep
298.0000    0    2.000   1.0000          NULL 
300.0000    3    2.000   1.0000         rwNov
302.0000    0    2.000   1.0000          NULL 
304.0000    6    2.000   1.0000         pwNov
306.0000    6    2.000   1.0000         pwNov
308.0000    6    2.000   1.0000         pwNov
310.0000    4    2.000   1.0000         pwRep
312.0000    2    2.000   1.0000         rwOrt
314.0000    3    2.000   1.0000         rwNov
316.0000    0    4.000   1.0000          NULL 
320.0000    2    2.000   1.0000         rwOrt
322.0000    6    2.000   1.0000         pwNov
324.0000    2    2.000   1.0000         rwOrt
326.0000    4    2.000   1.0000         pwRep
328.0000    5    2.000   1.0000         pwOrt
330.0000    0    2.000   1.0000          NULL 
332.0000    5    2.000   1.0000         pwOrt
334.0000    5    2.000   1.0000         pwOrt
336.0000    6    2.000   1.0000         pwNov
338.0000    6    2.000   1.0000         pwNov
340.0000    5    2.000   1.0000         pwOrt
342.0000    6    2.000   1.0000         pwNov
344.0000    0    6.000   1.0000          NULL 
350.0000    2    2.000   1.0000         rwOrt
352.0000    4    2.000   1.0000         pwRep
354.0000    6    2.000   1.0000         pwNov
356.0000    0    4.000   1.0000          NULL 
