  0.0000    3    2.000   1.0000         rwNov
  2.0000    1    2.000   1.0000         rwRep
  4.0000    3    2.000   1.0000         rwNov
  6.0000    4    2.000   1.0000         pwRep
  8.0000    0    2.000   1.0000          NULL 
 10.0000    2    2.000   1.0000         rwOrt
 12.0000    0    2.000   1.0000          NULL 
 14.0000    6    2.000   1.0000         pwNov
 16.0000    3    2.000   1.0000         rwNov
 18.0000    0    6.000   1.0000          NULL 
 24.0000    1    2.000   1.0000         rwRep
 26.0000    3    2.000   1.0000         rwNov
 28.0000    2    2.000   1.0000         rwOrt
 30.0000    3    2.000   1.0000         rwNov
 32.0000    0    4.000   1.0000          NULL 
 36.0000    6    2.000   1.0000         pwNov
 38.0000    4    2.000   1.0000         pwRep
 40.0000    0    2.000   1.0000          NULL 
 42.0000    6    2.000   1.0000         pwNov
 44.0000    1    2.000   1.0000         rwRep
 46.0000    0    4.000   1.0000          NULL 
 50.0000    6    2.000   1.0000         pwNov
 52.0000    3    2.000   1.0000         rwNov
 54.0000    4    2.000   1.0000         pwRep
 56.0000    0    2.000   1.0000          NULL 
 58.0000    4    2.000   1.0000         pwRep
 60.0000    2    2.000   1.0000         rwOrt
 62.0000    0    6.000   1.0000          NULL 
 68.0000    3    2.000   1.0000         rwNov
 70.0000    1    2.000   1.0000         rwRep
 72.0000    4    2.000   1.0000         pwRep
 74.0000    2    2.000   1.0000         rwOrt
 76.0000    5    2.000   1.0000         pwOrt
 78.0000    5    2.000   1.0000         pwOrt
 80.0000    0    6.000   1.0000          NULL 
 86.0000    4    2.000   1.0000         pwRep
 88.0000    0    2.000   1.0000          NULL 
 90.0000    5    2.000   1.0000         pwOrt
 92.0000    0    2.000   1.0000          NULL 
 94.0000    2    2.000   1.0000         rwOrt
 96.0000    5    2.000   1.0000         pwOrt
 98.0000    0    6.000   1.0000          NULL 
104.0000    4    2.000   1.0000         pwRep
106.0000    6    2.000   1.0000         pwNov
108.0000    3    2.000   1.0000         rwNov
110.0000    6    2.000   1.0000         pwNov
112.0000    1    2.000   1.0000         rwRep
114.0000    2    2.000   1.0000         rwOrt
116.0000    1    2.000   1.0000         rwRep
118.0000    0    2.000   1.0000          NULL 
120.0000    2    2.000   1.0000         rwOrt
122.0000    0    2.000   1.0000          NULL 
124.0000    5    2.000   1.0000         pwOrt
126.0000    0    2.000   1.0000          NULL 
128.0000    5    2.000   1.0000         pwOrt
130.0000    0    4.000   1.0000          NULL 
134.0000    2    2.000   1.0000         rwOrt
136.0000    0    4.000   1.0000          NULL 
140.0000    2    2.000   1.0000         rwOrt
142.0000    6    2.000   1.0000         pwNov
144.0000    0    2.000   1.0000          NULL 
146.0000    2    2.000   1.0000         rwOrt
148.0000    6    2.000   1.0000         pwNov
150.0000    0    4.000   1.0000          NULL 
154.0000    3    2.000   1.0000         rwNov
156.0000    0    2.000   1.0000          NULL 
158.0000    3    2.000   1.0000         rwNov
160.0000    0    2.000   1.0000          NULL 
162.0000    1    2.000   1.0000         rwRep
164.0000    3    2.000   1.0000         rwNov
166.0000    6    2.000   1.0000         pwNov
168.0000    0    2.000   1.0000          NULL 
170.0000    3    2.000   1.0000         rwNov
172.0000    0    2.000   1.0000          NULL 
174.0000    6    2.000   1.0000         pwNov
176.0000    1    2.000   1.0000         rwRep
178.0000    4    2.000   1.0000         pwRep
180.0000    5    2.000   1.0000         pwOrt
182.0000    1    2.000   1.0000         rwRep
184.0000    0    2.000   1.0000          NULL 
186.0000    4    2.000   1.0000         pwRep
188.0000    6    2.000   1.0000         pwNov
190.0000    0    2.000   1.0000          NULL 
192.0000    1    2.000   1.0000         rwRep
194.0000    0    4.000   1.0000          NULL 
198.0000    6    2.000   1.0000         pwNov
200.0000    6    2.000   1.0000         pwNov
202.0000    0    2.000   1.0000          NULL 
204.0000    5    2.000   1.0000         pwOrt
206.0000    2    2.000   1.0000         rwOrt
208.0000    1    2.000   1.0000         rwRep
210.0000    5    2.000   1.0000         pwOrt
212.0000    0    2.000   1.0000          NULL 
214.0000    3    2.000   1.0000         rwNov
216.0000    3    2.000   1.0000         rwNov
218.0000    4    2.000   1.0000         pwRep
220.0000    1    2.000   1.0000         rwRep
222.0000    1    2.000   1.0000         rwRep
224.0000    0    2.000   1.0000          NULL 
226.0000    2    2.000   1.0000         rwOrt
228.0000    0    2.000   1.0000          NULL 
230.0000    2    2.000   1.0000         rwOrt
232.0000    0    2.000   1.0000          NULL 
234.0000    4    2.000   1.0000         pwRep
236.0000    5    2.000   1.0000         pwOrt
238.0000    2    2.000   1.0000         rwOrt
240.0000    5    2.000   1.0000         pwOrt
242.0000    6    2.000   1.0000         pwNov
244.0000    3    2.000   1.0000         rwNov
246.0000    3    2.000   1.0000         rwNov
248.0000    6    2.000   1.0000         pwNov
250.0000    0    4.000   1.0000          NULL 
254.0000    6    2.000   1.0000         pwNov
256.0000    0    4.000   1.0000          NULL 
260.0000    1    2.000   1.0000         rwRep
262.0000    2    2.000   1.0000         rwOrt
264.0000    0    2.000   1.0000          NULL 
266.0000    1    2.000   1.0000         rwRep
268.0000    5    2.000   1.0000         pwOrt
270.0000    1    2.000   1.0000         rwRep
272.0000    5    2.000   1.0000         pwOrt
274.0000    0    2.000   1.0000          NULL 
276.0000    3    2.000   1.0000         rwNov
278.0000    2    2.000   1.0000         rwOrt
280.0000    5    2.000   1.0000         pwOrt
282.0000    5    2.000   1.0000         pwOrt
284.0000    0    2.000   1.0000          NULL 
286.0000    1    2.000   1.0000         rwRep
288.0000    1    2.000   1.0000         rwRep
290.0000    6    2.000   1.0000         pwNov
292.0000    2    2.000   1.0000         rwOrt
294.0000    4    2.000   1.0000         pwRep
296.0000    2    2.000   1.0000         rwOrt
298.0000    0    2.000   1.0000          NULL 
300.0000    4    2.000   1.0000         pwRep
302.0000    0    4.000   1.0000          NULL 
306.0000    4    2.000   1.0000         pwRep
308.0000    5    2.000   1.0000         pwOrt
310.0000    4    2.000   1.0000         pwRep
312.0000    3    2.000   1.0000         rwNov
314.0000    2    2.000   1.0000         rwOrt
316.0000    5    2.000   1.0000         pwOrt
318.0000    5    2.000   1.0000         pwOrt
320.0000    3    2.000   1.0000         rwNov
322.0000    0    2.000   1.0000          NULL 
324.0000    6    2.000   1.0000         pwNov
326.0000    2    2.000   1.0000         rwOrt
328.0000    0    2.000   1.0000          NULL 
330.0000    4    2.000   1.0000         pwRep
332.0000    3    2.000   1.0000         rwNov
334.0000    4    2.000   1.0000         pwRep
336.0000    4    2.000   1.0000         pwRep
338.0000    4    2.000   1.0000         pwRep
340.0000    1    2.000   1.0000         rwRep
342.0000    0    2.000   1.0000          NULL 
344.0000    5    2.000   1.0000         pwOrt
346.0000    6    2.000   1.0000         pwNov
348.0000    4    2.000   1.0000         pwRep
350.0000    6    2.000   1.0000         pwNov
352.0000    5    2.000   1.0000         pwOrt
354.0000    1    2.000   1.0000         rwRep
356.0000    0    4.000   1.0000          NULL 
