  0.0000    3    2.000   1.0000         rwNov
  2.0000    3    2.000   1.0000         rwNov
  4.0000    1    2.000   1.0000         rwRep
  6.0000    4    2.000   1.0000         pwRep
  8.0000    6    2.000   1.0000         pwNov
 10.0000    0    4.000   1.0000          NULL 
 14.0000    6    2.000   1.0000         pwNov
 16.0000    0    4.000   1.0000          NULL 
 20.0000    5    2.000   1.0000         pwOrt
 22.0000    6    2.000   1.0000         pwNov
 24.0000    4    2.000   1.0000         pwRep
 26.0000    1    2.000   1.0000         rwRep
 28.0000    3    2.000   1.0000         rwNov
 30.0000    0    2.000   1.0000          NULL 
 32.0000    3    2.000   1.0000         rwNov
 34.0000    4    2.000   1.0000         pwRep
 36.0000    5    2.000   1.0000         pwOrt
 38.0000    1    2.000   1.0000         rwRep
 40.0000    0    2.000   1.0000          NULL 
 42.0000    4    2.000   1.0000         pwRep
 44.0000    2    2.000   1.0000         rwOrt
 46.0000    1    2.000   1.0000         rwRep
 48.0000    0    4.000   1.0000          NULL 
 52.0000    4    2.000   1.0000         pwRep
 54.0000    3    2.000   1.0000         rwNov
 56.0000    0    2.000   1.0000          NULL 
 58.0000    2    2.000   1.0000         rwOrt
 60.0000    6    2.000   1.0000         pwNov
 62.0000    0    2.000   1.0000          NULL 
 64.0000    4    2.000   1.0000         pwRep
 66.0000    0    2.000   1.0000          NULL 
 68.0000    6    2.000   1.0000         pwNov
 70.0000    1    2.000   1.0000         rwRep
 72.0000    0    4.000   1.0000          NULL 
 76.0000    2    2.000   1.0000         rwOrt
 78.0000    1    2.000   1.0000         rwRep
 80.0000    4    2.000   1.0000         pwRep
 82.0000    2    2.000   1.0000         rwOrt
 84.0000    6    2.000   1.0000         pwNov
 86.0000    0    2.000   1.0000          NULL 
 88.0000    2    2.000   1.0000         rwOrt
 90.0000    1    2.000   1.0000         rwRep
 92.0000    6    2.000   1.0000         pwNov
 94.0000    3    2.000   1.0000         rwNov
 96.0000    0    2.000   1.0000          NULL 
 98.0000    3    2.000   1.0000         rwNov
100.0000    0    4.000   1.0000          NULL 
104.0000    3    2.000   1.0000         rwNov
106.0000    0    2.000   1.0000          NULL 
108.0000    5    2.000   1.0000         pwOrt
110.0000    0    2.000   1.0000          NULL 
112.0000    3    2.000   1.0000         rwNov
114.0000    0    2.000   1.0000          NULL 
116.0000    4    2.000   1.0000         pwRep
118.0000    4    2.000   1.0000         pwRep
120.0000    5    2.000   1.0000         pwOrt
122.0000    1    2.000   1.0000         rwRep
124.0000    3    2.000   1.0000         rwNov
126.0000    0    2.000   1.0000          NULL 
128.0000    5    2.000   1.0000         pwOrt
130.0000    0    2.000   1.0000          NULL 
132.0000    3    2.000   1.0000         rwNov
134.0000    5    2.000   1.0000         pwOrt
136.0000    0    2.000   1.0000          NULL 
138.0000    2    2.000   1.0000         rwOrt
140.0000    0    4.000   1.0000          NULL 
144.0000    1    2.000   1.0000         rwRep
146.0000    0    2.000   1.0000          NULL 
148.0000    6    2.000   1.0000         pwNov
150.0000    0    2.000   1.0000          NULL 
152.0000    2    2.000   1.0000         rwOrt
154.0000    0    2.000   1.0000          NULL 
156.0000    5    2.000   1.0000         pwOrt
158.0000    0    2.000   1.0000          NULL 
160.0000    2    2.000   1.0000         rwOrt
162.0000    5    2.000   1.0000         pwOrt
164.0000    4    2.000   1.0000         pwRep
166.0000    0    4.000   1.0000          NULL 
170.0000    4    2.000   1.0000         pwRep
172.0000    0    2.000   1.0000          NULL 
174.0000    5    2.000   1.0000         pwOrt
176.0000    6    2.000   1.0000         pwNov
178.0000    0    4.000   1.0000          NULL 
182.0000    6    2.000   1.0000         pwNov
184.0000    3    2.000   1.0000         rwNov
186.0000    2    2.000   1.0000         rwOrt
188.0000    1    2.000   1.0000         rwRep
190.0000    0    2.000   1.0000          NULL 
192.0000    1    2.000   1.0000         rwRep
194.0000    0    2.000   1.0000          NULL 
196.0000    4    2.000   1.0000         pwRep
198.0000    1    2.000   1.0000         rwRep
200.0000    6    2.000   1.0000         pwNov
202.0000    4    2.000   1.0000         pwRep
204.0000    0    4.000   1.0000          NULL 
208.0000    5    2.000   1.0000         pwOrt
210.0000    2    2.000   1.0000         rwOrt
212.0000    0    2.000   1.0000          NULL 
214.0000    2    2.000   1.0000         rwOrt
216.0000    5    2.000   1.0000         pwOrt
218.0000    2    2.000   1.0000         rwOrt
220.0000    1    2.000   1.0000         rwRep
222.0000    4    2.000   1.0000         pwRep
224.0000    0    2.000   1.0000          NULL 
226.0000    4    2.000   1.0000         pwRep
228.0000    5    2.000   1.0000         pwOrt
230.0000    2    2.000   1.0000         rwOrt
232.0000    6    2.000   1.0000         pwNov
234.0000    1    2.000   1.0000         rwRep
236.0000    3    2.000   1.0000         rwNov
238.0000    1    2.000   1.0000         rwRep
240.0000    2    2.000   1.0000         rwOrt
242.0000    0    2.000   1.0000          NULL 
244.0000    3    2.000   1.0000         rwNov
246.0000    2    2.000   1.0000         rwOrt
248.0000    0    2.000   1.0000          NULL 
250.0000    2    2.000   1.0000         rwOrt
252.0000    0    2.000   1.0000          NULL 
254.0000    1    2.000   1.0000         rwRep
256.0000    0    2.000   1.0000          NULL 
258.0000    6    2.000   1.0000         pwNov
260.0000    3    2.000   1.0000         rwNov
262.0000    6    2.000   1.0000         pwNov
264.0000    5    2.000   1.0000         pwOrt
266.0000    5    2.000   1.0000         pwOrt
268.0000    3    2.000   1.0000         rwNov
270.0000    4    2.000   1.0000         pwRep
272.0000    0    2.000   1.0000          NULL 
274.0000    5    2.000   1.0000         pwOrt
276.0000    6    2.000   1.0000         pwNov
278.0000    0    2.000   1.0000          NULL 
280.0000    4    2.000   1.0000         pwRep
282.0000    1    2.000   1.0000         rwRep
284.0000    4    2.000   1.0000         pwRep
286.0000    3    2.000   1.0000         rwNov
288.0000    0    4.000   1.0000          NULL 
292.0000    6    2.000   1.0000         pwNov
294.0000    3    2.000   1.0000         rwNov
296.0000    0    4.000   1.0000          NULL 
300.0000    4    2.000   1.0000         pwRep
302.0000    4    2.000   1.0000         pwRep
304.0000    2    2.000   1.0000         rwOrt
306.0000    1    2.000   1.0000         rwRep
308.0000    5    2.000   1.0000         pwOrt
310.0000    1    2.000   1.0000         rwRep
312.0000    6    2.000   1.0000         pwNov
314.0000    0    4.000   1.0000          NULL 
318.0000    6    2.000   1.0000         pwNov
320.0000    1    2.000   1.0000         rwRep
322.0000    0    2.000   1.0000          NULL 
324.0000    3    2.000   1.0000         rwNov
326.0000    5    2.000   1.0000         pwOrt
328.0000    2    2.000   1.0000         rwOrt
330.0000    0    2.000   1.0000          NULL 
332.0000    2    2.000   1.0000         rwOrt
334.0000    5    2.000   1.0000         pwOrt
336.0000    6    2.000   1.0000         pwNov
338.0000    0    2.000   1.0000          NULL 
340.0000    2    2.000   1.0000         rwOrt
342.0000    0    4.000   1.0000          NULL 
346.0000    3    2.000   1.0000         rwNov
348.0000    5    2.000   1.0000         pwOrt
350.0000    0    4.000   1.0000          NULL 
354.0000    6    2.000   1.0000         pwNov
356.0000    5    2.000   1.0000         pwOrt
358.0000    0    2.000   1.0000          NULL 
