  0.0000    2    2.000   1.0000         rwOrt
  2.0000    5    2.000   1.0000         pwOrt
  4.0000    5    2.000   1.0000         pwOrt
  6.0000    2    2.000   1.0000         rwOrt
  8.0000    3    2.000   1.0000         rwNov
 10.0000    4    2.000   1.0000         pwRep
 12.0000    1    2.000   1.0000         rwRep
 14.0000    4    2.000   1.0000         pwRep
 16.0000    0    2.000   1.0000          NULL 
 18.0000    1    2.000   1.0000         rwRep
 20.0000    4    2.000   1.0000         pwRep
 22.0000    0    6.000   1.0000          NULL 
 28.0000    3    2.000   1.0000         rwNov
 30.0000    3    2.000   1.0000         rwNov
 32.0000    1    2.000   1.0000         rwRep
 34.0000    5    2.000   1.0000         pwOrt
 36.0000    6    2.000   1.0000         pwNov
 38.0000    0    4.000   1.0000          NULL 
 42.0000    4    2.000   1.0000         pwRep
 44.0000    1    2.000   1.0000         rwRep
 46.0000    0    2.000   1.0000          NULL 
 48.0000    4    2.000   1.0000         pwRep
 50.0000    4    2.000   1.0000         pwRep
 52.0000    5    2.000   1.0000         pwOrt
 54.0000    0    2.000   1.0000          NULL 
 56.0000    4    2.000   1.0000         pwRep
 58.0000    2    2.000   1.0000         rwOrt
 60.0000    0    2.000   1.0000          NULL 
 62.0000    6    2.000   1.0000         pwNov
 64.0000    0    2.000   1.0000          NULL 
 66.0000    3    2.000   1.0000         rwNov
 68.0000    1    2.000   1.0000         rwRep
 70.0000    0    2.000   1.0000          NULL 
 72.0000    5    2.000   1.0000         pwOrt
 74.0000    5    2.000   1.0000         pwOrt
 76.0000    0    2.000   1.0000          NULL 
 78.0000    6    2.000   1.0000         pwNov
 80.0000    2    2.000   1.0000         rwOrt
 82.0000    2    2.000   1.0000         rwOrt
 84.0000    2    2.000   1.0000         rwOrt
 86.0000    0    2.000   1.0000          NULL 
 88.0000    6    2.000   1.0000         pwNov
 90.0000    5    2.000   1.0000         pwOrt
 92.0000    4    2.000   1.0000         pwRep
 94.0000    1    2.000   1.0000         rwRep
 96.0000    0    2.000   1.0000          NULL 
 98.0000    5    2.000   1.0000         pwOrt
100.0000    3    2.000   1.0000         rwNov
102.0000    1    2.000   1.0000         rwRep
104.0000    3    2.000   1.0000         rwNov
106.0000    0    4.000   1.0000          NULL 
110.0000    6    2.000   1.0000         pwNov
112.0000    1    2.000   1.0000         rwRep
114.0000    0    2.000   1.0000          NULL 
116.0000    3    2.000   1.0000         rwNov
118.0000    0    2.000   1.0000          NULL 
120.0000    1    2.000   1.0000         rwRep
122.0000    0    2.000   1.0000          NULL 
124.0000    4    2.000   1.0000         pwRep
126.0000    0    4.000   1.0000          NULL 
130.0000    1    2.000   1.0000         rwRep
132.0000    4    2.000   1.0000         pwRep
134.0000    1    2.000   1.0000         rwRep
136.0000    0    6.000   1.0000          NULL 
142.0000    3    2.000   1.0000         rwNov
144.0000    0    6.000   1.0000          NULL 
150.0000    4    2.000   1.0000         pwRep
152.0000    4    2.000   1.0000         pwRep
154.0000    5    2.000   1.0000         pwOrt
156.0000    3    2.000   1.0000         rwNov
158.0000    6    2.000   1.0000         pwNov
160.0000    4    2.000   1.0000         pwRep
162.0000    0    2.000   1.0000          NULL 
164.0000    5    2.000   1.0000         pwOrt
166.0000    0    2.000   1.0000          NULL 
168.0000    4    2.000   1.0000         pwRep
170.0000    0    2.000   1.0000          NULL 
172.0000    4    2.000   1.0000         pwRep
174.0000    6    2.000   1.0000         pwNov
176.0000    2    2.000   1.0000         rwOrt
178.0000    5    2.000   1.0000         pwOrt
180.0000    0    2.000   1.0000          NULL 
182.0000    4    2.000   1.0000         pwRep
184.0000    2    2.000   1.0000         rwOrt
186.0000    0    8.000   1.0000          NULL 
194.0000    4    2.000   1.0000         pwRep
196.0000    0    2.000   1.0000          NULL 
198.0000    6    2.000   1.0000         pwNov
200.0000    0    2.000   1.0000          NULL 
202.0000    6    2.000   1.0000         pwNov
204.0000    6    2.000   1.0000         pwNov
206.0000    2    2.000   1.0000         rwOrt
208.0000    3    2.000   1.0000         rwNov
210.0000    0    4.000   1.0000          NULL 
214.0000    4    2.000   1.0000         pwRep
216.0000    6    2.000   1.0000         pwNov
218.0000    6    2.000   1.0000         pwNov
220.0000    0    8.000   1.0000          NULL 
228.0000    2    2.000   1.0000         rwOrt
230.0000    5    2.000   1.0000         pwOrt
232.0000    0    2.000   1.0000          NULL 
234.0000    5    2.000   1.0000         pwOrt
236.0000    1    2.000   1.0000         rwRep
238.0000    2    2.000   1.0000         rwOrt
240.0000    3    2.000   1.0000         rwNov
242.0000    3    2.000   1.0000         rwNov
244.0000    1    2.000   1.0000         rwRep
246.0000    2    2.000   1.0000         rwOrt
248.0000    6    2.000   1.0000         pwNov
250.0000    3    2.000   1.0000         rwNov
252.0000    0    2.000   1.0000          NULL 
254.0000    2    2.000   1.0000         rwOrt
256.0000    5    2.000   1.0000         pwOrt
258.0000    2    2.000   1.0000         rwOrt
260.0000    0    2.000   1.0000          NULL 
262.0000    2    2.000   1.0000         rwOrt
264.0000    0    4.000   1.0000          NULL 
268.0000    2    2.000   1.0000         rwOrt
270.0000    2    2.000   1.0000         rwOrt
272.0000    3    2.000   1.0000         rwNov
274.0000    6    2.000   1.0000         pwNov
276.0000    2    2.000   1.0000         rwOrt
278.0000    0    2.000   1.0000          NULL 
280.0000    3    2.000   1.0000         rwNov
282.0000    3    2.000   1.0000         rwNov
284.0000    5    2.000   1.0000         pwOrt
286.0000    5    2.000   1.0000         pwOrt
288.0000    0    2.000   1.0000          NULL 
290.0000    6    2.000   1.0000         pwNov
292.0000    1    2.000   1.0000         rwRep
294.0000    0    2.000   1.0000          NULL 
296.0000    6    2.000   1.0000         pwNov
298.0000    1    2.000   1.0000         rwRep
300.0000    1    2.000   1.0000         rwRep
302.0000    0    2.000   1.0000          NULL 
304.0000    1    2.000   1.0000         rwRep
306.0000    0    2.000   1.0000          NULL 
308.0000    6    2.000   1.0000         pwNov
310.0000    6    2.000   1.0000         pwNov
312.0000    5    2.000   1.0000         pwOrt
314.0000    3    2.000   1.0000         rwNov
316.0000    5    2.000   1.0000         pwOrt
318.0000    6    2.000   1.0000         pwNov
320.0000    1    2.000   1.0000         rwRep
322.0000    5    2.000   1.0000         pwOrt
324.0000    0    2.000   1.0000          NULL 
326.0000    3    2.000   1.0000         rwNov
328.0000    0    4.000   1.0000          NULL 
332.0000    2    2.000   1.0000         rwOrt
334.0000    0    2.000   1.0000          NULL 
336.0000    3    2.000   1.0000         rwNov
338.0000    4    2.000   1.0000         pwRep
340.0000    6    2.000   1.0000         pwNov
342.0000    4    2.000   1.0000         pwRep
344.0000    3    2.000   1.0000         rwNov
346.0000    0    4.000   1.0000          NULL 
350.0000    5    2.000   1.0000         pwOrt
352.0000    1    2.000   1.0000         rwRep
354.0000    0    2.000   1.0000          NULL 
356.0000    1    2.000   1.0000         rwRep
358.0000    2    2.000   1.0000         rwOrt
