  0.0000    6    2.000   1.0000         pwNov
  2.0000    4    2.000   1.0000         pwRep
  4.0000    1    2.000   1.0000         rwRep
  6.0000    1    2.000   1.0000         rwRep
  8.0000    5    2.000   1.0000         pwOrt
 10.0000    0    8.000   1.0000          NULL 
 18.0000    4    2.000   1.0000         pwRep
 20.0000    2    2.000   1.0000         rwOrt
 22.0000    0    2.000   1.0000          NULL 
 24.0000    2    2.000   1.0000         rwOrt
 26.0000    6    2.000   1.0000         pwNov
 28.0000    2    2.000   1.0000         rwOrt
 30.0000    1    2.000   1.0000         rwRep
 32.0000    4    2.000   1.0000         pwRep
 34.0000    2    2.000   1.0000         rwOrt
 36.0000    0    2.000   1.0000          NULL 
 38.0000    6    2.000   1.0000         pwNov
 40.0000    0    4.000   1.0000          NULL 
 44.0000    4    2.000   1.0000         pwRep
 46.0000    1    2.000   1.0000         rwRep
 48.0000    1    2.000   1.0000         rwRep
 50.0000    3    2.000   1.0000         rwNov
 52.0000    2    2.000   1.0000         rwOrt
 54.0000    3    2.000   1.0000         rwNov
 56.0000    4    2.000   1.0000         pwRep
 58.0000    0    4.000   1.0000          NULL 
 62.0000    3    2.000   1.0000         rwNov
 64.0000    5    2.000   1.0000         pwOrt
 66.0000    0    2.000   1.0000          NULL 
 68.0000    6    2.000   1.0000         pwNov
 70.0000    2    2.000   1.0000         rwOrt
 72.0000    0    4.000   1.0000          NULL 
 76.0000    5    2.000   1.0000         pwOrt
 78.0000    3    2.000   1.0000         rwNov
 80.0000    0    2.000   1.0000          NULL 
 82.0000    5    2.000   1.0000         pwOrt
 84.0000    2    2.000   1.0000         rwOrt
 86.0000    0    2.000   1.0000          NULL 
 88.0000    3    2.000   1.0000         rwNov
 90.0000    3    2.000   1.0000         rwNov
 92.0000    4    2.000   1.0000         pwRep
 94.0000    1    2.000   1.0000         rwRep
 96.0000    5    2.000   1.0000         pwOrt
 98.0000    2    2.000   1.0000         rwOrt
100.0000    1    2.000   1.0000         rwRep
102.0000    2    2.000   1.0000         rwOrt
104.0000    2    2.000   1.0000         rwOrt
106.0000    4    2.000   1.0000         pwRep
108.0000    2    2.000   1.0000         rwOrt
110.0000    1    2.000   1.0000         rwRep
112.0000    0    2.000   1.0000          NULL 
114.0000    3    2.000   1.0000         rwNov
116.0000    6    2.000   1.0000         pwNov
118.0000    0    2.000   1.0000          NULL 
120.0000    4    2.000   1.0000         pwRep
122.0000    3    2.000   1.0000         rwNov
124.0000    4    2.000   1.0000         pwRep
126.0000    0    6.000   1.0000          NULL 
132.0000    4    2.000   1.0000         pwRep
134.0000    1    2.000   1.0000         rwRep
136.0000    1    2.000   1.0000         rwRep
138.0000    4    2.000   1.0000         pwRep
140.0000    6    2.000   1.0000         pwNov
142.0000    3    2.000   1.0000         rwNov
144.0000    5    2.000   1.0000         pwOrt
146.0000    2    2.000   1.0000         rwOrt
148.0000    0    6.000   1.0000          NULL 
154.0000    5    2.000   1.0000         pwOrt
156.0000    5    2.000   1.0000         pwOrt
158.0000    4    2.000   1.0000         pwRep
160.0000    5    2.000   1.0000         pwOrt
162.0000    2    2.000   1.0000         rwOrt
164.0000    5    2.000   1.0000         pwOrt
166.0000    0    6.000   1.0000          NULL 
172.0000    4    2.000   1.0000         pwRep
174.0000    3    2.000   1.0000         rwNov
176.0000    3    2.000   1.0000         rwNov
178.0000    0    2.000   1.0000          NULL 
180.0000    3    2.000   1.0000         rwNov
182.0000    6    2.000   1.0000         pwNov
184.0000    3    2.000   1.0000         rwNov
186.0000    6    2.000   1.0000         pwNov
188.0000    4    2.000   1.0000         pwRep
190.0000    0    4.000   1.0000          NULL 
194.0000    6    2.000   1.0000         pwNov
196.0000    0    2.000   1.0000          NULL 
198.0000    2    2.000   1.0000         rwOrt
200.0000    0    2.000   1.0000          NULL 
202.0000    3    2.000   1.0000         rwNov
204.0000    0    2.000   1.0000          NULL 
206.0000    5    2.000   1.0000         pwOrt
208.0000    4    2.000   1.0000         pwRep
210.0000    4    2.000   1.0000         pwRep
212.0000    5    2.000   1.0000         pwOrt
214.0000    4    2.000   1.0000         pwRep
216.0000    1    2.000   1.0000         rwRep
218.0000    1    2.000   1.0000         rwRep
220.0000    0    2.000   1.0000          NULL 
222.0000    2    2.000   1.0000         rwOrt
224.0000    0    4.000   1.0000          NULL 
228.0000    5    2.000   1.0000         pwOrt
230.0000    0    2.000   1.0000          NULL 
232.0000    6    2.000   1.0000         pwNov
234.0000    3    2.000   1.0000         rwNov
236.0000    5    2.000   1.0000         pwOrt
238.0000    0    8.000   1.0000          NULL 
246.0000    2    2.000   1.0000         rwOrt
248.0000    6    2.000   1.0000         pwNov
250.0000    6    2.000   1.0000         pwNov
252.0000    1    2.000   1.0000         rwRep
254.0000    0    2.000   1.0000          NULL 
256.0000    5    2.000   1.0000         pwOrt
258.0000    4    2.000   1.0000         pwRep
260.0000    0    4.000   1.0000          NULL 
264.0000    1    2.000   1.0000         rwRep
266.0000    6    2.000   1.0000         pwNov
268.0000    0    2.000   1.0000          NULL 
270.0000    1    2.000   1.0000         rwRep
272.0000    0    2.000   1.0000          NULL 
274.0000    1    2.000   1.0000         rwRep
276.0000    0    2.000   1.0000          NULL 
278.0000    5    2.000   1.0000         pwOrt
280.0000    5    2.000   1.0000         pwOrt
282.0000    3    2.000   1.0000         rwNov
284.0000    3    2.000   1.0000         rwNov
286.0000    0    2.000   1.0000          NULL 
288.0000    1    2.000   1.0000         rwRep
290.0000    6    2.000   1.0000         pwNov
292.0000    0    4.000   1.0000          NULL 
296.0000    6    2.000   1.0000         pwNov
298.0000    0    2.000   1.0000          NULL 
300.0000    5    2.000   1.0000         pwOrt
302.0000    3    2.000   1.0000         rwNov
304.0000    0    6.000   1.0000          NULL 
310.0000    6    2.000   1.0000         pwNov
312.0000    2    2.000   1.0000         rwOrt
314.0000    3    2.000   1.0000         rwNov
316.0000    1    2.000   1.0000         rwRep
318.0000    0    2.000   1.0000          NULL 
320.0000    6    2.000   1.0000         pwNov
322.0000    0    2.000   1.0000          NULL 
324.0000    6    2.000   1.0000         pwNov
326.0000    2    2.000   1.0000         rwOrt
328.0000    0    6.000   1.0000          NULL 
334.0000    1    2.000   1.0000         rwRep
336.0000    5    2.000   1.0000         pwOrt
338.0000    2    2.000   1.0000         rwOrt
340.0000    4    2.000   1.0000         pwRep
342.0000    4    2.000   1.0000         pwRep
344.0000    6    2.000   1.0000         pwNov
346.0000    5    2.000   1.0000         pwOrt
348.0000    6    2.000   1.0000         pwNov
350.0000    2    2.000   1.0000         rwOrt
352.0000    0    2.000   1.0000          NULL 
354.0000    1    2.000   1.0000         rwRep
356.0000    3    2.000   1.0000         rwNov
358.0000    0    2.000   1.0000          NULL 
