  0.0000    4    2.000   1.0000         pwRep
  2.0000    6    2.000   1.0000         pwNov
  4.0000    1    2.000   1.0000         rwRep
  6.0000    1    2.000   1.0000         rwRep
  8.0000    1    2.000   1.0000         rwRep
 10.0000    6    2.000   1.0000         pwNov
 12.0000    0    2.000   1.0000          NULL 
 14.0000    3    2.000   1.0000         rwNov
 16.0000    2    2.000   1.0000         rwOrt
 18.0000    1    2.000   1.0000         rwRep
 20.0000    5    2.000   1.0000         pwOrt
 22.0000    0    2.000   1.0000          NULL 
 24.0000    2    2.000   1.0000         rwOrt
 26.0000    6    2.000   1.0000         pwNov
 28.0000    0    2.000   1.0000          NULL 
 30.0000    1    2.000   1.0000         rwRep
 32.0000    0    4.000   1.0000          NULL 
 36.0000    4    2.000   1.0000         pwRep
 38.0000    5    2.000   1.0000         pwOrt
 40.0000    1    2.000   1.0000         rwRep
 42.0000    0    2.000   1.0000          NULL 
 44.0000    2    2.000   1.0000         rwOrt
 46.0000    6    2.000   1.0000         pwNov
 48.0000    0    2.000   1.0000          NULL 
 50.0000    3    2.000   1.0000         rwNov
 52.0000    0    2.000   1.0000          NULL 
 54.0000    1    2.000   1.0000         rwRep
 56.0000    0    4.000   1.0000          NULL 
 60.0000    3    2.000   1.0000         rwNov
 62.0000    0    2.000   1.0000          NULL 
 64.0000    5    2.000   1.0000         pwOrt
 66.0000    2    2.000   1.0000         rwOrt
 68.0000    0    2.000   1.0000          NULL 
 70.0000    6    2.000   1.0000         pwNov
 72.0000    3    2.000   1.0000         rwNov
 74.0000    5    2.000   1.0000         pwOrt
 76.0000    6    2.000   1.0000         pwNov
 78.0000    0    2.000   1.0000          NULL 
 80.0000    5    2.000   1.0000         pwOrt
 82.0000    0    2.000   1.0000          NULL 
 84.0000    1    2.000   1.0000         rwRep
 86.0000    3    2.000   1.0000         rwNov
 88.0000    2    2.000   1.0000         rwOrt
 90.0000    5    2.000   1.0000         pwOrt
 92.0000    0    2.000   1.0000          NULL 
 94.0000    5    2.000   1.0000         pwOrt
 96.0000    1    2.000   1.0000         rwRep
 98.0000    2    2.000   1.0000         rwOrt
100.0000    4    2.000   1.0000         pwRep
102.0000    3    2.000   1.0000         rwNov
104.0000    0    2.000   1.0000          NULL 
106.0000    5    2.000   1.0000         pwOrt
108.0000    1    2.000   1.0000         rwRep
110.0000    0    2.000   1.0000          NULL 
112.0000    3    2.000   1.0000         rwNov
114.0000    0    6.000   1.0000          NULL 
120.0000    1    2.000   1.0000         rwRep
122.0000    0    2.000   1.0000          NULL 
124.0000    3    2.000   1.0000         rwNov
126.0000    3    2.000   1.0000         rwNov
128.0000    0    2.000   1.0000          NULL 
130.0000    1    2.000   1.0000         rwRep
132.0000    4    2.000   1.0000         pwRep
134.0000    4    2.000   1.0000         pwRep
136.0000    0    4.000   1.0000          NULL 
140.0000    4    2.000   1.0000         pwRep
142.0000    0    2.000   1.0000          NULL 
144.0000    3    2.000   1.0000         rwNov
146.0000    1    2.000   1.0000         rwRep
148.0000    1    2.000   1.0000         rwRep
150.0000    6    2.000   1.0000         pwNov
152.0000    6    2.000   1.0000         pwNov
154.0000    0    2.000   1.0000          NULL 
156.0000    6    2.000   1.0000         pwNov
158.0000    0    4.000   1.0000          NULL 
162.0000    3    2.000   1.0000         rwNov
164.0000    1    2.000   1.0000         rwRep
166.0000    0    6.000   1.0000          NULL 
172.0000    5    2.000   1.0000         pwOrt
174.0000    5    2.000   1.0000         pwOrt
176.0000    0    2.000   1.0000          NULL 
178.0000    4    2.000   1.0000         pwRep
180.0000    0    2.000   1.0000          NULL 
182.0000    4    2.000   1.0000         pwRep
184.0000    0    2.000   1.0000          NULL 
186.0000    3    2.000   1.0000         rwNov
188.0000    0    2.000   1.0000          NULL 
190.0000    6    2.000   1.0000         pwNov
192.0000    4    2.000   1.0000         pwRep
194.0000    4    2.000   1.0000         pwRep
196.0000    4    2.000   1.0000         pwRep
198.0000    2    2.000   1.0000         rwOrt
200.0000    6    2.000   1.0000         pwNov
202.0000    5    2.000   1.0000         pwOrt
204.0000    2    2.000   1.0000         rwOrt
206.0000    6    2.000   1.0000         pwNov
208.0000    0    4.000   1.0000          NULL 
212.0000    5    2.000   1.0000         pwOrt
214.0000    3    2.000   1.0000         rwNov
216.0000    4    2.000   1.0000         pwRep
218.0000    0    2.000   1.0000          NULL 
220.0000    5    2.000   1.0000         pwOrt
222.0000    6    2.000   1.0000         pwNov
224.0000    1    2.000   1.0000         rwRep
226.0000    0    4.000   1.0000          NULL 
230.0000    4    2.000   1.0000         pwRep
232.0000    2    2.000   1.0000         rwOrt
234.0000    2    2.000   1.0000         rwOrt
236.0000    4    2.000   1.0000         pwRep
238.0000    0    2.000   1.0000          NULL 
240.0000    1    2.000   1.0000         rwRep
242.0000    0    2.000   1.0000          NULL 
244.0000    6    2.000   1.0000         pwNov
246.0000    0    6.000   1.0000          NULL 
252.0000    4    2.000   1.0000         pwRep
254.0000    0    2.000   1.0000          NULL 
256.0000    6    2.000   1.0000         pwNov
258.0000    2    2.000   1.0000         rwOrt
260.0000    5    2.000   1.0000         pwOrt
262.0000    3    2.000   1.0000         rwNov
264.0000    3    2.000   1.0000         rwNov
266.0000    2    2.000   1.0000         rwOrt
268.0000    4    2.000   1.0000         pwRep
270.0000    6    2.000   1.0000         pwNov
272.0000    0    2.000   1.0000          NULL 
274.0000    2    2.000   1.0000         rwOrt
276.0000    4    2.000   1.0000         pwRep
278.0000    1    2.000   1.0000         rwRep
280.0000    4    2.000   1.0000         pwRep
282.0000    3    2.000   1.0000         rwNov
284.0000    0    4.000   1.0000          NULL 
288.0000    5    2.000   1.0000         pwOrt
290.0000    4    2.000   1.0000         pwRep
292.0000    0    2.000   1.0000          NULL 
294.0000    2    2.000   1.0000         rwOrt
296.0000    0    2.000   1.0000          NULL 
298.0000    1    2.000   1.0000         rwRep
300.0000    2    2.000   1.0000         rwOrt
302.0000    1    2.000   1.0000         rwRep
304.0000    2    2.000   1.0000         rwOrt
306.0000    3    2.000   1.0000         rwNov
308.0000    0    2.000   1.0000          NULL 
310.0000    5    2.000   1.0000         pwOrt
312.0000    2    2.000   1.0000         rwOrt
314.0000    5    2.000   1.0000         pwOrt
316.0000    0    4.000   1.0000          NULL 
320.0000    6    2.000   1.0000         pwNov
322.0000    0    2.000   1.0000          NULL 
324.0000    5    2.000   1.0000         pwOrt
326.0000    2    2.000   1.0000         rwOrt
328.0000    3    2.000   1.0000         rwNov
330.0000    6    2.000   1.0000         pwNov
332.0000    2    2.000   1.0000         rwOrt
334.0000    0    4.000   1.0000          NULL 
338.0000    6    2.000   1.0000         pwNov
340.0000    6    2.000   1.0000         pwNov
342.0000    0    2.000   1.0000          NULL 
344.0000    5    2.000   1.0000         pwOrt
346.0000    0    2.000   1.0000          NULL 
348.0000    3    2.000   1.0000         rwNov
350.0000    4    2.000   1.0000         pwRep
352.0000    0    2.000   1.0000          NULL 
354.0000    2    2.000   1.0000         rwOrt
356.0000    3    2.000   1.0000         rwNov
358.0000    5    2.000   1.0000         pwOrt
