  0.0000    5    2.000   1.0000         pwOrt
  2.0000    1    2.000   1.0000         rwRep
  4.0000    2    2.000   1.0000         rwOrt
  6.0000    4    2.000   1.0000         pwRep
  8.0000    4    2.000   1.0000         pwRep
 10.0000    5    2.000   1.0000         pwOrt
 12.0000    2    2.000   1.0000         rwOrt
 14.0000    1    2.000   1.0000         rwRep
 16.0000    0    2.000   1.0000          NULL 
 18.0000    3    2.000   1.0000         rwNov
 20.0000    0    2.000   1.0000          NULL 
 22.0000    3    2.000   1.0000         rwNov
 24.0000    0    2.000   1.0000          NULL 
 26.0000    5    2.000   1.0000         pwOrt
 28.0000    1    2.000   1.0000         rwRep
 30.0000    0    4.000   1.0000          NULL 
 34.0000    1    2.000   1.0000         rwRep
 36.0000    4    2.000   1.0000         pwRep
 38.0000    0    2.000   1.0000          NULL 
 40.0000    5    2.000   1.0000         pwOrt
 42.0000    3    2.000   1.0000         rwNov
 44.0000    5    2.000   1.0000         pwOrt
 46.0000    2    2.000   1.0000         rwOrt
 48.0000    3    2.000   1.0000         rwNov
 50.0000    1    2.000   1.0000         rwRep
 52.0000    6    2.000   1.0000         pwNov
 54.0000    1    2.000   1.0000         rwRep
 56.0000    0    2.000   1.0000          NULL 
 58.0000    2    2.000   1.0000         rwOrt
 60.0000    0    2.000   1.0000          NULL 
 62.0000    2    2.000   1.0000         rwOrt
 64.0000    6    2.000   1.0000         pwNov
 66.0000    5    2.000   1.0000         pwOrt
 68.0000    0    6.000   1.0000          NULL 
 74.0000    5    2.000   1.0000         pwOrt
 76.0000    3    2.000   1.0000         rwNov
 78.0000    5    2.000   1.0000         pwOrt
 80.0000    0    4.000   1.0000          NULL 
 84.0000    2    2.000   1.0000         rwOrt
 86.0000    0    2.000   1.0000          NULL 
 88.0000    3    2.000   1.0000         rwNov
 90.0000    2    2.000   1.0000         rwOrt
 92.0000    0    2.000   1.0000          NULL 
 94.0000    1    2.000   1.0000         rwRep
 96.0000    2    2.000   1.0000         rwOrt
 98.0000    0    2.000   1.0000          NULL 
100.0000    2    2.000   1.0000         rwOrt
102.0000    4    2.000   1.0000         pwRep
104.0000    6    2.000   1.0000         pwNov
106.0000    0   12.000   1.0000          NULL 
118.0000    6    2.000   1.0000         pwNov
120.0000    0    2.000   1.0000          NULL 
122.0000    3    2.000   1.0000         rwNov
124.0000    0    2.000   1.0000          NULL 
126.0000    6    2.000   1.0000         pwNov
128.0000    2    2.000   1.0000         rwOrt
130.0000    1    2.000   1.0000         rwRep
132.0000    4    2.000   1.0000         pwRep
134.0000    2    2.000   1.0000         rwOrt
136.0000    5    2.000   1.0000         pwOrt
138.0000    0    2.000   1.0000          NULL 
140.0000    1    2.000   1.0000         rwRep
142.0000    4    2.000   1.0000         pwRep
144.0000    4    2.000   1.0000         pwRep
146.0000    4    2.000   1.0000         pwRep
148.0000    3    2.000   1.0000         rwNov
150.0000    0    4.000   1.0000          NULL 
154.0000    1    2.000   1.0000         rwRep
156.0000    0    2.000   1.0000          NULL 
158.0000    5    2.000   1.0000         pwOrt
160.0000    1    2.000   1.0000         rwRep
162.0000    1    2.000   1.0000         rwRep
164.0000    1    2.000   1.0000         rwRep
166.0000    3    2.000   1.0000         rwNov
168.0000    6    2.000   1.0000         pwNov
170.0000    0    2.000   1.0000          NULL 
172.0000    2    2.000   1.0000         rwOrt
174.0000    5    2.000   1.0000         pwOrt
176.0000    0    4.000   1.0000          NULL 
180.0000    4    2.000   1.0000         pwRep
182.0000    6    2.000   1.0000         pwNov
184.0000    6    2.000   1.0000         pwNov
186.0000    5    2.000   1.0000         pwOrt
188.0000    0    4.000   1.0000          NULL 
192.0000    5    2.000   1.0000         pwOrt
194.0000    0    2.000   1.0000          NULL 
196.0000    6    2.000   1.0000         pwNov
198.0000    6    2.000   1.0000         pwNov
200.0000    6    2.000   1.0000         pwNov
202.0000    5    2.000   1.0000         pwOrt
204.0000    0    2.000   1.0000          NULL 
206.0000    1    2.000   1.0000         rwRep
208.0000    4    2.000   1.0000         pwRep
210.0000    3    2.000   1.0000         rwNov
212.0000    1    2.000   1.0000         rwRep
214.0000    1    2.000   1.0000         rwRep
216.0000    4    2.000   1.0000         pwRep
218.0000    4    2.000   1.0000         pwRep
220.0000    0    2.000   1.0000          NULL 
222.0000    5    2.000   1.0000         pwOrt
224.0000    0    2.000   1.0000          NULL 
226.0000    3    2.000   1.0000         rwNov
228.0000    0    4.000   1.0000          NULL 
232.0000    2    2.000   1.0000         rwOrt
234.0000    0    2.000   1.0000          NULL 
236.0000    1    2.000   1.0000         rwRep
238.0000    6    2.000   1.0000         pwNov
240.0000    3    2.000   1.0000         rwNov
242.0000    6    2.000   1.0000         pwNov
244.0000    3    2.000   1.0000         rwNov
246.0000    3    2.000   1.0000         rwNov
248.0000    1    2.000   1.0000         rwRep
250.0000    0    2.000   1.0000          NULL 
252.0000    2    2.000   1.0000         rwOrt
254.0000    6    2.000   1.0000         pwNov
256.0000    2    2.000   1.0000         rwOrt
258.0000    0    4.000   1.0000          NULL 
262.0000    2    2.000   1.0000         rwOrt
264.0000    2    2.000   1.0000         rwOrt
266.0000    2    2.000   1.0000         rwOrt
268.0000    0    2.000   1.0000          NULL 
270.0000    4    2.000   1.0000         pwRep
272.0000    3    2.000   1.0000         rwNov
274.0000    3    2.000   1.0000         rwNov
276.0000    0    2.000   1.0000          NULL 
278.0000    3    2.000   1.0000         rwNov
280.0000    5    2.000   1.0000         pwOrt
282.0000    3    2.000   1.0000         rwNov
284.0000    4    2.000   1.0000         pwRep
286.0000    2    2.000   1.0000         rwOrt
288.0000    0    6.000   1.0000          NULL 
294.0000    3    2.000   1.0000         rwNov
296.0000    1    2.000   1.0000         rwRep
298.0000    0    4.000   1.0000          NULL 
302.0000    1    2.000   1.0000         rwRep
304.0000    0    4.000   1.0000          NULL 
308.0000    6    2.000   1.0000         pwNov
310.0000    5    2.000   1.0000         pwOrt
312.0000    0    2.000   1.0000          NULL 
314.0000    6    2.000   1.0000         pwNov
316.0000    4    2.000   1.0000         pwRep
318.0000    3    2.000   1.0000         rwNov
320.0000    4    2.000   1.0000         pwRep
322.0000    5    2.000   1.0000         pwOrt
324.0000    0    2.000   1.0000          NULL 
326.0000    4    2.000   1.0000         pwRep
328.0000    5    2.000   1.0000         pwOrt
330.0000    0    2.000   1.0000          NULL 
332.0000    4    2.000   1.0000         pwRep
334.0000    4    2.000   1.0000         pwRep
336.0000    2    2.000   1.0000         rwOrt
338.0000    0    2.000   1.0000          NULL 
340.0000    6    2.000   1.0000         pwNov
342.0000    0    4.000   1.0000          NULL 
346.0000    6    2.000   1.0000         pwNov
348.0000    5    2.000   1.0000         pwOrt
350.0000    4    2.000   1.0000         pwRep
352.0000    0    4.000   1.0000          NULL 
356.0000    6    2.000   1.0000         pwNov
358.0000    6    2.000   1.0000         pwNov
