  0.0000    1    2.000   1.0000         rwRep
  2.0000    1    2.000   1.0000         rwRep
  4.0000    1    2.000   1.0000         rwRep
  6.0000    0    2.000   1.0000          NULL 
  8.0000    3    2.000   1.0000         rwNov
 10.0000    5    2.000   1.0000         pwOrt
 12.0000    5    2.000   1.0000         pwOrt
 14.0000    0    2.000   1.0000          NULL 
 16.0000    4    2.000   1.0000         pwRep
 18.0000    0    2.000   1.0000          NULL 
 20.0000    3    2.000   1.0000         rwNov
 22.0000    0    4.000   1.0000          NULL 
 26.0000    2    2.000   1.0000         rwOrt
 28.0000    1    2.000   1.0000         rwRep
 30.0000    5    2.000   1.0000         pwOrt
 32.0000    1    2.000   1.0000         rwRep
 34.0000    4    2.000   1.0000         pwRep
 36.0000    0    6.000   1.0000          NULL 
 42.0000    1    2.000   1.0000         rwRep
 44.0000    4    2.000   1.0000         pwRep
 46.0000    0    2.000   1.0000          NULL 
 48.0000    6    2.000   1.0000         pwNov
 50.0000    6    2.000   1.0000         pwNov
 52.0000    2    2.000   1.0000         rwOrt
 54.0000    0   10.000   1.0000          NULL 
 64.0000    2    2.000   1.0000         rwOrt
 66.0000    2    2.000   1.0000         rwOrt
 68.0000    1    2.000   1.0000         rwRep
 70.0000    0    4.000   1.0000          NULL 
 74.0000    5    2.000   1.0000         pwOrt
 76.0000    1    2.000   1.0000         rwRep
 78.0000    4    2.000   1.0000         pwRep
 80.0000    5    2.000   1.0000         pwOrt
 82.0000    0    4.000   1.0000          NULL 
 86.0000    5    2.000   1.0000         pwOrt
 88.0000    1    2.000   1.0000         rwRep
 90.0000    6    2.000   1.0000         pwNov
 92.0000    4    2.000   1.0000         pwRep
 94.0000    4    2.000   1.0000         pwRep
 96.0000    3    2.000   1.0000         rwNov
 98.0000    2    2.000   1.0000         rwOrt
100.0000    4    2.000   1.0000         pwRep
102.0000    5    2.000   1.0000         pwOrt
104.0000    5    2.000   1.0000         pwOrt
106.0000    2    2.000   1.0000         rwOrt
108.0000    0    2.000   1.0000          NULL 
110.0000    4    2.000   1.0000         pwRep
112.0000    4    2.000   1.0000         pwRep
114.0000    4    2.000   1.0000         pwRep
116.0000    3    2.000   1.0000         rwNov
118.0000    3    2.000   1.0000         rwNov
120.0000    0    6.000   1.0000          NULL 
126.0000    3    2.000   1.0000         rwNov
128.0000    0    4.000   1.0000          NULL 
132.0000    1    2.000   1.0000         rwRep
134.0000    2    2.000   1.0000         rwOrt
136.0000    3    2.000   1.0000         rwNov
138.0000    2    2.000   1.0000         rwOrt
140.0000    2    2.000   1.0000         rwOrt
142.0000    0    2.000   1.0000          NULL 
144.0000    6    2.000   1.0000         pwNov
146.0000    0    2.000   1.0000          NULL 
148.0000    4    2.000   1.0000         pwRep
150.0000    6    2.000   1.0000         pwNov
152.0000    2    2.000   1.0000         rwOrt
154.0000    0    4.000   1.0000          NULL 
158.0000    6    2.000   1.0000         pwNov
160.0000    3    2.000   1.0000         rwNov
162.0000    4    2.000   1.0000         pwRep
164.0000    0    4.000   1.0000          NULL 
168.0000    2    2.000   1.0000         rwOrt
170.0000    5    2.000   1.0000         pwOrt
172.0000    3    2.000   1.0000         rwNov
174.0000    1    2.000   1.0000         rwRep
176.0000    0    2.000   1.0000          NULL 
178.0000    6    2.000   1.0000         pwNov
180.0000    0    4.000   1.0000          NULL 
184.0000    5    2.000   1.0000         pwOrt
186.0000    0    4.000   1.0000          NULL 
190.0000    6    2.000   1.0000         pwNov
192.0000    2    2.000   1.0000         rwOrt
194.0000    0    2.000   1.0000          NULL 
196.0000    6    2.000   1.0000         pwNov
198.0000    4    2.000   1.0000         pwRep
200.0000    3    2.000   1.0000         rwNov
202.0000    4    2.000   1.0000         pwRep
204.0000    3    2.000   1.0000         rwNov
206.0000    6    2.000   1.0000         pwNov
208.0000    3    2.000   1.0000         rwNov
210.0000    2    2.000   1.0000         rwOrt
212.0000    6    2.000   1.0000         pwNov
214.0000    0    2.000   1.0000          NULL 
216.0000    5    2.000   1.0000         pwOrt
218.0000    2    2.000   1.0000         rwOrt
220.0000    0    2.000   1.0000          NULL 
222.0000    6    2.000   1.0000         pwNov
224.0000    1    2.000   1.0000         rwRep
226.0000    0    2.000   1.0000          NULL 
228.0000    5    2.000   1.0000         pwOrt
230.0000    0    2.000   1.0000          NULL 
232.0000    3    2.000   1.0000         rwNov
234.0000    0    6.000   1.0000          NULL 
240.0000    6    2.000   1.0000         pwNov
242.0000    0    2.000   1.0000          NULL 
244.0000    3    2.000   1.0000         rwNov
246.0000    5    2.000   1.0000         pwOrt
248.0000    2    2.000   1.0000         rwOrt
250.0000    5    2.000   1.0000         pwOrt
252.0000    6    2.000   1.0000         pwNov
254.0000    4    2.000   1.0000         pwRep
256.0000    5    2.000   1.0000         pwOrt
258.0000    4    2.000   1.0000         pwRep
260.0000    1    2.000   1.0000         rwRep
262.0000    1    2.000   1.0000         rwRep
264.0000    0    2.000   1.0000          NULL 
266.0000    4    2.000   1.0000         pwRep
268.0000    2    2.000   1.0000         rwOrt
270.0000    5    2.000   1.0000         pwOrt
272.0000    5    2.000   1.0000         pwOrt
274.0000    0    2.000   1.0000          NULL 
276.0000    3    2.000   1.0000         rwNov
278.0000    1    2.000   1.0000         rwRep
280.0000    0    4.000   1.0000          NULL 
284.0000    5    2.000   1.0000         pwOrt
286.0000    0    4.000   1.0000          NULL 
290.0000    3    2.000   1.0000         rwNov
292.0000    3    2.000   1.0000         rwNov
294.0000    0    2.000   1.0000          NULL 
296.0000    3    2.000   1.0000         rwNov
298.0000    1    2.000   1.0000         rwRep
300.0000    5    2.000   1.0000         pwOrt
302.0000    6    2.000   1.0000         pwNov
304.0000    0    2.000   1.0000          NULL 
306.0000    2    2.000   1.0000         rwOrt
308.0000    0    2.000   1.0000          NULL 
310.0000    5    2.000   1.0000         pwOrt
312.0000    0    2.000   1.0000          NULL 
314.0000    2    2.000   1.0000         rwOrt
316.0000    2    2.000   1.0000         rwOrt
318.0000    6    2.000   1.0000         pwNov
320.0000    2    2.000   1.0000         rwOrt
322.0000    0    4.000   1.0000          NULL 
326.0000    6    2.000   1.0000         pwNov
328.0000    4    2.000   1.0000         pwRep
330.0000    0    2.000   1.0000          NULL 
332.0000    4    2.000   1.0000         pwRep
334.0000    1    2.000   1.0000         rwRep
336.0000    6    2.000   1.0000         pwNov
338.0000    1    2.000   1.0000         rwRep
340.0000    6    2.000   1.0000         pwNov
342.0000    6    2.000   1.0000         pwNov
344.0000    3    2.000   1.0000         rwNov
346.0000    4    2.000   1.0000         pwRep
348.0000    1    2.000   1.0000         rwRep
350.0000    3    2.000   1.0000         rwNov
352.0000    0    6.000   1.0000          NULL 
358.0000    1    2.000   1.0000         rwRep
