  0.0000    4    2.000   1.0000         pwRep
  2.0000    1    2.000   1.0000         rwRep
  4.0000    2    2.000   1.0000         rwOrt
  6.0000    0    2.000   1.0000          NULL 
  8.0000    4    2.000   1.0000         pwRep
 10.0000    2    2.000   1.0000         rwOrt
 12.0000    1    2.000   1.0000         rwRep
 14.0000    4    2.000   1.0000         pwRep
 16.0000    6    2.000   1.0000         pwNov
 18.0000    2    2.000   1.0000         rwOrt
 20.0000    0    2.000   1.0000          NULL 
 22.0000    5    2.000   1.0000         pwOrt
 24.0000    3    2.000   1.0000         rwNov
 26.0000    3    2.000   1.0000         rwNov
 28.0000    0    2.000   1.0000          NULL 
 30.0000    2    2.000   1.0000         rwOrt
 32.0000    1    2.000   1.0000         rwRep
 34.0000    6    2.000   1.0000         pwNov
 36.0000    0    6.000   1.0000          NULL 
 42.0000    5    2.000   1.0000         pwOrt
 44.0000    2    2.000   1.0000         rwOrt
 46.0000    3    2.000   1.0000         rwNov
 48.0000    0    2.000   1.0000          NULL 
 50.0000    3    2.000   1.0000         rwNov
 52.0000    4    2.000   1.0000         pwRep
 54.0000    4    2.000   1.0000         pwRep
 56.0000    0    2.000   1.0000          NULL 
 58.0000    5    2.000   1.0000         pwOrt
 60.0000    5    2.000   1.0000         pwOrt
 62.0000    5    2.000   1.0000         pwOrt
 64.0000    4    2.000   1.0000         pwRep
 66.0000    0    4.000   1.0000          NULL 
 70.0000    2    2.000   1.0000         rwOrt
 72.0000    3    2.000   1.0000         rwNov
 74.0000    3    2.000   1.0000         rwNov
 76.0000    0    2.000   1.0000          NULL 
 78.0000    6    2.000   1.0000         pwNov
 80.0000    1    2.000   1.0000         rwRep
 82.0000    2    2.000   1.0000         rwOrt
 84.0000    6    2.000   1.0000         pwNov
 86.0000    4    2.000   1.0000         pwRep
 88.0000    3    2.000   1.0000         rwNov
 90.0000    0    2.000   1.0000          NULL 
 92.0000    2    2.000   1.0000         rwOrt
 94.0000    5    2.000   1.0000         pwOrt
 96.0000    0    2.000   1.0000          NULL 
 98.0000    3    2.000   1.0000         rwNov
100.0000    1    2.000   1.0000         rwRep
102.0000    0    2.000   1.0000          NULL 
104.0000    6    2.000   1.0000         pwNov
106.0000    3    2.000   1.0000         rwNov
108.0000    0    4.000   1.0000          NULL 
112.0000    1    2.000   1.0000         rwRep
114.0000    6    2.000   1.0000         pwNov
116.0000    1    2.000   1.0000         rwRep
118.0000    3    2.000   1.0000         rwNov
120.0000    4    2.000   1.0000         pwRep
122.0000    5    2.000   1.0000         pwOrt
124.0000    0    2.000   1.0000          NULL 
126.0000    1    2.000   1.0000         rwRep
128.0000    0    2.000   1.0000          NULL 
130.0000    6    2.000   1.0000         pwNov
132.0000    3    2.000   1.0000         rwNov
134.0000    0    2.000   1.0000          NULL 
136.0000    6    2.000   1.0000         pwNov
138.0000    0    2.000   1.0000          NULL 
140.0000    3    2.000   1.0000         rwNov
142.0000    0    2.000   1.0000          NULL 
144.0000    3    2.000   1.0000         rwNov
146.0000    1    2.000   1.0000         rwRep
148.0000    0    4.000   1.0000          NULL 
152.0000    2    2.000   1.0000         rwOrt
154.0000    0    2.000   1.0000          NULL 
156.0000    5    2.000   1.0000         pwOrt
158.0000    0    2.000   1.0000          NULL 
160.0000    5    2.000   1.0000         pwOrt
162.0000    3    2.000   1.0000         rwNov
164.0000    0    2.000   1.0000          NULL 
166.0000    6    2.000   1.0000         pwNov
168.0000    4    2.000   1.0000         pwRep
170.0000    0    2.000   1.0000          NULL 
172.0000    1    2.000   1.0000         rwRep
174.0000    5    2.000   1.0000         pwOrt
176.0000    0    2.000   1.0000          NULL 
178.0000    4    2.000   1.0000         pwRep
180.0000    1    2.000   1.0000         rwRep
182.0000    2    2.000   1.0000         rwOrt
184.0000    5    2.000   1.0000         pwOrt
186.0000    1    2.000   1.0000         rwRep
188.0000    1    2.000   1.0000         rwRep
190.0000    4    2.000   1.0000         pwRep
192.0000    0    2.000   1.0000          NULL 
194.0000    5    2.000   1.0000         pwOrt
196.0000    0    8.000   1.0000          NULL 
204.0000    6    2.000   1.0000         pwNov
206.0000    2    2.000   1.0000         rwOrt
208.0000    0    4.000   1.0000          NULL 
212.0000    6    2.000   1.0000         pwNov
214.0000    5    2.000   1.0000         pwOrt
216.0000    1    2.000   1.0000         rwRep
218.0000    5    2.000   1.0000         pwOrt
220.0000    3    2.000   1.0000         rwNov
222.0000    6    2.000   1.0000         pwNov
224.0000    6    2.000   1.0000         pwNov
226.0000    0    4.000   1.0000          NULL 
230.0000    6    2.000   1.0000         pwNov
232.0000    4    2.000   1.0000         pwRep
234.0000    5    2.000   1.0000         pwOrt
236.0000    0    4.000   1.0000          NULL 
240.0000    3    2.000   1.0000         rwNov
242.0000    5    2.000   1.0000         pwOrt
244.0000    0    6.000   1.0000          NULL 
250.0000    4    2.000   1.0000         pwRep
252.0000    6    2.000   1.0000         pwNov
254.0000    6    2.000   1.0000         pwNov
256.0000    6    2.000   1.0000         pwNov
258.0000    4    2.000   1.0000         pwRep
260.0000    1    2.000   1.0000         rwRep
262.0000    0    6.000   1.0000          NULL 
268.0000    1    2.000   1.0000         rwRep
270.0000    0    2.000   1.0000          NULL 
272.0000    2    2.000   1.0000         rwOrt
274.0000    5    2.000   1.0000         pwOrt
276.0000    5    2.000   1.0000         pwOrt
278.0000    2    2.000   1.0000         rwOrt
280.0000    2    2.000   1.0000         rwOrt
282.0000    1    2.000   1.0000         rwRep
284.0000    3    2.000   1.0000         rwNov
286.0000    0    4.000   1.0000          NULL 
290.0000    2    2.000   1.0000         rwOrt
292.0000    5    2.000   1.0000         pwOrt
294.0000    0    6.000   1.0000          NULL 
300.0000    6    2.000   1.0000         pwNov
302.0000    1    2.000   1.0000         rwRep
304.0000    2    2.000   1.0000         rwOrt
306.0000    4    2.000   1.0000         pwRep
308.0000    3    2.000   1.0000         rwNov
310.0000    2    2.000   1.0000         rwOrt
312.0000    4    2.000   1.0000         pwRep
314.0000    0    2.000   1.0000          NULL 
316.0000    3    2.000   1.0000         rwNov
318.0000    6    2.000   1.0000         pwNov
320.0000    0    2.000   1.0000          NULL 
322.0000    4    2.000   1.0000         pwRep
324.0000    2    2.000   1.0000         rwOrt
326.0000    2    2.000   1.0000         rwOrt
328.0000    0    6.000   1.0000          NULL 
334.0000    4    2.000   1.0000         pwRep
336.0000    2    2.000   1.0000         rwOrt
338.0000    0    2.000   1.0000          NULL 
340.0000    3    2.000   1.0000         rwNov
342.0000    6    2.000   1.0000         pwNov
344.0000    1    2.000   1.0000         rwRep
346.0000    5    2.000   1.0000         pwOrt
348.0000    1    2.000   1.0000         rwRep
350.0000    0    6.000   1.0000          NULL 
356.0000    4    2.000   1.0000         pwRep
358.0000    4    2.000   1.0000         pwRep
