  0.0000    5    2.000   1.0000         pwOrt
  2.0000    5    2.000   1.0000         pwOrt
  4.0000    2    2.000   1.0000         rwOrt
  6.0000    0    2.000   1.0000          NULL 
  8.0000    4    2.000   1.0000         pwRep
 10.0000    1    2.000   1.0000         rwRep
 12.0000    4    2.000   1.0000         pwRep
 14.0000    5    2.000   1.0000         pwOrt
 16.0000    5    2.000   1.0000         pwOrt
 18.0000    1    2.000   1.0000         rwRep
 20.0000    0    2.000   1.0000          NULL 
 22.0000    1    2.000   1.0000         rwRep
 24.0000    0    4.000   1.0000          NULL 
 28.0000    3    2.000   1.0000         rwNov
 30.0000    6    2.000   1.0000         pwNov
 32.0000    0    2.000   1.0000          NULL 
 34.0000    4    2.000   1.0000         pwRep
 36.0000    2    2.000   1.0000         rwOrt
 38.0000    4    2.000   1.0000         pwRep
 40.0000    0    2.000   1.0000          NULL 
 42.0000    4    2.000   1.0000         pwRep
 44.0000    0    2.000   1.0000          NULL 
 46.0000    2    2.000   1.0000         rwOrt
 48.0000    1    2.000   1.0000         rwRep
 50.0000    5    2.000   1.0000         pwOrt
 52.0000    0    4.000   1.0000          NULL 
 56.0000    1    2.000   1.0000         rwRep
 58.0000    0    2.000   1.0000          NULL 
 60.0000    6    2.000   1.0000         pwNov
 62.0000    2    2.000   1.0000         rwOrt
 64.0000    0    4.000   1.0000          NULL 
 68.0000    2    2.000   1.0000         rwOrt
 70.0000    0    2.000   1.0000          NULL 
 72.0000    1    2.000   1.0000         rwRep
 74.0000    1    2.000   1.0000         rwRep
 76.0000    0    2.000   1.0000          NULL 
 78.0000    1    2.000   1.0000         rwRep
 80.0000    5    2.000   1.0000         pwOrt
 82.0000    2    2.000   1.0000         rwOrt
 84.0000    4    2.000   1.0000         pwRep
 86.0000    0    2.000   1.0000          NULL 
 88.0000    4    2.000   1.0000         pwRep
 90.0000    3    2.000   1.0000         rwNov
 92.0000    0    2.000   1.0000          NULL 
 94.0000    3    2.000   1.0000         rwNov
 96.0000    4    2.000   1.0000         pwRep
 98.0000    1    2.000   1.0000         rwRep
100.0000    3    2.000   1.0000         rwNov
102.0000    3    2.000   1.0000         rwNov
104.0000    0    2.000   1.0000          NULL 
106.0000    5    2.000   1.0000         pwOrt
108.0000    1    2.000   1.0000         rwRep
110.0000    0    2.000   1.0000          NULL 
112.0000    3    2.000   1.0000         rwNov
114.0000    0    2.000   1.0000          NULL 
116.0000    3    2.000   1.0000         rwNov
118.0000    2    2.000   1.0000         rwOrt
120.0000    6    2.000   1.0000         pwNov
122.0000    5    2.000   1.0000         pwOrt
124.0000    6    2.000   1.0000         pwNov
126.0000    4    2.000   1.0000         pwRep
128.0000    6    2.000   1.0000         pwNov
130.0000    0    4.000   1.0000          NULL 
134.0000    5    2.000   1.0000         pwOrt
136.0000    0    4.000   1.0000          NULL 
140.0000    2    2.000   1.0000         rwOrt
142.0000    5    2.000   1.0000         pwOrt
144.0000    0    4.000   1.0000          NULL 
148.0000    2    2.000   1.0000         rwOrt
150.0000    3    2.000   1.0000         rwNov
152.0000    6    2.000   1.0000         pwNov
154.0000    3    2.000   1.0000         rwNov
156.0000    1    2.000   1.0000         rwRep
158.0000    4    2.000   1.0000         pwRep
160.0000    3    2.000   1.0000         rwNov
162.0000    5    2.000   1.0000         pwOrt
164.0000    0    2.000   1.0000          NULL 
166.0000    2    2.000   1.0000         rwOrt
168.0000    0    2.000   1.0000          NULL 
170.0000    6    2.000   1.0000         pwNov
172.0000    0    2.000   1.0000          NULL 
174.0000    2    2.000   1.0000         rwOrt
176.0000    5    2.000   1.0000         pwOrt
178.0000    4    2.000   1.0000         pwRep
180.0000    0    2.000   1.0000          NULL 
182.0000    2    2.000   1.0000         rwOrt
184.0000    1    2.000   1.0000         rwRep
186.0000    2    2.000   1.0000         rwOrt
188.0000    4    2.000   1.0000         pwRep
190.0000    2    2.000   1.0000         rwOrt
192.0000    0    2.000   1.0000          NULL 
194.0000    5    2.000   1.0000         pwOrt
196.0000    3    2.000   1.0000         rwNov
198.0000    0    2.000   1.0000          NULL 
200.0000    1    2.000   1.0000         rwRep
202.0000    6    2.000   1.0000         pwNov
204.0000    4    2.000   1.0000         pwRep
206.0000    1    2.000   1.0000         rwRep
208.0000    5    2.000   1.0000         pwOrt
210.0000    6    2.000   1.0000         pwNov
212.0000    3    2.000   1.0000         rwNov
214.0000    0    2.000   1.0000          NULL 
216.0000    1    2.000   1.0000         rwRep
218.0000    4    2.000   1.0000         pwRep
220.0000    0    4.000   1.0000          NULL 
224.0000    5    2.000   1.0000         pwOrt
226.0000    3    2.000   1.0000         rwNov
228.0000    0    2.000   1.0000          NULL 
230.0000    6    2.000   1.0000         pwNov
232.0000    0    2.000   1.0000          NULL 
234.0000    1    2.000   1.0000         rwRep
236.0000    6    2.000   1.0000         pwNov
238.0000    0    2.000   1.0000          NULL 
240.0000    4    2.000   1.0000         pwRep
242.0000    0    6.000   1.0000          NULL 
248.0000    3    2.000   1.0000         rwNov
250.0000    0    2.000   1.0000          NULL 
252.0000    6    2.000   1.0000         pwNov
254.0000    0    4.000   1.0000          NULL 
258.0000    6    2.000   1.0000         pwNov
260.0000    0    2.000   1.0000          NULL 
262.0000    2    2.000   1.0000         rwOrt
264.0000    0    2.000   1.0000          NULL 
266.0000    1    2.000   1.0000         rwRep
268.0000    0    4.000   1.0000          NULL 
272.0000    4    2.000   1.0000         pwRep
274.0000    5    2.000   1.0000         pwOrt
276.0000    3    2.000   1.0000         rwNov
278.0000    5    2.000   1.0000         pwOrt
280.0000    2    2.000   1.0000         rwOrt
282.0000    0    4.000   1.0000          NULL 
286.0000    3    2.000   1.0000         rwNov
288.0000    0    6.000   1.0000          NULL 
294.0000    6    2.000   1.0000         pwNov
296.0000    6    2.000   1.0000         pwNov
298.0000    6    2.000   1.0000         pwNov
300.0000    2    2.000   1.0000         rwOrt
302.0000    1    2.000   1.0000         rwRep
304.0000    2    2.000   1.0000         rwOrt
306.0000    6    2.000   1.0000         pwNov
308.0000    3    2.000   1.0000         rwNov
310.0000    2    2.000   1.0000         rwOrt
312.0000    0   10.000   1.0000          NULL 
322.0000    4    2.000   1.0000         pwRep
324.0000    4    2.000   1.0000         pwRep
326.0000    3    2.000   1.0000         rwNov
328.0000    6    2.000   1.0000         pwNov
330.0000    0    2.000   1.0000          NULL 
332.0000    6    2.000   1.0000         pwNov
334.0000    3    2.000   1.0000         rwNov
336.0000    0    4.000   1.0000          NULL 
340.0000    4    2.000   1.0000         pwRep
342.0000    1    2.000   1.0000         rwRep
344.0000    3    2.000   1.0000         rwNov
346.0000    6    2.000   1.0000         pwNov
348.0000    4    2.000   1.0000         pwRep
350.0000    5    2.000   1.0000         pwOrt
352.0000    2    2.000   1.0000         rwOrt
354.0000    5    2.000   1.0000         pwOrt
356.0000    1    2.000   1.0000         rwRep
358.0000    5    2.000   1.0000         pwOrt
