  0.0000    3    2.000   1.0000         rwNov
  2.0000    2    2.000   1.0000         rwOrt
  4.0000    2    2.000   1.0000         rwOrt
  6.0000    3    2.000   1.0000         rwNov
  8.0000    1    2.000   1.0000         rwRep
 10.0000    0    4.000   1.0000          NULL 
 14.0000    5    2.000   1.0000         pwOrt
 16.0000    5    2.000   1.0000         pwOrt
 18.0000    2    2.000   1.0000         rwOrt
 20.0000    2    2.000   1.0000         rwOrt
 22.0000    6    2.000   1.0000         pwNov
 24.0000    4    2.000   1.0000         pwRep
 26.0000    6    2.000   1.0000         pwNov
 28.0000    1    2.000   1.0000         rwRep
 30.0000    5    2.000   1.0000         pwOrt
 32.0000    0    4.000   1.0000          NULL 
 36.0000    3    2.000   1.0000         rwNov
 38.0000    0    2.000   1.0000          NULL 
 40.0000    3    2.000   1.0000         rwNov
 42.0000    0    2.000   1.0000          NULL 
 44.0000    6    2.000   1.0000         pwNov
 46.0000    0    2.000   1.0000          NULL 
 48.0000    5    2.000   1.0000         pwOrt
 50.0000    5    2.000   1.0000         pwOrt
 52.0000    1    2.000   1.0000         rwRep
 54.0000    1    2.000   1.0000         rwRep
 56.0000    3    2.000   1.0000         rwNov
 58.0000    0    2.000   1.0000          NULL 
 60.0000    3    2.000   1.0000         rwNov
 62.0000    5    2.000   1.0000         pwOrt
 64.0000    2    2.000   1.0000         rwOrt
 66.0000    5    2.000   1.0000         pwOrt
 68.0000    5    2.000   1.0000         pwOrt
 70.0000    3    2.000   1.0000         rwNov
 72.0000    0    2.000   1.0000          NULL 
 74.0000    2    2.000   1.0000         rwOrt
 76.0000    0    2.000   1.0000          NULL 
 78.0000    4    2.000   1.0000         pwRep
 80.0000    0    2.000   1.0000          NULL 
 82.0000    4    2.000   1.0000         pwRep
 84.0000    2    2.000   1.0000         rwOrt
 86.0000    0    4.000   1.0000          NULL 
 90.0000    5    2.000   1.0000         pwOrt
 92.0000    4    2.000   1.0000         pwRep
 94.0000    3    2.000   1.0000         rwNov
 96.0000    0    2.000   1.0000          NULL 
 98.0000    4    2.000   1.0000         pwRep
100.0000    4    2.000   1.0000         pwRep
102.0000    0    4.000   1.0000          NULL 
106.0000    1    2.000   1.0000         rwRep
108.0000    6    2.000   1.0000         pwNov
110.0000    4    2.000   1.0000         pwRep
112.0000    4    2.000   1.0000         pwRep
114.0000    2    2.000   1.0000         rwOrt
116.0000    3    2.000   1.0000         rwNov
118.0000    0    4.000   1.0000          NULL 
122.0000    1    2.000   1.0000         rwRep
124.0000    0    2.000   1.0000          NULL 
126.0000    2    2.000   1.0000         rwOrt
128.0000    0    4.000   1.0000          NULL 
132.0000    2    2.000   1.0000         rwOrt
134.0000    6    2.000   1.0000         pwNov
136.0000    4    2.000   1.0000         pwRep
138.0000    3    2.000   1.0000         rwNov
140.0000    1    2.000   1.0000         rwRep
142.0000    4    2.000   1.0000         pwRep
144.0000    3    2.000   1.0000         rwNov
146.0000    6    2.000   1.0000         pwNov
148.0000    1    2.000   1.0000         rwRep
150.0000    2    2.000   1.0000         rwOrt
152.0000    0    4.000   1.0000          NULL 
156.0000    2    2.000   1.0000         rwOrt
158.0000    0    2.000   1.0000          NULL 
160.0000    4    2.000   1.0000         pwRep
162.0000    1    2.000   1.0000         rwRep
164.0000    0    4.000   1.0000          NULL 
168.0000    3    2.000   1.0000         rwNov
170.0000    2    2.000   1.0000         rwOrt
172.0000    5    2.000   1.0000         pwOrt
174.0000    3    2.000   1.0000         rwNov
176.0000    4    2.000   1.0000         pwRep
178.0000    0    4.000   1.0000          NULL 
182.0000    3    2.000   1.0000         rwNov
184.0000    1    2.000   1.0000         rwRep
186.0000    3    2.000   1.0000         rwNov
188.0000    6    2.000   1.0000         pwNov
190.0000    3    2.000   1.0000         rwNov
192.0000    3    2.000   1.0000         rwNov
194.0000    5    2.000   1.0000         pwOrt
196.0000    5    2.000   1.0000         pwOrt
198.0000    6    2.000   1.0000         pwNov
200.0000    0    2.000   1.0000          NULL 
202.0000    2    2.000   1.0000         rwOrt
204.0000    5    2.000   1.0000         pwOrt
206.0000    2    2.000   1.0000         rwOrt
208.0000    0    2.000   1.0000          NULL 
210.0000    1    2.000   1.0000         rwRep
212.0000    4    2.000   1.0000         pwRep
214.0000    3    2.000   1.0000         rwNov
216.0000    0    2.000   1.0000          NULL 
218.0000    5    2.000   1.0000         pwOrt
220.0000    0    4.000   1.0000          NULL 
224.0000    6    2.000   1.0000         pwNov
226.0000    5    2.000   1.0000         pwOrt
228.0000    1    2.000   1.0000         rwRep
230.0000    1    2.000   1.0000         rwRep
232.0000    0    2.000   1.0000          NULL 
234.0000    6    2.000   1.0000         pwNov
236.0000    0    2.000   1.0000          NULL 
238.0000    3    2.000   1.0000         rwNov
240.0000    2    2.000   1.0000         rwOrt
242.0000    1    2.000   1.0000         rwRep
244.0000    0    2.000   1.0000          NULL 
246.0000    6    2.000   1.0000         pwNov
248.0000    0    2.000   1.0000          NULL 
250.0000    4    2.000   1.0000         pwRep
252.0000    0    4.000   1.0000          NULL 
256.0000    5    2.000   1.0000         pwOrt
258.0000    0   10.000   1.0000          NULL 
268.0000    6    2.000   1.0000         pwNov
270.0000    0    2.000   1.0000          NULL 
272.0000    6    2.000   1.0000         pwNov
274.0000    4    2.000   1.0000         pwRep
276.0000    5    2.000   1.0000         pwOrt
278.0000    0    2.000   1.0000          NULL 
280.0000    2    2.000   1.0000         rwOrt
282.0000    4    2.000   1.0000         pwRep
284.0000    0    2.000   1.0000          NULL 
286.0000    5    2.000   1.0000         pwOrt
288.0000    2    2.000   1.0000         rwOrt
290.0000    6    2.000   1.0000         pwNov
292.0000    1    2.000   1.0000         rwRep
294.0000    6    2.000   1.0000         pwNov
296.0000    0    2.000   1.0000          NULL 
298.0000    5    2.000   1.0000         pwOrt
300.0000    0    2.000   1.0000          NULL 
302.0000    4    2.000   1.0000         pwRep
304.0000    6    2.000   1.0000         pwNov
306.0000    4    2.000   1.0000         pwRep
308.0000    0    4.000   1.0000          NULL 
312.0000    6    2.000   1.0000         pwNov
314.0000    0    2.000   1.0000          NULL 
316.0000    1    2.000   1.0000         rwRep
318.0000    0    4.000   1.0000          NULL 
322.0000    1    2.000   1.0000         rwRep
324.0000    3    2.000   1.0000         rwNov
326.0000    0    6.000   1.0000          NULL 
332.0000    6    2.000   1.0000         pwNov
334.0000    2    2.000   1.0000         rwOrt
336.0000    6    2.000   1.0000         pwNov
338.0000    6    2.000   1.0000         pwNov
340.0000    1    2.000   1.0000         rwRep
342.0000    0    2.000   1.0000          NULL 
344.0000    1    2.000   1.0000         rwRep
346.0000    4    2.000   1.0000         pwRep
348.0000    2    2.000   1.0000         rwOrt
350.0000    4    2.000   1.0000         pwRep
352.0000    0    2.000   1.0000          NULL 
354.0000    5    2.000   1.0000         pwOrt
356.0000    1    2.000   1.0000         rwRep
358.0000    0    2.000   1.0000          NULL 
