  0.0000    1    2.000   1.0000         rwRep
  2.0000    4    2.000   1.0000         pwRep
  4.0000    5    2.000   1.0000         pwOrt
  6.0000    0    2.000   1.0000          NULL 
  8.0000    6    2.000   1.0000         pwNov
 10.0000    0    2.000   1.0000          NULL 
 12.0000    3    2.000   1.0000         rwNov
 14.0000    0    2.000   1.0000          NULL 
 16.0000    4    2.000   1.0000         pwRep
 18.0000    1    2.000   1.0000         rwRep
 20.0000    0    4.000   1.0000          NULL 
 24.0000    2    2.000   1.0000         rwOrt
 26.0000    6    2.000   1.0000         pwNov
 28.0000    5    2.000   1.0000         pwOrt
 30.0000    2    2.000   1.0000         rwOrt
 32.0000    4    2.000   1.0000         pwRep
 34.0000    0    2.000   1.0000          NULL 
 36.0000    1    2.000   1.0000         rwRep
 38.0000    0    4.000   1.0000          NULL 
 42.0000    1    2.000   1.0000         rwRep
 44.0000    3    2.000   1.0000         rwNov
 46.0000    5    2.000   1.0000         pwOrt
 48.0000    4    2.000   1.0000         pwRep
 50.0000    5    2.000   1.0000         pwOrt
 52.0000    4    2.000   1.0000         pwRep
 54.0000    0    2.000   1.0000          NULL 
 56.0000    1    2.000   1.0000         rwRep
 58.0000    2    2.000   1.0000         rwOrt
 60.0000    2    2.000   1.0000         rwOrt
 62.0000    3    2.000   1.0000         rwNov
 64.0000    3    2.000   1.0000         rwNov
 66.0000    1    2.000   1.0000         rwRep
 68.0000    2    2.000   1.0000         rwOrt
 70.0000    5    2.000   1.0000         pwOrt
 72.0000    0    2.000   1.0000          NULL 
 74.0000    2    2.000   1.0000         rwOrt
 76.0000    0    2.000   1.0000          NULL 
 78.0000    1    2.000   1.0000         rwRep
 80.0000    3    2.000   1.0000         rwNov
 82.0000    0    2.000   1.0000          NULL 
 84.0000    6    2.000   1.0000         pwNov
 86.0000    2    2.000   1.0000         rwOrt
 88.0000    3    2.000   1.0000         rwNov
 90.0000    5    2.000   1.0000         pwOrt
 92.0000    6    2.000   1.0000         pwNov
 94.0000    0    8.000   1.0000          NULL 
102.0000    6    2.000   1.0000         pwNov
104.0000    6    2.000   1.0000         pwNov
106.0000    1    2.000   1.0000         rwRep
108.0000    6    2.000   1.0000         pwNov
110.0000    2    2.000   1.0000         rwOrt
112.0000    5    2.000   1.0000         pwOrt
114.0000    3    2.000   1.0000         rwNov
116.0000    4    2.000   1.0000         pwRep
118.0000    0    4.000   1.0000          NULL 
122.0000    4    2.000   1.0000         pwRep
124.0000    0    4.000   1.0000          NULL 
128.0000    5    2.000   1.0000         pwOrt
130.0000    4    2.000   1.0000         pwRep
132.0000    0    2.000   1.0000          NULL 
134.0000    1    2.000   1.0000         rwRep
136.0000    1    2.000   1.0000         rwRep
138.0000    6    2.000   1.0000         pwNov
140.0000    0    4.000   1.0000          NULL 
144.0000    4    2.000   1.0000         pwRep
146.0000    3    2.000   1.0000         rwNov
148.0000    0    2.000   1.0000          NULL 
150.0000    2    2.000   1.0000         rwOrt
152.0000    6    2.000   1.0000         pwNov
154.0000    4    2.000   1.0000         pwRep
156.0000    0    2.000   1.0000          NULL 
158.0000    3    2.000   1.0000         rwNov
160.0000    5    2.000   1.0000         pwOrt
162.0000    0    2.000   1.0000          NULL 
164.0000    3    2.000   1.0000         rwNov
166.0000    2    2.000   1.0000         rwOrt
168.0000    3    2.000   1.0000         rwNov
170.0000    4    2.000   1.0000         pwRep
172.0000    3    2.000   1.0000         rwNov
174.0000    1    2.000   1.0000         rwRep
176.0000    1    2.000   1.0000         rwRep
178.0000    0    2.000   1.0000          NULL 
180.0000    4    2.000   1.0000         pwRep
182.0000    5    2.000   1.0000         pwOrt
184.0000    5    2.000   1.0000         pwOrt
186.0000    0    2.000   1.0000          NULL 
188.0000    3    2.000   1.0000         rwNov
190.0000    3    2.000   1.0000         rwNov
192.0000    0    2.000   1.0000          NULL 
194.0000    5    2.000   1.0000         pwOrt
196.0000    5    2.000   1.0000         pwOrt
198.0000    2    2.000   1.0000         rwOrt
200.0000    0    2.000   1.0000          NULL 
202.0000    3    2.000   1.0000         rwNov
204.0000    0    2.000   1.0000          NULL 
206.0000    5    2.000   1.0000         pwOrt
208.0000    4    2.000   1.0000         pwRep
210.0000    3    2.000   1.0000         rwNov
212.0000    5    2.000   1.0000         pwOrt
214.0000    2    2.000   1.0000         rwOrt
216.0000    0    2.000   1.0000          NULL 
218.0000    3    2.000   1.0000         rwNov
220.0000    1    2.000   1.0000         rwRep
222.0000    4    2.000   1.0000         pwRep
224.0000    3    2.000   1.0000         rwNov
226.0000    0    2.000   1.0000          NULL 
228.0000    6    2.000   1.0000         pwNov
230.0000    0    2.000   1.0000          NULL 
232.0000    1    2.000   1.0000         rwRep
234.0000    6    2.000   1.0000         pwNov
236.0000    0    2.000   1.0000          NULL 
238.0000    5    2.000   1.0000         pwOrt
240.0000    5    2.000   1.0000         pwOrt
242.0000    0    2.000   1.0000          NULL 
244.0000    6    2.000   1.0000         pwNov
246.0000    0    2.000   1.0000          NULL 
248.0000    2    2.000   1.0000         rwOrt
250.0000    0    4.000   1.0000          NULL 
254.0000    6    2.000   1.0000         pwNov
256.0000    0    4.000   1.0000          NULL 
260.0000    2    2.000   1.0000         rwOrt
262.0000    1    2.000   1.0000         rwRep
264.0000    0    2.000   1.0000          NULL 
266.0000    1    2.000   1.0000         rwRep
268.0000    5    2.000   1.0000         pwOrt
270.0000    3    2.000   1.0000         rwNov
272.0000    4    2.000   1.0000         pwRep
274.0000    0    2.000   1.0000          NULL 
276.0000    6    2.000   1.0000         pwNov
278.0000    4    2.000   1.0000         pwRep
280.0000    0    2.000   1.0000          NULL 
282.0000    6    2.000   1.0000         pwNov
284.0000    4    2.000   1.0000         pwRep
286.0000    0    4.000   1.0000          NULL 
290.0000    2    2.000   1.0000         rwOrt
292.0000    0    2.000   1.0000          NULL 
294.0000    5    2.000   1.0000         pwOrt
296.0000    0    4.000   1.0000          NULL 
300.0000    2    2.000   1.0000         rwOrt
302.0000    4    2.000   1.0000         pwRep
304.0000    0    2.000   1.0000          NULL 
306.0000    2    2.000   1.0000         rwOrt
308.0000    0    2.000   1.0000          NULL 
310.0000    1    2.000   1.0000         rwRep
312.0000    2    2.000   1.0000         rwOrt
314.0000    6    2.000   1.0000         pwNov
316.0000    2    2.000   1.0000         rwOrt
318.0000    0    2.000   1.0000          NULL 
320.0000    2    2.000   1.0000         rwOrt
322.0000    1    2.000   1.0000         rwRep
324.0000    5    2.000   1.0000         pwOrt
326.0000    1    2.000   1.0000         rwRep
328.0000    0    2.000   1.0000          NULL 
330.0000    6    2.000   1.0000         pwNov
332.0000    6    2.000   1.0000         pwNov
334.0000    3    2.000   1.0000         rwNov
336.0000    0    4.000   1.0000          NULL 
340.0000    4    2.000   1.0000         pwRep
342.0000    6    2.000   1.0000         pwNov
344.0000    1    2.000   1.0000         rwRep
346.0000    6    2.000   1.0000         pwNov
348.0000    0    6.000   1.0000          NULL 
354.0000    4    2.000   1.0000         pwRep
356.0000    0    4.000   1.0000          NULL 
