  0.0000    5    2.000   1.0000         pwOrt
  2.0000    2    2.000   1.0000         rwOrt
  4.0000    0    2.000   1.0000          NULL 
  6.0000    3    2.000   1.0000         rwNov
  8.0000    4    2.000   1.0000         pwRep
 10.0000    1    2.000   1.0000         rwRep
 12.0000    4    2.000   1.0000         pwRep
 14.0000    5    2.000   1.0000         pwOrt
 16.0000    1    2.000   1.0000         rwRep
 18.0000    0    6.000   1.0000          NULL 
 24.0000    4    2.000   1.0000         pwRep
 26.0000    0    2.000   1.0000          NULL 
 28.0000    1    2.000   1.0000         rwRep
 30.0000    2    2.000   1.0000         rwOrt
 32.0000    0    2.000   1.0000          NULL 
 34.0000    3    2.000   1.0000         rwNov
 36.0000    0    2.000   1.0000          NULL 
 38.0000    1    2.000   1.0000         rwRep
 40.0000    5    2.000   1.0000         pwOrt
 42.0000    1    2.000   1.0000         rwRep
 44.0000    4    2.000   1.0000         pwRep
 46.0000    6    2.000   1.0000         pwNov
 48.0000    1    2.000   1.0000         rwRep
 50.0000    0    2.000   1.0000          NULL 
 52.0000    4    2.000   1.0000         pwRep
 54.0000    4    2.000   1.0000         pwRep
 56.0000    0    2.000   1.0000          NULL 
 58.0000    5    2.000   1.0000         pwOrt
 60.0000    0    2.000   1.0000          NULL 
 62.0000    4    2.000   1.0000         pwRep
 64.0000    0    2.000   1.0000          NULL 
 66.0000    2    2.000   1.0000         rwOrt
 68.0000    4    2.000   1.0000         pwRep
 70.0000    0    2.000   1.0000          NULL 
 72.0000    1    2.000   1.0000         rwRep
 74.0000    1    2.000   1.0000         rwRep
 76.0000    4    2.000   1.0000         pwRep
 78.0000    0    2.000   1.0000          NULL 
 80.0000    4    2.000   1.0000         pwRep
 82.0000    5    2.000   1.0000         pwOrt
 84.0000    0   10.000   1.0000          NULL 
 94.0000    3    2.000   1.0000         rwNov
 96.0000    0    2.000   1.0000          NULL 
 98.0000    1    2.000   1.0000         rwRep
100.0000    5    2.000   1.0000         pwOrt
102.0000    0    2.000   1.0000          NULL 
104.0000    1    2.000   1.0000         rwRep
106.0000    1    2.000   1.0000         rwRep
108.0000    2    2.000   1.0000         rwOrt
110.0000    0    4.000   1.0000          NULL 
114.0000    3    2.000   1.0000         rwNov
116.0000    6    2.000   1.0000         pwNov
118.0000    0    2.000   1.0000          NULL 
120.0000    6    2.000   1.0000         pwNov
122.0000    5    2.000   1.0000         pwOrt
124.0000    1    2.000   1.0000         rwRep
126.0000    0    4.000   1.0000          NULL 
130.0000    6    2.000   1.0000         pwNov
132.0000    5    2.000   1.0000         pwOrt
134.0000    0    2.000   1.0000          NULL 
136.0000    3    2.000   1.0000         rwNov
138.0000    0    4.000   1.0000          NULL 
142.0000    2    2.000   1.0000         rwOrt
144.0000    5    2.000   1.0000         pwOrt
146.0000    4    2.000   1.0000         pwRep
148.0000    3    2.000   1.0000         rwNov
150.0000    0    2.000   1.0000          NULL 
152.0000    1    2.000   1.0000         rwRep
154.0000    0    2.000   1.0000          NULL 
156.0000    3    2.000   1.0000         rwNov
158.0000    0    2.000   1.0000          NULL 
160.0000    5    2.000   1.0000         pwOrt
162.0000    0    2.000   1.0000          NULL 
164.0000    3    2.000   1.0000         rwNov
166.0000    2    2.000   1.0000         rwOrt
168.0000    0    4.000   1.0000          NULL 
172.0000    1    2.000   1.0000         rwRep
174.0000    2    2.000   1.0000         rwOrt
176.0000    0    4.000   1.0000          NULL 
180.0000    6    2.000   1.0000         pwNov
182.0000    0    4.000   1.0000          NULL 
186.0000    3    2.000   1.0000         rwNov
188.0000    6    2.000   1.0000         pwNov
190.0000    6    2.000   1.0000         pwNov
192.0000    3    2.000   1.0000         rwNov
194.0000    6    2.000   1.0000         pwNov
196.0000    4    2.000   1.0000         pwRep
198.0000    5    2.000   1.0000         pwOrt
200.0000    3    2.000   1.0000         rwNov
202.0000    0    4.000   1.0000          NULL 
206.0000    2    2.000   1.0000         rwOrt
208.0000    4    2.000   1.0000         pwRep
210.0000    4    2.000   1.0000         pwRep
212.0000    5    2.000   1.0000         pwOrt
214.0000    2    2.000   1.0000         rwOrt
216.0000    0    2.000   1.0000          NULL 
218.0000    2    2.000   1.0000         rwOrt
220.0000    3    2.000   1.0000         rwNov
222.0000    1    2.000   1.0000         rwRep
224.0000    3    2.000   1.0000         rwNov
226.0000    0    2.000   1.0000          NULL 
228.0000    6    2.000   1.0000         pwNov
230.0000    0    2.000   1.0000          NULL 
232.0000    3    2.000   1.0000         rwNov
234.0000    0    2.000   1.0000          NULL 
236.0000    6    2.000   1.0000         pwNov
238.0000    6    2.000   1.0000         pwNov
240.0000    2    2.000   1.0000         rwOrt
242.0000    2    2.000   1.0000         rwOrt
244.0000    2    2.000   1.0000         rwOrt
246.0000    2    2.000   1.0000         rwOrt
248.0000    0    6.000   1.0000          NULL 
254.0000    3    2.000   1.0000         rwNov
256.0000    3    2.000   1.0000         rwNov
258.0000    5    2.000   1.0000         pwOrt
260.0000    4    2.000   1.0000         pwRep
262.0000    0    4.000   1.0000          NULL 
266.0000    3    2.000   1.0000         rwNov
268.0000    6    2.000   1.0000         pwNov
270.0000    5    2.000   1.0000         pwOrt
272.0000    5    2.000   1.0000         pwOrt
274.0000    0    2.000   1.0000          NULL 
276.0000    4    2.000   1.0000         pwRep
278.0000    1    2.000   1.0000         rwRep
280.0000    6    2.000   1.0000         pwNov
282.0000    2    2.000   1.0000         rwOrt
284.0000    4    2.000   1.0000         pwRep
286.0000    0    2.000   1.0000          NULL 
288.0000    6    2.000   1.0000         pwNov
290.0000    4    2.000   1.0000         pwRep
292.0000    3    2.000   1.0000         rwNov
294.0000    6    2.000   1.0000         pwNov
296.0000    0    2.000   1.0000          NULL 
298.0000    1    2.000   1.0000         rwRep
300.0000    2    2.000   1.0000         rwOrt
302.0000    5    2.000   1.0000         pwOrt
304.0000    4    2.000   1.0000         pwRep
306.0000    6    2.000   1.0000         pwNov
308.0000    6    2.000   1.0000         pwNov
310.0000    6    2.000   1.0000         pwNov
312.0000    0    2.000   1.0000          NULL 
314.0000    1    2.000   1.0000         rwRep
316.0000    0    2.000   1.0000          NULL 
318.0000    3    2.000   1.0000         rwNov
320.0000    2    2.000   1.0000         rwOrt
322.0000    3    2.000   1.0000         rwNov
324.0000    1    2.000   1.0000         rwRep
326.0000    0    2.000   1.0000          NULL 
328.0000    5    2.000   1.0000         pwOrt
330.0000    5    2.000   1.0000         pwOrt
332.0000    1    2.000   1.0000         rwRep
334.0000    5    2.000   1.0000         pwOrt
336.0000    0    2.000   1.0000          NULL 
338.0000    2    2.000   1.0000         rwOrt
340.0000    5    2.000   1.0000         pwOrt
342.0000    6    2.000   1.0000         pwNov
344.0000    0    4.000   1.0000          NULL 
348.0000    4    2.000   1.0000         pwRep
350.0000    0    2.000   1.0000          NULL 
352.0000    2    2.000   1.0000         rwOrt
354.0000    2    2.000   1.0000         rwOrt
356.0000    0    2.000   1.0000          NULL 
358.0000    6    2.000   1.0000         pwNov
