  0.0000    1    2.000   1.0000         rwRep
  2.0000    2    2.000   1.0000         rwOrt
  4.0000    3    2.000   1.0000         rwNov
  6.0000    0    2.000   1.0000          NULL 
  8.0000    6    2.000   1.0000         pwNov
 10.0000    4    2.000   1.0000         pwRep
 12.0000    6    2.000   1.0000         pwNov
 14.0000    0    2.000   1.0000          NULL 
 16.0000    3    2.000   1.0000         rwNov
 18.0000    6    2.000   1.0000         pwNov
 20.0000    4    2.000   1.0000         pwRep
 22.0000    5    2.000   1.0000         pwOrt
 24.0000    0    2.000   1.0000          NULL 
 26.0000    2    2.000   1.0000         rwOrt
 28.0000    0    2.000   1.0000          NULL 
 30.0000    3    2.000   1.0000         rwNov
 32.0000    4    2.000   1.0000         pwRep
 34.0000    2    2.000   1.0000         rwOrt
 36.0000    6    2.000   1.0000         pwNov
 38.0000    0    2.000   1.0000          NULL 
 40.0000    3    2.000   1.0000         rwNov
 42.0000    0    4.000   1.0000          NULL 
 46.0000    6    2.000   1.0000         pwNov
 48.0000    6    2.000   1.0000         pwNov
 50.0000    5    2.000   1.0000         pwOrt
 52.0000    2    2.000   1.0000         rwOrt
 54.0000    2    2.000   1.0000         rwOrt
 56.0000    6    2.000   1.0000         pwNov
 58.0000    1    2.000   1.0000         rwRep
 60.0000    0    6.000   1.0000          NULL 
 66.0000    5    2.000   1.0000         pwOrt
 68.0000    5    2.000   1.0000         pwOrt
 70.0000    0    2.000   1.0000          NULL 
 72.0000    2    2.000   1.0000         rwOrt
 74.0000    1    2.000   1.0000         rwRep
 76.0000    4    2.000   1.0000         pwRep
 78.0000    5    2.000   1.0000         pwOrt
 80.0000    4    2.000   1.0000         pwRep
 82.0000    2    2.000   1.0000         rwOrt
 84.0000    6    2.000   1.0000         pwNov
 86.0000    5    2.000   1.0000         pwOrt
 88.0000    0    4.000   1.0000          NULL 
 92.0000    3    2.000   1.0000         rwNov
 94.0000    1    2.000   1.0000         rwRep
 96.0000    6    2.000   1.0000         pwNov
 98.0000    0    2.000   1.0000          NULL 
100.0000    5    2.000   1.0000         pwOrt
102.0000    0    2.000   1.0000          NULL 
104.0000    4    2.000   1.0000         pwRep
106.0000    1    2.000   1.0000         rwRep
108.0000    5    2.000   1.0000         pwOrt
110.0000    6    2.000   1.0000         pwNov
112.0000    0    2.000   1.0000          NULL 
114.0000    3    2.000   1.0000         rwNov
116.0000    3    2.000   1.0000         rwNov
118.0000    0    2.000   1.0000          NULL 
120.0000    3    2.000   1.0000         rwNov
122.0000    0    4.000   1.0000          NULL 
126.0000    2    2.000   1.0000         rwOrt
128.0000    6    2.000   1.0000         pwNov
130.0000    0    2.000   1.0000          NULL 
132.0000    6    2.000   1.0000         pwNov
134.0000    3    2.000   1.0000         rwNov
136.0000    2    2.000   1.0000         rwOrt
138.0000    0    2.000   1.0000          NULL 
140.0000    1    2.000   1.0000         rwRep
142.0000    0    2.000   1.0000          NULL 
144.0000    4    2.000   1.0000         pwRep
146.0000    5    2.000   1.0000         pwOrt
148.0000    3    2.000   1.0000         rwNov
150.0000    4    2.000   1.0000         pwRep
152.0000    4    2.000   1.0000         pwRep
154.0000    2    2.000   1.0000         rwOrt
156.0000    1    2.000   1.0000         rwRep
158.0000    5    2.000   1.0000         pwOrt
160.0000    4    2.000   1.0000         pwRep
162.0000    5    2.000   1.0000         pwOrt
164.0000    1    2.000   1.0000         rwRep
166.0000    0    4.000   1.0000          NULL 
170.0000    5    2.000   1.0000         pwOrt
172.0000    0    8.000   1.0000          NULL 
180.0000    4    2.000   1.0000         pwRep
182.0000    3    2.000   1.0000         rwNov
184.0000    0    2.000   1.0000          NULL 
186.0000    2    2.000   1.0000         rwOrt
188.0000    5    2.000   1.0000         pwOrt
190.0000    0    2.000   1.0000          NULL 
192.0000    5    2.000   1.0000         pwOrt
194.0000    2    2.000   1.0000         rwOrt
196.0000    0    2.000   1.0000          NULL 
198.0000    5    2.000   1.0000         pwOrt
200.0000    0    2.000   1.0000          NULL 
202.0000    1    2.000   1.0000         rwRep
204.0000    0    4.000   1.0000          NULL 
208.0000    2    2.000   1.0000         rwOrt
210.0000    0    4.000   1.0000          NULL 
214.0000    4    2.000   1.0000         pwRep
216.0000    3    2.000   1.0000         rwNov
218.0000    0    2.000   1.0000          NULL 
220.0000    1    2.000   1.0000         rwRep
222.0000    0    6.000   1.0000          NULL 
228.0000    1    2.000   1.0000         rwRep
230.0000    2    2.000   1.0000         rwOrt
232.0000    6    2.000   1.0000         pwNov
234.0000    3    2.000   1.0000         rwNov
236.0000    1    2.000   1.0000         rwRep
238.0000    4    2.000   1.0000         pwRep
240.0000    3    2.000   1.0000         rwNov
242.0000    4    2.000   1.0000         pwRep
244.0000    0    2.000   1.0000          NULL 
246.0000    6    2.000   1.0000         pwNov
248.0000    0    2.000   1.0000          NULL 
250.0000    2    2.000   1.0000         rwOrt
252.0000    3    2.000   1.0000         rwNov
254.0000    6    2.000   1.0000         pwNov
256.0000    0    2.000   1.0000          NULL 
258.0000    1    2.000   1.0000         rwRep
260.0000    1    2.000   1.0000         rwRep
262.0000    0    4.000   1.0000          NULL 
266.0000    2    2.000   1.0000         rwOrt
268.0000    1    2.000   1.0000         rwRep
270.0000    0    4.000   1.0000          NULL 
274.0000    4    2.000   1.0000         pwRep
276.0000    3    2.000   1.0000         rwNov
278.0000    3    2.000   1.0000         rwNov
280.0000    0    2.000   1.0000          NULL 
282.0000    6    2.000   1.0000         pwNov
284.0000    3    2.000   1.0000         rwNov
286.0000    0    4.000   1.0000          NULL 
290.0000    5    2.000   1.0000         pwOrt
292.0000    1    2.000   1.0000         rwRep
294.0000    4    2.000   1.0000         pwRep
296.0000    4    2.000   1.0000         pwRep
298.0000    0    4.000   1.0000          NULL 
302.0000    6    2.000   1.0000         pwNov
304.0000    0    4.000   1.0000          NULL 
308.0000    5    2.000   1.0000         pwOrt
310.0000    2    2.000   1.0000         rwOrt
312.0000    5    2.000   1.0000         pwOrt
314.0000    3    2.000   1.0000         rwNov
316.0000    6    2.000   1.0000         pwNov
318.0000    0    2.000   1.0000          NULL 
320.0000    4    2.000   1.0000         pwRep
322.0000    0    2.000   1.0000          NULL 
324.0000    4    2.000   1.0000         pwRep
326.0000    6    2.000   1.0000         pwNov
328.0000    0    2.000   1.0000          NULL 
330.0000    1    2.000   1.0000         rwRep
332.0000    1    2.000   1.0000         rwRep
334.0000    2    2.000   1.0000         rwOrt
336.0000    4    2.000   1.0000         pwRep
338.0000    3    2.000   1.0000         rwNov
340.0000    0    2.000   1.0000          NULL 
342.0000    2    2.000   1.0000         rwOrt
344.0000    0    2.000   1.0000          NULL 
346.0000    2    2.000   1.0000         rwOrt
348.0000    6    2.000   1.0000         pwNov
350.0000    5    2.000   1.0000         pwOrt
352.0000    1    2.000   1.0000         rwRep
354.0000    0    2.000   1.0000          NULL 
356.0000    1    2.000   1.0000         rwRep
358.0000    5    2.000   1.0000         pwOrt
