  0.0000    4    2.000   1.0000         pwRep
  2.0000    1    2.000   1.0000         rwRep
  4.0000    0    2.000   1.0000          NULL 
  6.0000    5    2.000   1.0000         pwOrt
  8.0000    2    2.000   1.0000         rwOrt
 10.0000    2    2.000   1.0000         rwOrt
 12.0000    3    2.000   1.0000         rwNov
 14.0000    5    2.000   1.0000         pwOrt
 16.0000    1    2.000   1.0000         rwRep
 18.0000    1    2.000   1.0000         rwRep
 20.0000    0    2.000   1.0000          NULL 
 22.0000    2    2.000   1.0000         rwOrt
 24.0000    0    4.000   1.0000          NULL 
 28.0000    5    2.000   1.0000         pwOrt
 30.0000    1    2.000   1.0000         rwRep
 32.0000    1    2.000   1.0000         rwRep
 34.0000    0    4.000   1.0000          NULL 
 38.0000    1    2.000   1.0000         rwRep
 40.0000    3    2.000   1.0000         rwNov
 42.0000    5    2.000   1.0000         pwOrt
 44.0000    1    2.000   1.0000         rwRep
 46.0000    4    2.000   1.0000         pwRep
 48.0000    0    4.000   1.0000          NULL 
 52.0000    3    2.000   1.0000         rwNov
 54.0000    1    2.000   1.0000         rwRep
 56.0000    1    2.000   1.0000         rwRep
 58.0000    3    2.000   1.0000         rwNov
 60.0000    4    2.000   1.0000         pwRep
 62.0000    1    2.000   1.0000         rwRep
 64.0000    0    4.000   1.0000          NULL 
 68.0000    5    2.000   1.0000         pwOrt
 70.0000    2    2.000   1.0000         rwOrt
 72.0000    4    2.000   1.0000         pwRep
 74.0000    0    2.000   1.0000          NULL 
 76.0000    6    2.000   1.0000         pwNov
 78.0000    4    2.000   1.0000         pwRep
 80.0000    0    4.000   1.0000          NULL 
 84.0000    2    2.000   1.0000         rwOrt
 86.0000    5    2.000   1.0000         pwOrt
 88.0000    1    2.000   1.0000         rwRep
 90.0000    4    2.000   1.0000         pwRep
 92.0000    1    2.000   1.0000         rwRep
 94.0000    6    2.000   1.0000         pwNov
 96.0000    0    2.000   1.0000          NULL 
 98.0000    3    2.000   1.0000         rwNov
100.0000    0    6.000   1.0000          NULL 
106.0000    5    2.000   1.0000         pwOrt
108.0000    4    2.000   1.0000         pwRep
110.0000    6    2.000   1.0000         pwNov
112.0000    6    2.000   1.0000         pwNov
114.0000    0    2.000   1.0000          NULL 
116.0000    1    2.000   1.0000         rwRep
118.0000    4    2.000   1.0000         pwRep
120.0000    3    2.000   1.0000         rwNov
122.0000    0    2.000   1.0000          NULL 
124.0000    6    2.000   1.0000         pwNov
126.0000    2    2.000   1.0000         rwOrt
128.0000    6    2.000   1.0000         pwNov
130.0000    4    2.000   1.0000         pwRep
132.0000    4    2.000   1.0000         pwRep
134.0000    0    2.000   1.0000          NULL 
136.0000    1    2.000   1.0000         rwRep
138.0000    2    2.000   1.0000         rwOrt
140.0000    1    2.000   1.0000         rwRep
142.0000    5    2.000   1.0000         pwOrt
144.0000    4    2.000   1.0000         pwRep
146.0000    6    2.000   1.0000         pwNov
148.0000    3    2.000   1.0000         rwNov
150.0000    5    2.000   1.0000         pwOrt
152.0000    5    2.000   1.0000         pwOrt
154.0000    4    2.000   1.0000         pwRep
156.0000    3    2.000   1.0000         rwNov
158.0000    0    2.000   1.0000          NULL 
160.0000    4    2.000   1.0000         pwRep
162.0000    0    2.000   1.0000          NULL 
164.0000    3    2.000   1.0000         rwNov
166.0000    0    2.000   1.0000          NULL 
168.0000    4    2.000   1.0000         pwRep
170.0000    5    2.000   1.0000         pwOrt
172.0000    2    2.000   1.0000         rwOrt
174.0000    0    4.000   1.0000          NULL 
178.0000    5    2.000   1.0000         pwOrt
180.0000    4    2.000   1.0000         pwRep
182.0000    2    2.000   1.0000         rwOrt
184.0000    0    4.000   1.0000          NULL 
188.0000    2    2.000   1.0000         rwOrt
190.0000    3    2.000   1.0000         rwNov
192.0000    0    4.000   1.0000          NULL 
196.0000    5    2.000   1.0000         pwOrt
198.0000    0    2.000   1.0000          NULL 
200.0000    3    2.000   1.0000         rwNov
202.0000    4    2.000   1.0000         pwRep
204.0000    4    2.000   1.0000         pwRep
206.0000    5    2.000   1.0000         pwOrt
208.0000    0    2.000   1.0000          NULL 
210.0000    1    2.000   1.0000         rwRep
212.0000    6    2.000   1.0000         pwNov
214.0000    6    2.000   1.0000         pwNov
216.0000    5    2.000   1.0000         pwOrt
218.0000    2    2.000   1.0000         rwOrt
220.0000    0    2.000   1.0000          NULL 
222.0000    6    2.000   1.0000         pwNov
224.0000    3    2.000   1.0000         rwNov
226.0000    3    2.000   1.0000         rwNov
228.0000    0    2.000   1.0000          NULL 
230.0000    3    2.000   1.0000         rwNov
232.0000    1    2.000   1.0000         rwRep
234.0000    0    2.000   1.0000          NULL 
236.0000    1    2.000   1.0000         rwRep
238.0000    5    2.000   1.0000         pwOrt
240.0000    0    2.000   1.0000          NULL 
242.0000    2    2.000   1.0000         rwOrt
244.0000    2    2.000   1.0000         rwOrt
246.0000    6    2.000   1.0000         pwNov
248.0000    3    2.000   1.0000         rwNov
250.0000    0    2.000   1.0000          NULL 
252.0000    6    2.000   1.0000         pwNov
254.0000    4    2.000   1.0000         pwRep
256.0000    0    2.000   1.0000          NULL 
258.0000    6    2.000   1.0000         pwNov
260.0000    0    2.000   1.0000          NULL 
262.0000    5    2.000   1.0000         pwOrt
264.0000    2    2.000   1.0000         rwOrt
266.0000    0    4.000   1.0000          NULL 
270.0000    2    2.000   1.0000         rwOrt
272.0000    0    2.000   1.0000          NULL 
274.0000    2    2.000   1.0000         rwOrt
276.0000    0    2.000   1.0000          NULL 
278.0000    5    2.000   1.0000         pwOrt
280.0000    0    4.000   1.0000          NULL 
284.0000    4    2.000   1.0000         pwRep
286.0000    5    2.000   1.0000         pwOrt
288.0000    6    2.000   1.0000         pwNov
290.0000    0    2.000   1.0000          NULL 
292.0000    6    2.000   1.0000         pwNov
294.0000    6    2.000   1.0000         pwNov
296.0000    0    2.000   1.0000          NULL 
298.0000    6    2.000   1.0000         pwNov
300.0000    2    2.000   1.0000         rwOrt
302.0000    0    2.000   1.0000          NULL 
304.0000    6    2.000   1.0000         pwNov
306.0000    6    2.000   1.0000         pwNov
308.0000    0    2.000   1.0000          NULL 
310.0000    2    2.000   1.0000         rwOrt
312.0000    0    2.000   1.0000          NULL 
314.0000    3    2.000   1.0000         rwNov
316.0000    0    4.000   1.0000          NULL 
320.0000    3    2.000   1.0000         rwNov
322.0000    6    2.000   1.0000         pwNov
324.0000    2    2.000   1.0000         rwOrt
326.0000    1    2.000   1.0000         rwRep
328.0000    4    2.000   1.0000         pwRep
330.0000    2    2.000   1.0000         rwOrt
332.0000    0    2.000   1.0000          NULL 
334.0000    3    2.000   1.0000         rwNov
336.0000    1    2.000   1.0000         rwRep
338.0000    0    4.000   1.0000          NULL 
342.0000    3    2.000   1.0000         rwNov
344.0000    0    2.000   1.0000          NULL 
346.0000    5    2.000   1.0000         pwOrt
348.0000    3    2.000   1.0000         rwNov
350.0000    0   10.000   1.0000          NULL 
