  0.0000    2    2.000   1.0000         rwOrt
  2.0000    2    2.000   1.0000         rwOrt
  4.0000    4    2.000   1.0000         pwRep
  6.0000    1    2.000   1.0000         rwRep
  8.0000    6    2.000   1.0000         pwNov
 10.0000    0    4.000   1.0000          NULL 
 14.0000    5    2.000   1.0000         pwOrt
 16.0000    5    2.000   1.0000         pwOrt
 18.0000    2    2.000   1.0000         rwOrt
 20.0000    0    4.000   1.0000          NULL 
 24.0000    6    2.000   1.0000         pwNov
 26.0000    3    2.000   1.0000         rwNov
 28.0000    0    2.000   1.0000          NULL 
 30.0000    1    2.000   1.0000         rwRep
 32.0000    2    2.000   1.0000         rwOrt
 34.0000    5    2.000   1.0000         pwOrt
 36.0000    3    2.000   1.0000         rwNov
 38.0000    4    2.000   1.0000         pwRep
 40.0000    0    2.000   1.0000          NULL 
 42.0000    2    2.000   1.0000         rwOrt
 44.0000    6    2.000   1.0000         pwNov
 46.0000    4    2.000   1.0000         pwRep
 48.0000    6    2.000   1.0000         pwNov
 50.0000    5    2.000   1.0000         pwOrt
 52.0000    4    2.000   1.0000         pwRep
 54.0000    0    2.000   1.0000          NULL 
 56.0000    6    2.000   1.0000         pwNov
 58.0000    5    2.000   1.0000         pwOrt
 60.0000    0    8.000   1.0000          NULL 
 68.0000    3    2.000   1.0000         rwNov
 70.0000    5    2.000   1.0000         pwOrt
 72.0000    0    4.000   1.0000          NULL 
 76.0000    2    2.000   1.0000         rwOrt
 78.0000    0    2.000   1.0000          NULL 
 80.0000    2    2.000   1.0000         rwOrt
 82.0000    4    2.000   1.0000         pwRep
 84.0000    0    4.000   1.0000          NULL 
 88.0000    1    2.000   1.0000         rwRep
 90.0000    5    2.000   1.0000         pwOrt
 92.0000    3    2.000   1.0000         rwNov
 94.0000    3    2.000   1.0000         rwNov
 96.0000    4    2.000   1.0000         pwRep
 98.0000    0    4.000   1.0000          NULL 
102.0000    2    2.000   1.0000         rwOrt
104.0000    5    2.000   1.0000         pwOrt
106.0000    6    2.000   1.0000         pwNov
108.0000    3    2.000   1.0000         rwNov
110.0000    4    2.000   1.0000         pwRep
112.0000    3    2.000   1.0000         rwNov
114.0000    0    2.000   1.0000          NULL 
116.0000    6    2.000   1.0000         pwNov
118.0000    0    2.000   1.0000          NULL 
120.0000    3    2.000   1.0000         rwNov
122.0000    1    2.000   1.0000         rwRep
124.0000    0    2.000   1.0000          NULL 
126.0000    4    2.000   1.0000         pwRep
128.0000    4    2.000   1.0000         pwRep
130.0000    6    2.000   1.0000         pwNov
132.0000    0    2.000   1.0000          NULL 
134.0000    3    2.000   1.0000         rwNov
136.0000    0    4.000   1.0000          NULL 
140.0000    6    2.000   1.0000         pwNov
142.0000    0    2.000   1.0000          NULL 
144.0000    1    2.000   1.0000         rwRep
146.0000    3    2.000   1.0000         rwNov
148.0000    3    2.000   1.0000         rwNov
150.0000    1    2.000   1.0000         rwRep
152.0000    5    2.000   1.0000         pwOrt
154.0000    0    2.000   1.0000          NULL 
156.0000    5    2.000   1.0000         pwOrt
158.0000    5    2.000   1.0000         pwOrt
160.0000    6    2.000   1.0000         pwNov
162.0000    3    2.000   1.0000         rwNov
164.0000    6    2.000   1.0000         pwNov
166.0000    3    2.000   1.0000         rwNov
168.0000    0    2.000   1.0000          NULL 
170.0000    4    2.000   1.0000         pwRep
172.0000    2    2.000   1.0000         rwOrt
174.0000    4    2.000   1.0000         pwRep
176.0000    4    2.000   1.0000         pwRep
178.0000    5    2.000   1.0000         pwOrt
180.0000    5    2.000   1.0000         pwOrt
182.0000    1    2.000   1.0000         rwRep
184.0000    5    2.000   1.0000         pwOrt
186.0000    4    2.000   1.0000         pwRep
188.0000    0    4.000   1.0000          NULL 
192.0000    4    2.000   1.0000         pwRep
194.0000    3    2.000   1.0000         rwNov
196.0000    0    4.000   1.0000          NULL 
200.0000    1    2.000   1.0000         rwRep
202.0000    0    2.000   1.0000          NULL 
204.0000    6    2.000   1.0000         pwNov
206.0000    6    2.000   1.0000         pwNov
208.0000    2    2.000   1.0000         rwOrt
210.0000    0    2.000   1.0000          NULL 
212.0000    3    2.000   1.0000         rwNov
214.0000    5    2.000   1.0000         pwOrt
216.0000    3    2.000   1.0000         rwNov
218.0000    6    2.000   1.0000         pwNov
220.0000    0    2.000   1.0000          NULL 
222.0000    2    2.000   1.0000         rwOrt
224.0000    0    4.000   1.0000          NULL 
228.0000    1    2.000   1.0000         rwRep
230.0000    1    2.000   1.0000         rwRep
232.0000    0    2.000   1.0000          NULL 
234.0000    2    2.000   1.0000         rwOrt
236.0000    0    2.000   1.0000          NULL 
238.0000    6    2.000   1.0000         pwNov
240.0000    0    2.000   1.0000          NULL 
242.0000    4    2.000   1.0000         pwRep
244.0000    2    2.000   1.0000         rwOrt
246.0000    0    2.000   1.0000          NULL 
248.0000    1    2.000   1.0000         rwRep
250.0000    3    2.000   1.0000         rwNov
252.0000    3    2.000   1.0000         rwNov
254.0000    0    2.000   1.0000          NULL 
256.0000    6    2.000   1.0000         pwNov
258.0000    1    2.000   1.0000         rwRep
260.0000    0    2.000   1.0000          NULL 
262.0000    4    2.000   1.0000         pwRep
264.0000    3    2.000   1.0000         rwNov
266.0000    1    2.000   1.0000         rwRep
268.0000    0    2.000   1.0000          NULL 
270.0000    2    2.000   1.0000         rwOrt
272.0000    6    2.000   1.0000         pwNov
274.0000    2    2.000   1.0000         rwOrt
276.0000    0    4.000   1.0000          NULL 
280.0000    3    2.000   1.0000         rwNov
282.0000    2    2.000   1.0000         rwOrt
284.0000    1    2.000   1.0000         rwRep
286.0000    1    2.000   1.0000         rwRep
288.0000    0    2.000   1.0000          NULL 
290.0000    6    2.000   1.0000         pwNov
292.0000    1    2.000   1.0000         rwRep
294.0000    1    2.000   1.0000         rwRep
296.0000    6    2.000   1.0000         pwNov
298.0000    0    6.000   1.0000          NULL 
304.0000    4    2.000   1.0000         pwRep
306.0000    0    2.000   1.0000          NULL 
308.0000    5    2.000   1.0000         pwOrt
310.0000    1    2.000   1.0000         rwRep
312.0000    0    2.000   1.0000          NULL 
314.0000    2    2.000   1.0000         rwOrt
316.0000    0    6.000   1.0000          NULL 
322.0000    5    2.000   1.0000         pwOrt
324.0000    4    2.000   1.0000         pwRep
326.0000    0    2.000   1.0000          NULL 
328.0000    4    2.000   1.0000         pwRep
330.0000    5    2.000   1.0000         pwOrt
332.0000    2    2.000   1.0000         rwOrt
334.0000    1    2.000   1.0000         rwRep
336.0000    6    2.000   1.0000         pwNov
338.0000    5    2.000   1.0000         pwOrt
340.0000    5    2.000   1.0000         pwOrt
342.0000    0    2.000   1.0000          NULL 
344.0000    1    2.000   1.0000         rwRep
346.0000    0    4.000   1.0000          NULL 
350.0000    2    2.000   1.0000         rwOrt
352.0000    4    2.000   1.0000         pwRep
354.0000    0    4.000   1.0000          NULL 
358.0000    2    2.000   1.0000         rwOrt
