  0.0000    1    2.000   1.0000         rwRep
  2.0000    4    2.000   1.0000         pwRep
  4.0000    3    2.000   1.0000         rwNov
  6.0000    0    4.000   1.0000          NULL 
 10.0000    3    2.000   1.0000         rwNov
 12.0000    1    2.000   1.0000         rwRep
 14.0000    6    2.000   1.0000         pwNov
 16.0000    6    2.000   1.0000         pwNov
 18.0000    0    2.000   1.0000          NULL 
 20.0000    2    2.000   1.0000         rwOrt
 22.0000    0    2.000   1.0000          NULL 
 24.0000    2    2.000   1.0000         rwOrt
 26.0000    3    2.000   1.0000         rwNov
 28.0000    4    2.000   1.0000         pwRep
 30.0000    0    2.000   1.0000          NULL 
 32.0000    5    2.000   1.0000         pwOrt
 34.0000    4    2.000   1.0000         pwRep
 36.0000    0    2.000   1.0000          NULL 
 38.0000    5    2.000   1.0000         pwOrt
 40.0000    2    2.000   1.0000         rwOrt
 42.0000    6    2.000   1.0000         pwNov
 44.0000    2    2.000   1.0000         rwOrt
 46.0000    0    2.000   1.0000          NULL 
 48.0000    1    2.000   1.0000         rwRep
 50.0000    0    2.000   1.0000          NULL 
 52.0000    2    2.000   1.0000         rwOrt
 54.0000    1    2.000   1.0000         rwRep
 56.0000    0    4.000   1.0000          NULL 
 60.0000    5    2.000   1.0000         pwOrt
 62.0000    0    2.000   1.0000          NULL 
 64.0000    4    2.000   1.0000         pwRep
 66.0000    6    2.000   1.0000         pwNov
 68.0000    0    2.000   1.0000          NULL 
 70.0000    3    2.000   1.0000         rwNov
 72.0000    0    2.000   1.0000          NULL 
 74.0000    4    2.000   1.0000         pwRep
 76.0000    1    2.000   1.0000         rwRep
 78.0000    0    2.000   1.0000          NULL 
 80.0000    3    2.000   1.0000         rwNov
 82.0000    3    2.000   1.0000         rwNov
 84.0000    0    2.000   1.0000          NULL 
 86.0000    4    2.000   1.0000         pwRep
 88.0000    4    2.000   1.0000         pwRep
 90.0000    4    2.000   1.0000         pwRep
 92.0000    4    2.000   1.0000         pwRep
 94.0000    4    2.000   1.0000         pwRep
 96.0000    0    4.000   1.0000          NULL 
100.0000    3    2.000   1.0000         rwNov
102.0000    0    2.000   1.0000          NULL 
104.0000    1    2.000   1.0000         rwRep
106.0000    2    2.000   1.0000         rwOrt
108.0000    5    2.000   1.0000         pwOrt
110.0000    0    6.000   1.0000          NULL 
116.0000    1    2.000   1.0000         rwRep
118.0000    1    2.000   1.0000         rwRep
120.0000    4    2.000   1.0000         pwRep
122.0000    3    2.000   1.0000         rwNov
124.0000    2    2.000   1.0000         rwOrt
126.0000    5    2.000   1.0000         pwOrt
128.0000    0    2.000   1.0000          NULL 
130.0000    5    2.000   1.0000         pwOrt
132.0000    4    2.000   1.0000         pwRep
134.0000    0    2.000   1.0000          NULL 
136.0000    4    2.000   1.0000         pwRep
138.0000    6    2.000   1.0000         pwNov
140.0000    4    2.000   1.0000         pwRep
142.0000    0    4.000   1.0000          NULL 
146.0000    1    2.000   1.0000         rwRep
148.0000    3    2.000   1.0000         rwNov
150.0000    0    2.000   1.0000          NULL 
152.0000    4    2.000   1.0000         pwRep
154.0000    5    2.000   1.0000         pwOrt
156.0000    3    2.000   1.0000         rwNov
158.0000    2    2.000   1.0000         rwOrt
160.0000    2    2.000   1.0000         rwOrt
162.0000    0    4.000   1.0000          NULL 
166.0000    2    2.000   1.0000         rwOrt
168.0000    3    2.000   1.0000         rwNov
170.0000    0    4.000   1.0000          NULL 
174.0000    1    2.000   1.0000         rwRep
176.0000    3    2.000   1.0000         rwNov
178.0000    2    2.000   1.0000         rwOrt
180.0000    1    2.000   1.0000         rwRep
182.0000    4    2.000   1.0000         pwRep
184.0000    6    2.000   1.0000         pwNov
186.0000    0    6.000   1.0000          NULL 
192.0000    3    2.000   1.0000         rwNov
194.0000    3    2.000   1.0000         rwNov
196.0000    1    2.000   1.0000         rwRep
198.0000    0    2.000   1.0000          NULL 
200.0000    1    2.000   1.0000         rwRep
202.0000    6    2.000   1.0000         pwNov
204.0000    5    2.000   1.0000         pwOrt
206.0000    2    2.000   1.0000         rwOrt
208.0000    1    2.000   1.0000         rwRep
210.0000    4    2.000   1.0000         pwRep
212.0000    2    2.000   1.0000         rwOrt
214.0000    1    2.000   1.0000         rwRep
216.0000    0    2.000   1.0000          NULL 
218.0000    3    2.000   1.0000         rwNov
220.0000    3    2.000   1.0000         rwNov
222.0000    2    2.000   1.0000         rwOrt
224.0000    5    2.000   1.0000         pwOrt
226.0000    6    2.000   1.0000         pwNov
228.0000    0    2.000   1.0000          NULL 
230.0000    6    2.000   1.0000         pwNov
232.0000    0    2.000   1.0000          NULL 
234.0000    6    2.000   1.0000         pwNov
236.0000    4    2.000   1.0000         pwRep
238.0000    6    2.000   1.0000         pwNov
240.0000    0    2.000   1.0000          NULL 
242.0000    3    2.000   1.0000         rwNov
244.0000    2    2.000   1.0000         rwOrt
246.0000    0    2.000   1.0000          NULL 
248.0000    3    2.000   1.0000         rwNov
250.0000    5    2.000   1.0000         pwOrt
252.0000    0    2.000   1.0000          NULL 
254.0000    4    2.000   1.0000         pwRep
256.0000    0    2.000   1.0000          NULL 
258.0000    1    2.000   1.0000         rwRep
260.0000    6    2.000   1.0000         pwNov
262.0000    5    2.000   1.0000         pwOrt
264.0000    0    6.000   1.0000          NULL 
270.0000    6    2.000   1.0000         pwNov
272.0000    2    2.000   1.0000         rwOrt
274.0000    1    2.000   1.0000         rwRep
276.0000    0    2.000   1.0000          NULL 
278.0000    2    2.000   1.0000         rwOrt
280.0000    0    8.000   1.0000          NULL 
288.0000    6    2.000   1.0000         pwNov
290.0000    6    2.000   1.0000         pwNov
292.0000    2    2.000   1.0000         rwOrt
294.0000    0    2.000   1.0000          NULL 
296.0000    6    2.000   1.0000         pwNov
298.0000    6    2.000   1.0000         pwNov
300.0000    0    2.000   1.0000          NULL 
302.0000    6    2.000   1.0000         pwNov
304.0000    0    2.000   1.0000          NULL 
306.0000    2    2.000   1.0000         rwOrt
308.0000    2    2.000   1.0000         rwOrt
310.0000    5    2.000   1.0000         pwOrt
312.0000    5    2.000   1.0000         pwOrt
314.0000    4    2.000   1.0000         pwRep
316.0000    1    2.000   1.0000         rwRep
318.0000    5    2.000   1.0000         pwOrt
320.0000    1    2.000   1.0000         rwRep
322.0000    5    2.000   1.0000         pwOrt
324.0000    0    8.000   1.0000          NULL 
332.0000    5    2.000   1.0000         pwOrt
334.0000    5    2.000   1.0000         pwOrt
336.0000    0    2.000   1.0000          NULL 
338.0000    6    2.000   1.0000         pwNov
340.0000    6    2.000   1.0000         pwNov
342.0000    3    2.000   1.0000         rwNov
344.0000    5    2.000   1.0000         pwOrt
346.0000    3    2.000   1.0000         rwNov
348.0000    5    2.000   1.0000         pwOrt
350.0000    1    2.000   1.0000         rwRep
352.0000    0    2.000   1.0000          NULL 
354.0000    5    2.000   1.0000         pwOrt
356.0000    0    4.000   1.0000          NULL 
