  0.0000    4    2.000   1.0000         pwRep
  2.0000    3    2.000   1.0000         rwNov
  4.0000    5    2.000   1.0000         pwOrt
  6.0000    1    2.000   1.0000         rwRep
  8.0000    1    2.000   1.0000         rwRep
 10.0000    2    2.000   1.0000         rwOrt
 12.0000    2    2.000   1.0000         rwOrt
 14.0000    5    2.000   1.0000         pwOrt
 16.0000    6    2.000   1.0000         pwNov
 18.0000    5    2.000   1.0000         pwOrt
 20.0000    3    2.000   1.0000         rwNov
 22.0000    0    2.000   1.0000          NULL 
 24.0000    1    2.000   1.0000         rwRep
 26.0000    3    2.000   1.0000         rwNov
 28.0000    3    2.000   1.0000         rwNov
 30.0000    2    2.000   1.0000         rwOrt
 32.0000    2    2.000   1.0000         rwOrt
 34.0000    0    2.000   1.0000          NULL 
 36.0000    3    2.000   1.0000         rwNov
 38.0000    0    4.000   1.0000          NULL 
 42.0000    1    2.000   1.0000         rwRep
 44.0000    2    2.000   1.0000         rwOrt
 46.0000    3    2.000   1.0000         rwNov
 48.0000    0    2.000   1.0000          NULL 
 50.0000    5    2.000   1.0000         pwOrt
 52.0000    2    2.000   1.0000         rwOrt
 54.0000    1    2.000   1.0000         rwRep
 56.0000    4    2.000   1.0000         pwRep
 58.0000    3    2.000   1.0000         rwNov
 60.0000    0    4.000   1.0000          NULL 
 64.0000    2    2.000   1.0000         rwOrt
 66.0000    4    2.000   1.0000         pwRep
 68.0000    6    2.000   1.0000         pwNov
 70.0000    4    2.000   1.0000         pwRep
 72.0000    2    2.000   1.0000         rwOrt
 74.0000    0    6.000   1.0000          NULL 
 80.0000    3    2.000   1.0000         rwNov
 82.0000    4    2.000   1.0000         pwRep
 84.0000    6    2.000   1.0000         pwNov
 86.0000    3    2.000   1.0000         rwNov
 88.0000    4    2.000   1.0000         pwRep
 90.0000    6    2.000   1.0000         pwNov
 92.0000    2    2.000   1.0000         rwOrt
 94.0000    1    2.000   1.0000         rwRep
 96.0000    1    2.000   1.0000         rwRep
 98.0000    6    2.000   1.0000         pwNov
100.0000    4    2.000   1.0000         pwRep
102.0000    2    2.000   1.0000         rwOrt
104.0000    0    6.000   1.0000          NULL 
110.0000    5    2.000   1.0000         pwOrt
112.0000    5    2.000   1.0000         pwOrt
114.0000    0    2.000   1.0000          NULL 
116.0000    1    2.000   1.0000         rwRep
118.0000    0    4.000   1.0000          NULL 
122.0000    4    2.000   1.0000         pwRep
124.0000    2    2.000   1.0000         rwOrt
126.0000    1    2.000   1.0000         rwRep
128.0000    5    2.000   1.0000         pwOrt
130.0000    0    2.000   1.0000          NULL 
132.0000    3    2.000   1.0000         rwNov
134.0000    4    2.000   1.0000         pwRep
136.0000    3    2.000   1.0000         rwNov
138.0000    0    2.000   1.0000          NULL 
140.0000    5    2.000   1.0000         pwOrt
142.0000    6    2.000   1.0000         pwNov
144.0000    0    2.000   1.0000          NULL 
146.0000    4    2.000   1.0000         pwRep
148.0000    3    2.000   1.0000         rwNov
150.0000    4    2.000   1.0000         pwRep
152.0000    6    2.000   1.0000         pwNov
154.0000    4    2.000   1.0000         pwRep
156.0000    4    2.000   1.0000         pwRep
158.0000    0    2.000   1.0000          NULL 
160.0000    5    2.000   1.0000         pwOrt
162.0000    0    2.000   1.0000          NULL 
164.0000    3    2.000   1.0000         rwNov
166.0000    0    2.000   1.0000          NULL 
168.0000    6    2.000   1.0000         pwNov
170.0000    1    2.000   1.0000         rwRep
172.0000    0    2.000   1.0000          NULL 
174.0000    1    2.000   1.0000         rwRep
176.0000    0    2.000   1.0000          NULL 
178.0000    4    2.000   1.0000         pwRep
180.0000    5    2.000   1.0000         pwOrt
182.0000    1    2.000   1.0000         rwRep
184.0000    0    2.000   1.0000          NULL 
186.0000    5    2.000   1.0000         pwOrt
188.0000    0    2.000   1.0000          NULL 
190.0000    2    2.000   1.0000         rwOrt
192.0000    4    2.000   1.0000         pwRep
194.0000    4    2.000   1.0000         pwRep
196.0000    0    4.000   1.0000          NULL 
200.0000    2    2.000   1.0000         rwOrt
202.0000    5    2.000   1.0000         pwOrt
204.0000    0    8.000   1.0000          NULL 
212.0000    6    2.000   1.0000         pwNov
214.0000    5    2.000   1.0000         pwOrt
216.0000    0    2.000   1.0000          NULL 
218.0000    5    2.000   1.0000         pwOrt
220.0000    0    6.000   1.0000          NULL 
226.0000    5    2.000   1.0000         pwOrt
228.0000    1    2.000   1.0000         rwRep
230.0000    0    2.000   1.0000          NULL 
232.0000    1    2.000   1.0000         rwRep
234.0000    6    2.000   1.0000         pwNov
236.0000    0    2.000   1.0000          NULL 
238.0000    6    2.000   1.0000         pwNov
240.0000    6    2.000   1.0000         pwNov
242.0000    0    2.000   1.0000          NULL 
244.0000    5    2.000   1.0000         pwOrt
246.0000    2    2.000   1.0000         rwOrt
248.0000    5    2.000   1.0000         pwOrt
250.0000    1    2.000   1.0000         rwRep
252.0000    3    2.000   1.0000         rwNov
254.0000    0    2.000   1.0000          NULL 
256.0000    2    2.000   1.0000         rwOrt
258.0000    0    2.000   1.0000          NULL 
260.0000    6    2.000   1.0000         pwNov
262.0000    2    2.000   1.0000         rwOrt
264.0000    6    2.000   1.0000         pwNov
266.0000    1    2.000   1.0000         rwRep
268.0000    0    4.000   1.0000          NULL 
272.0000    4    2.000   1.0000         pwRep
274.0000    1    2.000   1.0000         rwRep
276.0000    5    2.000   1.0000         pwOrt
278.0000    3    2.000   1.0000         rwNov
280.0000    2    2.000   1.0000         rwOrt
282.0000    0    4.000   1.0000          NULL 
286.0000    1    2.000   1.0000         rwRep
288.0000    0    4.000   1.0000          NULL 
292.0000    6    2.000   1.0000         pwNov
294.0000    0    2.000   1.0000          NULL 
296.0000    1    2.000   1.0000         rwRep
298.0000    3    2.000   1.0000         rwNov
300.0000    4    2.000   1.0000         pwRep
302.0000    3    2.000   1.0000         rwNov
304.0000    6    2.000   1.0000         pwNov
306.0000    0    6.000   1.0000          NULL 
312.0000    5    2.000   1.0000         pwOrt
314.0000    2    2.000   1.0000         rwOrt
316.0000    0    4.000   1.0000          NULL 
320.0000    6    2.000   1.0000         pwNov
322.0000    0    2.000   1.0000          NULL 
324.0000    2    2.000   1.0000         rwOrt
326.0000    1    2.000   1.0000         rwRep
328.0000    0    2.000   1.0000          NULL 
330.0000    6    2.000   1.0000         pwNov
332.0000    6    2.000   1.0000         pwNov
334.0000    0    2.000   1.0000          NULL 
336.0000    2    2.000   1.0000         rwOrt
338.0000    3    2.000   1.0000         rwNov
340.0000    3    2.000   1.0000         rwNov
342.0000    0    2.000   1.0000          NULL 
344.0000    4    2.000   1.0000         pwRep
346.0000    3    2.000   1.0000         rwNov
348.0000    0    2.000   1.0000          NULL 
350.0000    6    2.000   1.0000         pwNov
352.0000    0    2.000   1.0000          NULL 
354.0000    4    2.000   1.0000         pwRep
356.0000    0    2.000   1.0000          NULL 
358.0000    5    2.000   1.0000         pwOrt
