  0.0000    1    2.000   1.0000         rwRep
  2.0000    0    2.000   1.0000          NULL 
  4.0000    4    2.000   1.0000         pwRep
  6.0000    0    2.000   1.0000          NULL 
  8.0000    3    2.000   1.0000         rwNov
 10.0000    5    2.000   1.0000         pwOrt
 12.0000    6    2.000   1.0000         pwNov
 14.0000    5    2.000   1.0000         pwOrt
 16.0000    6    2.000   1.0000         pwNov
 18.0000    3    2.000   1.0000         rwNov
 20.0000    2    2.000   1.0000         rwOrt
 22.0000    2    2.000   1.0000         rwOrt
 24.0000    5    2.000   1.0000         pwOrt
 26.0000    5    2.000   1.0000         pwOrt
 28.0000    6    2.000   1.0000         pwNov
 30.0000    0    8.000   1.0000          NULL 
 38.0000    5    2.000   1.0000         pwOrt
 40.0000    1    2.000   1.0000         rwRep
 42.0000    3    2.000   1.0000         rwNov
 44.0000    1    2.000   1.0000         rwRep
 46.0000    2    2.000   1.0000         rwOrt
 48.0000    1    2.000   1.0000         rwRep
 50.0000    0    2.000   1.0000          NULL 
 52.0000    2    2.000   1.0000         rwOrt
 54.0000    3    2.000   1.0000         rwNov
 56.0000    0    2.000   1.0000          NULL 
 58.0000    6    2.000   1.0000         pwNov
 60.0000    0    4.000   1.0000          NULL 
 64.0000    6    2.000   1.0000         pwNov
 66.0000    4    2.000   1.0000         pwRep
 68.0000    2    2.000   1.0000         rwOrt
 70.0000    2    2.000   1.0000         rwOrt
 72.0000    0    2.000   1.0000          NULL 
 74.0000    4    2.000   1.0000         pwRep
 76.0000    6    2.000   1.0000         pwNov
 78.0000    5    2.000   1.0000         pwOrt
 80.0000    0    4.000   1.0000          NULL 
 84.0000    2    2.000   1.0000         rwOrt
 86.0000    0    2.000   1.0000          NULL 
 88.0000    3    2.000   1.0000         rwNov
 90.0000    4    2.000   1.0000         pwRep
 92.0000    0    2.000   1.0000          NULL 
 94.0000    1    2.000   1.0000         rwRep
 96.0000    2    2.000   1.0000         rwOrt
 98.0000    6    2.000   1.0000         pwNov
100.0000    6    2.000   1.0000         pwNov
102.0000    2    2.000   1.0000         rwOrt
104.0000    5    2.000   1.0000         pwOrt
106.0000    0    2.000   1.0000          NULL 
108.0000    2    2.000   1.0000         rwOrt
110.0000    3    2.000   1.0000         rwNov
112.0000    1    2.000   1.0000         rwRep
114.0000    3    2.000   1.0000         rwNov
116.0000    5    2.000   1.0000         pwOrt
118.0000    4    2.000   1.0000         pwRep
120.0000    0    2.000   1.0000          NULL 
122.0000    4    2.000   1.0000         pwRep
124.0000    1    2.000   1.0000         rwRep
126.0000    0    2.000   1.0000          NULL 
128.0000    1    2.000   1.0000         rwRep
130.0000    3    2.000   1.0000         rwNov
132.0000    6    2.000   1.0000         pwNov
134.0000    1    2.000   1.0000         rwRep
136.0000    0    2.000   1.0000          NULL 
138.0000    2    2.000   1.0000         rwOrt
140.0000    3    2.000   1.0000         rwNov
142.0000    0    6.000   1.0000          NULL 
148.0000    6    2.000   1.0000         pwNov
150.0000    0    4.000   1.0000          NULL 
154.0000    3    2.000   1.0000         rwNov
156.0000    0    4.000   1.0000          NULL 
160.0000    1    2.000   1.0000         rwRep
162.0000    0    2.000   1.0000          NULL 
164.0000    3    2.000   1.0000         rwNov
166.0000    0    4.000   1.0000          NULL 
170.0000    4    2.000   1.0000         pwRep
172.0000    0    2.000   1.0000          NULL 
174.0000    1    2.000   1.0000         rwRep
176.0000    6    2.000   1.0000         pwNov
178.0000    5    2.000   1.0000         pwOrt
180.0000    0    2.000   1.0000          NULL 
182.0000    6    2.000   1.0000         pwNov
184.0000    5    2.000   1.0000         pwOrt
186.0000    3    2.000   1.0000         rwNov
188.0000    0    2.000   1.0000          NULL 
190.0000    2    2.000   1.0000         rwOrt
192.0000    6    2.000   1.0000         pwNov
194.0000    4    2.000   1.0000         pwRep
196.0000    1    2.000   1.0000         rwRep
198.0000    3    2.000   1.0000         rwNov
200.0000    0    2.000   1.0000          NULL 
202.0000    4    2.000   1.0000         pwRep
204.0000    5    2.000   1.0000         pwOrt
206.0000    2    2.000   1.0000         rwOrt
208.0000    5    2.000   1.0000         pwOrt
210.0000    5    2.000   1.0000         pwOrt
212.0000    0    2.000   1.0000          NULL 
214.0000    4    2.000   1.0000         pwRep
216.0000    1    2.000   1.0000         rwRep
218.0000    0    6.000   1.0000          NULL 
224.0000    4    2.000   1.0000         pwRep
226.0000    4    2.000   1.0000         pwRep
228.0000    0    2.000   1.0000          NULL 
230.0000    3    2.000   1.0000         rwNov
232.0000    4    2.000   1.0000         pwRep
234.0000    2    2.000   1.0000         rwOrt
236.0000    0    2.000   1.0000          NULL 
238.0000    5    2.000   1.0000         pwOrt
240.0000    2    2.000   1.0000         rwOrt
242.0000    1    2.000   1.0000         rwRep
244.0000    0    4.000   1.0000          NULL 
248.0000    2    2.000   1.0000         rwOrt
250.0000    1    2.000   1.0000         rwRep
252.0000    0    2.000   1.0000          NULL 
254.0000    5    2.000   1.0000         pwOrt
256.0000    1    2.000   1.0000         rwRep
258.0000    5    2.000   1.0000         pwOrt
260.0000    0    4.000   1.0000          NULL 
264.0000    1    2.000   1.0000         rwRep
266.0000    0    4.000   1.0000          NULL 
270.0000    5    2.000   1.0000         pwOrt
272.0000    0    2.000   1.0000          NULL 
274.0000    4    2.000   1.0000         pwRep
276.0000    6    2.000   1.0000         pwNov
278.0000    0    2.000   1.0000          NULL 
280.0000    5    2.000   1.0000         pwOrt
282.0000    5    2.000   1.0000         pwOrt
284.0000    1    2.000   1.0000         rwRep
286.0000    0    2.000   1.0000          NULL 
288.0000    6    2.000   1.0000         pwNov
290.0000    6    2.000   1.0000         pwNov
292.0000    2    2.000   1.0000         rwOrt
294.0000    4    2.000   1.0000         pwRep
296.0000    6    2.000   1.0000         pwNov
298.0000    0    4.000   1.0000          NULL 
302.0000    1    2.000   1.0000         rwRep
304.0000    4    2.000   1.0000         pwRep
306.0000    0    6.000   1.0000          NULL 
312.0000    3    2.000   1.0000         rwNov
314.0000    4    2.000   1.0000         pwRep
316.0000    2    2.000   1.0000         rwOrt
318.0000    5    2.000   1.0000         pwOrt
320.0000    6    2.000   1.0000         pwNov
322.0000    0    2.000   1.0000          NULL 
324.0000    4    2.000   1.0000         pwRep
326.0000    3    2.000   1.0000         rwNov
328.0000    6    2.000   1.0000         pwNov
330.0000    0    2.000   1.0000          NULL 
332.0000    3    2.000   1.0000         rwNov
334.0000    6    2.000   1.0000         pwNov
336.0000    3    2.000   1.0000         rwNov
338.0000    1    2.000   1.0000         rwRep
340.0000    0    2.000   1.0000          NULL 
342.0000    2    2.000   1.0000         rwOrt
344.0000    0    2.000   1.0000          NULL 
346.0000    2    2.000   1.0000         rwOrt
348.0000    4    2.000   1.0000         pwRep
350.0000    4    2.000   1.0000         pwRep
352.0000    0    4.000   1.0000          NULL 
356.0000    3    2.000   1.0000         rwNov
358.0000    3    2.000   1.0000         rwNov
