  0.0000    5    2.000   1.0000         pwOrt
  2.0000    1    2.000   1.0000         rwRep
  4.0000    3    2.000   1.0000         rwNov
  6.0000    0    2.000   1.0000          NULL 
  8.0000    4    2.000   1.0000         pwRep
 10.0000    4    2.000   1.0000         pwRep
 12.0000    5    2.000   1.0000         pwOrt
 14.0000    3    2.000   1.0000         rwNov
 16.0000    0    6.000   1.0000          NULL 
 22.0000    1    2.000   1.0000         rwRep
 24.0000    6    2.000   1.0000         pwNov
 26.0000    3    2.000   1.0000         rwNov
 28.0000    0    2.000   1.0000          NULL 
 30.0000    3    2.000   1.0000         rwNov
 32.0000    3    2.000   1.0000         rwNov
 34.0000    3    2.000   1.0000         rwNov
 36.0000    0    2.000   1.0000          NULL 
 38.0000    3    2.000   1.0000         rwNov
 40.0000    3    2.000   1.0000         rwNov
 42.0000    6    2.000   1.0000         pwNov
 44.0000    6    2.000   1.0000         pwNov
 46.0000    4    2.000   1.0000         pwRep
 48.0000    0    2.000   1.0000          NULL 
 50.0000    2    2.000   1.0000         rwOrt
 52.0000    2    2.000   1.0000         rwOrt
 54.0000    0    2.000   1.0000          NULL 
 56.0000    3    2.000   1.0000         rwNov
 58.0000    6    2.000   1.0000         pwNov
 60.0000    0    2.000   1.0000          NULL 
 62.0000    4    2.000   1.0000         pwRep
 64.0000    1    2.000   1.0000         rwRep
 66.0000    0    2.000   1.0000          NULL 
 68.0000    6    2.000   1.0000         pwNov
 70.0000    0    2.000   1.0000          NULL 
 72.0000    2    2.000   1.0000         rwOrt
 74.0000    0    4.000   1.0000          NULL 
 78.0000    5    2.000   1.0000         pwOrt
 80.0000    5    2.000   1.0000         pwOrt
 82.0000    3    2.000   1.0000         rwNov
 84.0000    2    2.000   1.0000         rwOrt
 86.0000    3    2.000   1.0000         rwNov
 88.0000    6    2.000   1.0000         pwNov
 90.0000    0    4.000   1.0000          NULL 
 94.0000    1    2.000   1.0000         rwRep
 96.0000    2    2.000   1.0000         rwOrt
 98.0000    3    2.000   1.0000         rwNov
100.0000    5    2.000   1.0000         pwOrt
102.0000    0    2.000   1.0000          NULL 
104.0000    3    2.000   1.0000         rwNov
106.0000    0    4.000   1.0000          NULL 
110.0000    5    2.000   1.0000         pwOrt
112.0000    6    2.000   1.0000         pwNov
114.0000    5    2.000   1.0000         pwOrt
116.0000    3    2.000   1.0000         rwNov
118.0000    4    2.000   1.0000         pwRep
120.0000    4    2.000   1.0000         pwRep
122.0000    0    4.000   1.0000          NULL 
126.0000    4    2.000   1.0000         pwRep
128.0000    0    4.000   1.0000          NULL 
132.0000    5    2.000   1.0000         pwOrt
134.0000    4    2.000   1.0000         pwRep
136.0000    5    2.000   1.0000         pwOrt
138.0000    5    2.000   1.0000         pwOrt
140.0000    4    2.000   1.0000         pwRep
142.0000    2    2.000   1.0000         rwOrt
144.0000    5    2.000   1.0000         pwOrt
146.0000    6    2.000   1.0000         pwNov
148.0000    2    2.000   1.0000         rwOrt
150.0000    4    2.000   1.0000         pwRep
152.0000    1    2.000   1.0000         rwRep
154.0000    4    2.000   1.0000         pwRep
156.0000    0    6.000   1.0000          NULL 
162.0000    4    2.000   1.0000         pwRep
164.0000    0    2.000   1.0000          NULL 
166.0000    1    2.000   1.0000         rwRep
168.0000    2    2.000   1.0000         rwOrt
170.0000    5    2.000   1.0000         pwOrt
172.0000    2    2.000   1.0000         rwOrt
174.0000    0    2.000   1.0000          NULL 
176.0000    6    2.000   1.0000         pwNov
178.0000    5    2.000   1.0000         pwOrt
180.0000    6    2.000   1.0000         pwNov
182.0000    4    2.000   1.0000         pwRep
184.0000    2    2.000   1.0000         rwOrt
186.0000    2    2.000   1.0000         rwOrt
188.0000    0    2.000   1.0000          NULL 
190.0000    5    2.000   1.0000         pwOrt
192.0000    1    2.000   1.0000         rwRep
194.0000    6    2.000   1.0000         pwNov
196.0000    1    2.000   1.0000         rwRep
198.0000    0    6.000   1.0000          NULL 
204.0000    4    2.000   1.0000         pwRep
206.0000    3    2.000   1.0000         rwNov
208.0000    3    2.000   1.0000         rwNov
210.0000    0    2.000   1.0000          NULL 
212.0000    5    2.000   1.0000         pwOrt
214.0000    2    2.000   1.0000         rwOrt
216.0000    1    2.000   1.0000         rwRep
218.0000    0    2.000   1.0000          NULL 
220.0000    1    2.000   1.0000         rwRep
222.0000    0    2.000   1.0000          NULL 
224.0000    6    2.000   1.0000         pwNov
226.0000    5    2.000   1.0000         pwOrt
228.0000    1    2.000   1.0000         rwRep
230.0000    0    4.000   1.0000          NULL 
234.0000    4    2.000   1.0000         pwRep
236.0000    5    2.000   1.0000         pwOrt
238.0000    0    4.000   1.0000          NULL 
242.0000    3    2.000   1.0000         rwNov
244.0000    6    2.000   1.0000         pwNov
246.0000    5    2.000   1.0000         pwOrt
248.0000    0    2.000   1.0000          NULL 
250.0000    2    2.000   1.0000         rwOrt
252.0000    0    2.000   1.0000          NULL 
254.0000    5    2.000   1.0000         pwOrt
256.0000    4    2.000   1.0000         pwRep
258.0000    1    2.000   1.0000         rwRep
260.0000    1    2.000   1.0000         rwRep
262.0000    4    2.000   1.0000         pwRep
264.0000    1    2.000   1.0000         rwRep
266.0000    3    2.000   1.0000         rwNov
268.0000    3    2.000   1.0000         rwNov
270.0000    1    2.000   1.0000         rwRep
272.0000    6    2.000   1.0000         pwNov
274.0000    1    2.000   1.0000         rwRep
276.0000    0    4.000   1.0000          NULL 
280.0000    2    2.000   1.0000         rwOrt
282.0000    0    2.000   1.0000          NULL 
284.0000    4    2.000   1.0000         pwRep
286.0000    1    2.000   1.0000         rwRep
288.0000    2    2.000   1.0000         rwOrt
290.0000    0    2.000   1.0000          NULL 
292.0000    2    2.000   1.0000         rwOrt
294.0000    6    2.000   1.0000         pwNov
296.0000    0    2.000   1.0000          NULL 
298.0000    2    2.000   1.0000         rwOrt
300.0000    0    2.000   1.0000          NULL 
302.0000    4    2.000   1.0000         pwRep
304.0000    0    2.000   1.0000          NULL 
306.0000    2    2.000   1.0000         rwOrt
308.0000    0   12.000   1.0000          NULL 
320.0000    4    2.000   1.0000         pwRep
322.0000    0    2.000   1.0000          NULL 
324.0000    6    2.000   1.0000         pwNov
326.0000    6    2.000   1.0000         pwNov
328.0000    0    6.000   1.0000          NULL 
334.0000    1    2.000   1.0000         rwRep
336.0000    1    2.000   1.0000         rwRep
338.0000    2    2.000   1.0000         rwOrt
340.0000    3    2.000   1.0000         rwNov
342.0000    6    2.000   1.0000         pwNov
344.0000    6    2.000   1.0000         pwNov
346.0000    1    2.000   1.0000         rwRep
348.0000    0    4.000   1.0000          NULL 
352.0000    5    2.000   1.0000         pwOrt
354.0000    6    2.000   1.0000         pwNov
356.0000    0    2.000   1.0000          NULL 
358.0000    2    2.000   1.0000         rwOrt
