  0.0000    1    2.000   1.0000         rwRep
  2.0000    6    2.000   1.0000         pwNov
  4.0000    4    2.000   1.0000         pwRep
  6.0000    3    2.000   1.0000         rwNov
  8.0000    1    2.000   1.0000         rwRep
 10.0000    0    2.000   1.0000          NULL 
 12.0000    1    2.000   1.0000         rwRep
 14.0000    0    2.000   1.0000          NULL 
 16.0000    2    2.000   1.0000         rwOrt
 18.0000    0    4.000   1.0000          NULL 
 22.0000    1    2.000   1.0000         rwRep
 24.0000    0    2.000   1.0000          NULL 
 26.0000    4    2.000   1.0000         pwRep
 28.0000    0    2.000   1.0000          NULL 
 30.0000    5    2.000   1.0000         pwOrt
 32.0000    0    6.000   1.0000          NULL 
 38.0000    5    2.000   1.0000         pwOrt
 40.0000    2    2.000   1.0000         rwOrt
 42.0000    0    2.000   1.0000          NULL 
 44.0000    6    2.000   1.0000         pwNov
 46.0000    1    2.000   1.0000         rwRep
 48.0000    5    2.000   1.0000         pwOrt
 50.0000    0    2.000   1.0000          NULL 
 52.0000    3    2.000   1.0000         rwNov
 54.0000    2    2.000   1.0000         rwOrt
 56.0000    2    2.000   1.0000         rwOrt
 58.0000    0    2.000   1.0000          NULL 
 60.0000    3    2.000   1.0000         rwNov
 62.0000    0    4.000   1.0000          NULL 
 66.0000    4    2.000   1.0000         pwRep
 68.0000    2    2.000   1.0000         rwOrt
 70.0000    0    2.000   1.0000          NULL 
 72.0000    2    2.000   1.0000         rwOrt
 74.0000    5    2.000   1.0000         pwOrt
 76.0000    3    2.000   1.0000         rwNov
 78.0000    0    2.000   1.0000          NULL 
 80.0000    6    2.000   1.0000         pwNov
 82.0000    0    2.000   1.0000          NULL 
 84.0000    2    2.000   1.0000         rwOrt
 86.0000    4    2.000   1.0000         pwRep
 88.0000    1    2.000   1.0000         rwRep
 90.0000    4    2.000   1.0000         pwRep
 92.0000    1    2.000   1.0000         rwRep
 94.0000    2    2.000   1.0000         rwOrt
 96.0000    0    4.000   1.0000          NULL 
100.0000    2    2.000   1.0000         rwOrt
102.0000    0    2.000   1.0000          NULL 
104.0000    3    2.000   1.0000         rwNov
106.0000    4    2.000   1.0000         pwRep
108.0000    0    2.000   1.0000          NULL 
110.0000    3    2.000   1.0000         rwNov
112.0000    5    2.000   1.0000         pwOrt
114.0000    2    2.000   1.0000         rwOrt
116.0000    4    2.000   1.0000         pwRep
118.0000    4    2.000   1.0000         pwRep
120.0000    6    2.000   1.0000         pwNov
122.0000    0    4.000   1.0000          NULL 
126.0000    5    2.000   1.0000         pwOrt
128.0000    0    2.000   1.0000          NULL 
130.0000    2    2.000   1.0000         rwOrt
132.0000    0    2.000   1.0000          NULL 
134.0000    5    2.000   1.0000         pwOrt
136.0000    6    2.000   1.0000         pwNov
138.0000    2    2.000   1.0000         rwOrt
140.0000    2    2.000   1.0000         rwOrt
142.0000    1    2.000   1.0000         rwRep
144.0000    6    2.000   1.0000         pwNov
146.0000    0    2.000   1.0000          NULL 
148.0000    1    2.000   1.0000         rwRep
150.0000    5    2.000   1.0000         pwOrt
152.0000    6    2.000   1.0000         pwNov
154.0000    0    2.000   1.0000          NULL 
156.0000    4    2.000   1.0000         pwRep
158.0000    3    2.000   1.0000         rwNov
160.0000    2    2.000   1.0000         rwOrt
162.0000    0    4.000   1.0000          NULL 
166.0000    1    2.000   1.0000         rwRep
168.0000    4    2.000   1.0000         pwRep
170.0000    5    2.000   1.0000         pwOrt
172.0000    0    2.000   1.0000          NULL 
174.0000    4    2.000   1.0000         pwRep
176.0000    2    2.000   1.0000         rwOrt
178.0000    4    2.000   1.0000         pwRep
180.0000    2    2.000   1.0000         rwOrt
182.0000    5    2.000   1.0000         pwOrt
184.0000    4    2.000   1.0000         pwRep
186.0000    2    2.000   1.0000         rwOrt
188.0000    6    2.000   1.0000         pwNov
190.0000    1    2.000   1.0000         rwRep
192.0000    0    2.000   1.0000          NULL 
194.0000    5    2.000   1.0000         pwOrt
196.0000    5    2.000   1.0000         pwOrt
198.0000    3    2.000   1.0000         rwNov
200.0000    5    2.000   1.0000         pwOrt
202.0000    0    2.000   1.0000          NULL 
204.0000    6    2.000   1.0000         pwNov
206.0000    1    2.000   1.0000         rwRep
208.0000    0    2.000   1.0000          NULL 
210.0000    4    2.000   1.0000         pwRep
212.0000    5    2.000   1.0000         pwOrt
214.0000    6    2.000   1.0000         pwNov
216.0000    0    4.000   1.0000          NULL 
220.0000    4    2.000   1.0000         pwRep
222.0000    0    2.000   1.0000          NULL 
224.0000    5    2.000   1.0000         pwOrt
226.0000    1    2.000   1.0000         rwRep
228.0000    0    4.000   1.0000          NULL 
232.0000    3    2.000   1.0000         rwNov
234.0000    0    2.000   1.0000          NULL 
236.0000    1    2.000   1.0000         rwRep
238.0000    0    2.000   1.0000          NULL 
240.0000    5    2.000   1.0000         pwOrt
242.0000    1    2.000   1.0000         rwRep
244.0000    0    4.000   1.0000          NULL 
248.0000    1    2.000   1.0000         rwRep
250.0000    3    2.000   1.0000         rwNov
252.0000    1    2.000   1.0000         rwRep
254.0000    0    2.000   1.0000          NULL 
256.0000    6    2.000   1.0000         pwNov
258.0000    5    2.000   1.0000         pwOrt
260.0000    6    2.000   1.0000         pwNov
262.0000    0    4.000   1.0000          NULL 
266.0000    3    2.000   1.0000         rwNov
268.0000    0    2.000   1.0000          NULL 
270.0000    5    2.000   1.0000         pwOrt
272.0000    0    4.000   1.0000          NULL 
276.0000    5    2.000   1.0000         pwOrt
278.0000    3    2.000   1.0000         rwNov
280.0000    6    2.000   1.0000         pwNov
282.0000    4    2.000   1.0000         pwRep
284.0000    2    2.000   1.0000         rwOrt
286.0000    6    2.000   1.0000         pwNov
288.0000    3    2.000   1.0000         rwNov
290.0000    6    2.000   1.0000         pwNov
292.0000    3    2.000   1.0000         rwNov
294.0000    0    4.000   1.0000          NULL 
298.0000    6    2.000   1.0000         pwNov
300.0000    0    2.000   1.0000          NULL 
302.0000    1    2.000   1.0000         rwRep
304.0000    2    2.000   1.0000         rwOrt
306.0000    2    2.000   1.0000         rwOrt
308.0000    1    2.000   1.0000         rwRep
310.0000    6    2.000   1.0000         pwNov
312.0000    0    2.000   1.0000          NULL 
314.0000    6    2.000   1.0000         pwNov
316.0000    6    2.000   1.0000         pwNov
318.0000    3    2.000   1.0000         rwNov
320.0000    3    2.000   1.0000         rwNov
322.0000    3    2.000   1.0000         rwNov
324.0000    4    2.000   1.0000         pwRep
326.0000    0    2.000   1.0000          NULL 
328.0000    3    2.000   1.0000         rwNov
330.0000    0    4.000   1.0000          NULL 
334.0000    4    2.000   1.0000         pwRep
336.0000    0    4.000   1.0000          NULL 
340.0000    5    2.000   1.0000         pwOrt
342.0000    0    4.000   1.0000          NULL 
346.0000    3    2.000   1.0000         rwNov
348.0000    6    2.000   1.0000         pwNov
350.0000    0    2.000   1.0000          NULL 
352.0000    4    2.000   1.0000         pwRep
354.0000    1    2.000   1.0000         rwRep
356.0000    4    2.000   1.0000         pwRep
358.0000    3    2.000   1.0000         rwNov
