  0.0000    6    2.000   1.0000         pwNov
  2.0000    0    4.000   1.0000          NULL 
  6.0000    5    2.000   1.0000         pwOrt
  8.0000    4    2.000   1.0000         pwRep
 10.0000    6    2.000   1.0000         pwNov
 12.0000    0    6.000   1.0000          NULL 
 18.0000    3    2.000   1.0000         rwNov
 20.0000    3    2.000   1.0000         rwNov
 22.0000    1    2.000   1.0000         rwRep
 24.0000    0    2.000   1.0000          NULL 
 26.0000    6    2.000   1.0000         pwNov
 28.0000    0    2.000   1.0000          NULL 
 30.0000    5    2.000   1.0000         pwOrt
 32.0000    0    2.000   1.0000          NULL 
 34.0000    3    2.000   1.0000         rwNov
 36.0000    3    2.000   1.0000         rwNov
 38.0000    1    2.000   1.0000         rwRep
 40.0000    2    2.000   1.0000         rwOrt
 42.0000    0    8.000   1.0000          NULL 
 50.0000    3    2.000   1.0000         rwNov
 52.0000    0    2.000   1.0000          NULL 
 54.0000    4    2.000   1.0000         pwRep
 56.0000    2    2.000   1.0000         rwOrt
 58.0000    2    2.000   1.0000         rwOrt
 60.0000    6    2.000   1.0000         pwNov
 62.0000    4    2.000   1.0000         pwRep
 64.0000    6    2.000   1.0000         pwNov
 66.0000    6    2.000   1.0000         pwNov
 68.0000    5    2.000   1.0000         pwOrt
 70.0000    2    2.000   1.0000         rwOrt
 72.0000    0    4.000   1.0000          NULL 
 76.0000    6    2.000   1.0000         pwNov
 78.0000    2    2.000   1.0000         rwOrt
 80.0000    6    2.000   1.0000         pwNov
 82.0000    3    2.000   1.0000         rwNov
 84.0000    0    2.000   1.0000          NULL 
 86.0000    5    2.000   1.0000         pwOrt
 88.0000    6    2.000   1.0000         pwNov
 90.0000    4    2.000   1.0000         pwRep
 92.0000    0    2.000   1.0000          NULL 
 94.0000    1    2.000   1.0000         rwRep
 96.0000    4    2.000   1.0000         pwRep
 98.0000    2    2.000   1.0000         rwOrt
100.0000    4    2.000   1.0000         pwRep
102.0000    0    2.000   1.0000          NULL 
104.0000    4    2.000   1.0000         pwRep
106.0000    2    2.000   1.0000         rwOrt
108.0000    3    2.000   1.0000         rwNov
110.0000    2    2.000   1.0000         rwOrt
112.0000    0    4.000   1.0000          NULL 
116.0000    4    2.000   1.0000         pwRep
118.0000    1    2.000   1.0000         rwRep
120.0000    0    2.000   1.0000          NULL 
122.0000    5    2.000   1.0000         pwOrt
124.0000    4    2.000   1.0000         pwRep
126.0000    1    2.000   1.0000         rwRep
128.0000    6    2.000   1.0000         pwNov
130.0000    4    2.000   1.0000         pwRep
132.0000    1    2.000   1.0000         rwRep
134.0000    5    2.000   1.0000         pwOrt
136.0000    0    2.000   1.0000          NULL 
138.0000    6    2.000   1.0000         pwNov
140.0000    1    2.000   1.0000         rwRep
142.0000    4    2.000   1.0000         pwRep
144.0000    0    2.000   1.0000          NULL 
146.0000    3    2.000   1.0000         rwNov
148.0000    4    2.000   1.0000         pwRep
150.0000    0    4.000   1.0000          NULL 
154.0000    2    2.000   1.0000         rwOrt
156.0000    2    2.000   1.0000         rwOrt
158.0000    5    2.000   1.0000         pwOrt
160.0000    2    2.000   1.0000         rwOrt
162.0000    0    2.000   1.0000          NULL 
164.0000    1    2.000   1.0000         rwRep
166.0000    5    2.000   1.0000         pwOrt
168.0000    0    2.000   1.0000          NULL 
170.0000    3    2.000   1.0000         rwNov
172.0000    4    2.000   1.0000         pwRep
174.0000    3    2.000   1.0000         rwNov
176.0000    0    2.000   1.0000          NULL 
178.0000    2    2.000   1.0000         rwOrt
180.0000    2    2.000   1.0000         rwOrt
182.0000    4    2.000   1.0000         pwRep
184.0000    5    2.000   1.0000         pwOrt
186.0000    3    2.000   1.0000         rwNov
188.0000    5    2.000   1.0000         pwOrt
190.0000    0    4.000   1.0000          NULL 
194.0000    5    2.000   1.0000         pwOrt
196.0000    5    2.000   1.0000         pwOrt
198.0000    3    2.000   1.0000         rwNov
200.0000    6    2.000   1.0000         pwNov
202.0000    6    2.000   1.0000         pwNov
204.0000    0    2.000   1.0000          NULL 
206.0000    6    2.000   1.0000         pwNov
208.0000    0    4.000   1.0000          NULL 
212.0000    4    2.000   1.0000         pwRep
214.0000    3    2.000   1.0000         rwNov
216.0000    1    2.000   1.0000         rwRep
218.0000    2    2.000   1.0000         rwOrt
220.0000    3    2.000   1.0000         rwNov
222.0000    2    2.000   1.0000         rwOrt
224.0000    6    2.000   1.0000         pwNov
226.0000    4    2.000   1.0000         pwRep
228.0000    3    2.000   1.0000         rwNov
230.0000    0    4.000   1.0000          NULL 
234.0000    6    2.000   1.0000         pwNov
236.0000    1    2.000   1.0000         rwRep
238.0000    2    2.000   1.0000         rwOrt
240.0000    3    2.000   1.0000         rwNov
242.0000    0    2.000   1.0000          NULL 
244.0000    6    2.000   1.0000         pwNov
246.0000    0    2.000   1.0000          NULL 
248.0000    3    2.000   1.0000         rwNov
250.0000    5    2.000   1.0000         pwOrt
252.0000    6    2.000   1.0000         pwNov
254.0000    0    2.000   1.0000          NULL 
256.0000    1    2.000   1.0000         rwRep
258.0000    6    2.000   1.0000         pwNov
260.0000    0    4.000   1.0000          NULL 
264.0000    4    2.000   1.0000         pwRep
266.0000    3    2.000   1.0000         rwNov
268.0000    1    2.000   1.0000         rwRep
270.0000    1    2.000   1.0000         rwRep
272.0000    5    2.000   1.0000         pwOrt
274.0000    0    2.000   1.0000          NULL 
276.0000    1    2.000   1.0000         rwRep
278.0000    0    4.000   1.0000          NULL 
282.0000    5    2.000   1.0000         pwOrt
284.0000    4    2.000   1.0000         pwRep
286.0000    0    2.000   1.0000          NULL 
288.0000    4    2.000   1.0000         pwRep
290.0000    0    2.000   1.0000          NULL 
292.0000    1    2.000   1.0000         rwRep
294.0000    0    2.000   1.0000          NULL 
296.0000    1    2.000   1.0000         rwRep
298.0000    2    2.000   1.0000         rwOrt
300.0000    5    2.000   1.0000         pwOrt
302.0000    0    2.000   1.0000          NULL 
304.0000    5    2.000   1.0000         pwOrt
306.0000    3    2.000   1.0000         rwNov
308.0000    0    2.000   1.0000          NULL 
310.0000    1    2.000   1.0000         rwRep
312.0000    0    8.000   1.0000          NULL 
320.0000    5    2.000   1.0000         pwOrt
322.0000    2    2.000   1.0000         rwOrt
324.0000    0    4.000   1.0000          NULL 
328.0000    2    2.000   1.0000         rwOrt
330.0000    0    2.000   1.0000          NULL 
332.0000    4    2.000   1.0000         pwRep
334.0000    1    2.000   1.0000         rwRep
336.0000    1    2.000   1.0000         rwRep
338.0000    0    2.000   1.0000          NULL 
340.0000    3    2.000   1.0000         rwNov
342.0000    6    2.000   1.0000         pwNov
344.0000    0    2.000   1.0000          NULL 
346.0000    5    2.000   1.0000         pwOrt
348.0000    5    2.000   1.0000         pwOrt
350.0000    2    2.000   1.0000         rwOrt
352.0000    1    2.000   1.0000         rwRep
354.0000    0    6.000   1.0000          NULL 
