  0.0000    1    2.000   1.0000         rwRep
  2.0000    3    2.000   1.0000         rwNov
  4.0000    3    2.000   1.0000         rwNov
  6.0000    3    2.000   1.0000         rwNov
  8.0000    5    2.000   1.0000         pwOrt
 10.0000    6    2.000   1.0000         pwNov
 12.0000    0    2.000   1.0000          NULL 
 14.0000    1    2.000   1.0000         rwRep
 16.0000    2    2.000   1.0000         rwOrt
 18.0000    2    2.000   1.0000         rwOrt
 20.0000    2    2.000   1.0000         rwOrt
 22.0000    0    2.000   1.0000          NULL 
 24.0000    3    2.000   1.0000         rwNov
 26.0000    3    2.000   1.0000         rwNov
 28.0000    4    2.000   1.0000         pwRep
 30.0000    0    2.000   1.0000          NULL 
 32.0000    4    2.000   1.0000         pwRep
 34.0000    0    2.000   1.0000          NULL 
 36.0000    6    2.000   1.0000         pwNov
 38.0000    2    2.000   1.0000         rwOrt
 40.0000    0    4.000   1.0000          NULL 
 44.0000    6    2.000   1.0000         pwNov
 46.0000    0    2.000   1.0000          NULL 
 48.0000    2    2.000   1.0000         rwOrt
 50.0000    6    2.000   1.0000         pwNov
 52.0000    0    2.000   1.0000          NULL 
 54.0000    5    2.000   1.0000         pwOrt
 56.0000    0    2.000   1.0000          NULL 
 58.0000    2    2.000   1.0000         rwOrt
 60.0000    1    2.000   1.0000         rwRep
 62.0000    3    2.000   1.0000         rwNov
 64.0000    0    2.000   1.0000          NULL 
 66.0000    2    2.000   1.0000         rwOrt
 68.0000    4    2.000   1.0000         pwRep
 70.0000    1    2.000   1.0000         rwRep
 72.0000    6    2.000   1.0000         pwNov
 74.0000    4    2.000   1.0000         pwRep
 76.0000    3    2.000   1.0000         rwNov
 78.0000    0    6.000   1.0000          NULL 
 84.0000    2    2.000   1.0000         rwOrt
 86.0000    1    2.000   1.0000         rwRep
 88.0000    6    2.000   1.0000         pwNov
 90.0000    3    2.000   1.0000         rwNov
 92.0000    0    2.000   1.0000          NULL 
 94.0000    2    2.000   1.0000         rwOrt
 96.0000    1    2.000   1.0000         rwRep
 98.0000    0    2.000   1.0000          NULL 
100.0000    3    2.000   1.0000         rwNov
102.0000    0    6.000   1.0000          NULL 
108.0000    4    2.000   1.0000         pwRep
110.0000    0    2.000   1.0000          NULL 
112.0000    3    2.000   1.0000         rwNov
114.0000    5    2.000   1.0000         pwOrt
116.0000    3    2.000   1.0000         rwNov
118.0000    2    2.000   1.0000         rwOrt
120.0000    0    2.000   1.0000          NULL 
122.0000    4    2.000   1.0000         pwRep
124.0000    0    4.000   1.0000          NULL 
128.0000    1    2.000   1.0000         rwRep
130.0000    0    4.000   1.0000          NULL 
134.0000    3    2.000   1.0000         rwNov
136.0000    6    2.000   1.0000         pwNov
138.0000    4    2.000   1.0000         pwRep
140.0000    4    2.000   1.0000         pwRep
142.0000    4    2.000   1.0000         pwRep
144.0000    0    2.000   1.0000          NULL 
146.0000    4    2.000   1.0000         pwRep
148.0000    0    2.000   1.0000          NULL 
150.0000    1    2.000   1.0000         rwRep
152.0000    4    2.000   1.0000         pwRep
154.0000    4    2.000   1.0000         pwRep
156.0000    5    2.000   1.0000         pwOrt
158.0000    5    2.000   1.0000         pwOrt
160.0000    1    2.000   1.0000         rwRep
162.0000    3    2.000   1.0000         rwNov
164.0000    0    2.000   1.0000          NULL 
166.0000    5    2.000   1.0000         pwOrt
168.0000    1    2.000   1.0000         rwRep
170.0000    0    4.000   1.0000          NULL 
174.0000    5    2.000   1.0000         pwOrt
176.0000    4    2.000   1.0000         pwRep
178.0000    5    2.000   1.0000         pwOrt
180.0000    0    2.000   1.0000          NULL 
182.0000    2    2.000   1.0000         rwOrt
184.0000    0    2.000   1.0000          NULL 
186.0000    4    2.000   1.0000         pwRep
188.0000    1    2.000   1.0000         rwRep
190.0000    1    2.000   1.0000         rwRep
192.0000    6    2.000   1.0000         pwNov
194.0000    0    2.000   1.0000          NULL 
196.0000    1    2.000   1.0000         rwRep
198.0000    6    2.000   1.0000         pwNov
200.0000    0    4.000   1.0000          NULL 
204.0000    5    2.000   1.0000         pwOrt
206.0000    0    4.000   1.0000          NULL 
210.0000    2    2.000   1.0000         rwOrt
212.0000    0    2.000   1.0000          NULL 
214.0000    5    2.000   1.0000         pwOrt
216.0000    2    2.000   1.0000         rwOrt
218.0000    0    2.000   1.0000          NULL 
220.0000    6    2.000   1.0000         pwNov
222.0000    3    2.000   1.0000         rwNov
224.0000    2    2.000   1.0000         rwOrt
226.0000    3    2.000   1.0000         rwNov
228.0000    4    2.000   1.0000         pwRep
230.0000    0    2.000   1.0000          NULL 
232.0000    2    2.000   1.0000         rwOrt
234.0000    0    2.000   1.0000          NULL 
236.0000    5    2.000   1.0000         pwOrt
238.0000    6    2.000   1.0000         pwNov
240.0000    5    2.000   1.0000         pwOrt
242.0000    0    2.000   1.0000          NULL 
244.0000    1    2.000   1.0000         rwRep
246.0000    0    4.000   1.0000          NULL 
250.0000    1    2.000   1.0000         rwRep
252.0000    0    2.000   1.0000          NULL 
254.0000    6    2.000   1.0000         pwNov
256.0000    4    2.000   1.0000         pwRep
258.0000    2    2.000   1.0000         rwOrt
260.0000    3    2.000   1.0000         rwNov
262.0000    3    2.000   1.0000         rwNov
264.0000    0    2.000   1.0000          NULL 
266.0000    6    2.000   1.0000         pwNov
268.0000    2    2.000   1.0000         rwOrt
270.0000    0    6.000   1.0000          NULL 
276.0000    5    2.000   1.0000         pwOrt
278.0000    5    2.000   1.0000         pwOrt
280.0000    2    2.000   1.0000         rwOrt
282.0000    3    2.000   1.0000         rwNov
284.0000    4    2.000   1.0000         pwRep
286.0000    6    2.000   1.0000         pwNov
288.0000    0    2.000   1.0000          NULL 
290.0000    5    2.000   1.0000         pwOrt
292.0000    6    2.000   1.0000         pwNov
294.0000    0    6.000   1.0000          NULL 
300.0000    4    2.000   1.0000         pwRep
302.0000    1    2.000   1.0000         rwRep
304.0000    5    2.000   1.0000         pwOrt
306.0000    0    4.000   1.0000          NULL 
310.0000    6    2.000   1.0000         pwNov
312.0000    3    2.000   1.0000         rwNov
314.0000    0    2.000   1.0000          NULL 
316.0000    1    2.000   1.0000         rwRep
318.0000    4    2.000   1.0000         pwRep
320.0000    2    2.000   1.0000         rwOrt
322.0000    0    2.000   1.0000          NULL 
324.0000    6    2.000   1.0000         pwNov
326.0000    0    4.000   1.0000          NULL 
330.0000    6    2.000   1.0000         pwNov
332.0000    1    2.000   1.0000         rwRep
334.0000    5    2.000   1.0000         pwOrt
336.0000    1    2.000   1.0000         rwRep
338.0000    1    2.000   1.0000         rwRep
340.0000    5    2.000   1.0000         pwOrt
342.0000    5    2.000   1.0000         pwOrt
344.0000    6    2.000   1.0000         pwNov
346.0000    5    2.000   1.0000         pwOrt
348.0000    0    4.000   1.0000          NULL 
352.0000    6    2.000   1.0000         pwNov
354.0000    3    2.000   1.0000         rwNov
356.0000    4    2.000   1.0000         pwRep
358.0000    2    2.000   1.0000         rwOrt
