  0.0000    5    2.000   1.0000         pwOrt
  2.0000    6    2.000   1.0000         pwNov
  4.0000    3    2.000   1.0000         rwNov
  6.0000    4    2.000   1.0000         pwRep
  8.0000    0    2.000   1.0000          NULL 
 10.0000    5    2.000   1.0000         pwOrt
 12.0000    3    2.000   1.0000         rwNov
 14.0000    1    2.000   1.0000         rwRep
 16.0000    1    2.000   1.0000         rwRep
 18.0000    2    2.000   1.0000         rwOrt
 20.0000    0    6.000   1.0000          NULL 
 26.0000    4    2.000   1.0000         pwRep
 28.0000    3    2.000   1.0000         rwNov
 30.0000    0    2.000   1.0000          NULL 
 32.0000    1    2.000   1.0000         rwRep
 34.0000    0    2.000   1.0000          NULL 
 36.0000    1    2.000   1.0000         rwRep
 38.0000    2    2.000   1.0000         rwOrt
 40.0000    5    2.000   1.0000         pwOrt
 42.0000    3    2.000   1.0000         rwNov
 44.0000    0    8.000   1.0000          NULL 
 52.0000    2    2.000   1.0000         rwOrt
 54.0000    2    2.000   1.0000         rwOrt
 56.0000    0    4.000   1.0000          NULL 
 60.0000    6    2.000   1.0000         pwNov
 62.0000    6    2.000   1.0000         pwNov
 64.0000    3    2.000   1.0000         rwNov
 66.0000    6    2.000   1.0000         pwNov
 68.0000    5    2.000   1.0000         pwOrt
 70.0000    5    2.000   1.0000         pwOrt
 72.0000    0    2.000   1.0000          NULL 
 74.0000    4    2.000   1.0000         pwRep
 76.0000    0    2.000   1.0000          NULL 
 78.0000    5    2.000   1.0000         pwOrt
 80.0000    6    2.000   1.0000         pwNov
 82.0000    5    2.000   1.0000         pwOrt
 84.0000    0    2.000   1.0000          NULL 
 86.0000    1    2.000   1.0000         rwRep
 88.0000    0    2.000   1.0000          NULL 
 90.0000    5    2.000   1.0000         pwOrt
 92.0000    1    2.000   1.0000         rwRep
 94.0000    3    2.000   1.0000         rwNov
 96.0000    0    2.000   1.0000          NULL 
 98.0000    2    2.000   1.0000         rwOrt
100.0000    0    2.000   1.0000          NULL 
102.0000    5    2.000   1.0000         pwOrt
104.0000    0    2.000   1.0000          NULL 
106.0000    1    2.000   1.0000         rwRep
108.0000    5    2.000   1.0000         pwOrt
110.0000    4    2.000   1.0000         pwRep
112.0000    4    2.000   1.0000         pwRep
114.0000    1    2.000   1.0000         rwRep
116.0000    4    2.000   1.0000         pwRep
118.0000    0    4.000   1.0000          NULL 
122.0000    3    2.000   1.0000         rwNov
124.0000    0    2.000   1.0000          NULL 
126.0000    3    2.000   1.0000         rwNov
128.0000    1    2.000   1.0000         rwRep
130.0000    3    2.000   1.0000         rwNov
132.0000    4    2.000   1.0000         pwRep
134.0000    0    2.000   1.0000          NULL 
136.0000    5    2.000   1.0000         pwOrt
138.0000    6    2.000   1.0000         pwNov
140.0000    5    2.000   1.0000         pwOrt
142.0000    6    2.000   1.0000         pwNov
144.0000    4    2.000   1.0000         pwRep
146.0000    0    6.000   1.0000          NULL 
152.0000    2    2.000   1.0000         rwOrt
154.0000    1    2.000   1.0000         rwRep
156.0000    0    4.000   1.0000          NULL 
160.0000    4    2.000   1.0000         pwRep
162.0000    2    2.000   1.0000         rwOrt
164.0000    4    2.000   1.0000         pwRep
166.0000    5    2.000   1.0000         pwOrt
168.0000    4    2.000   1.0000         pwRep
170.0000    0    2.000   1.0000          NULL 
172.0000    4    2.000   1.0000         pwRep
174.0000    3    2.000   1.0000         rwNov
176.0000    5    2.000   1.0000         pwOrt
178.0000    2    2.000   1.0000         rwOrt
180.0000    3    2.000   1.0000         rwNov
182.0000    2    2.000   1.0000         rwOrt
184.0000    3    2.000   1.0000         rwNov
186.0000    0    2.000   1.0000          NULL 
188.0000    1    2.000   1.0000         rwRep
190.0000    0    2.000   1.0000          NULL 
192.0000    6    2.000   1.0000         pwNov
194.0000    0    2.000   1.0000          NULL 
196.0000    4    2.000   1.0000         pwRep
198.0000    0    2.000   1.0000          NULL 
200.0000    2    2.000   1.0000         rwOrt
202.0000    1    2.000   1.0000         rwRep
204.0000    6    2.000   1.0000         pwNov
206.0000    3    2.000   1.0000         rwNov
208.0000    4    2.000   1.0000         pwRep
210.0000    0    2.000   1.0000          NULL 
212.0000    6    2.000   1.0000         pwNov
214.0000    0    2.000   1.0000          NULL 
216.0000    6    2.000   1.0000         pwNov
218.0000    0    2.000   1.0000          NULL 
220.0000    6    2.000   1.0000         pwNov
222.0000    0    4.000   1.0000          NULL 
226.0000    4    2.000   1.0000         pwRep
228.0000    4    2.000   1.0000         pwRep
230.0000    0    2.000   1.0000          NULL 
232.0000    4    2.000   1.0000         pwRep
234.0000    4    2.000   1.0000         pwRep
236.0000    6    2.000   1.0000         pwNov
238.0000    0    2.000   1.0000          NULL 
240.0000    5    2.000   1.0000         pwOrt
242.0000    3    2.000   1.0000         rwNov
244.0000    2    2.000   1.0000         rwOrt
246.0000    5    2.000   1.0000         pwOrt
248.0000    5    2.000   1.0000         pwOrt
250.0000    0    2.000   1.0000          NULL 
252.0000    3    2.000   1.0000         rwNov
254.0000    6    2.000   1.0000         pwNov
256.0000    2    2.000   1.0000         rwOrt
258.0000    0    2.000   1.0000          NULL 
260.0000    3    2.000   1.0000         rwNov
262.0000    5    2.000   1.0000         pwOrt
264.0000    0    2.000   1.0000          NULL 
266.0000    2    2.000   1.0000         rwOrt
268.0000    5    2.000   1.0000         pwOrt
270.0000    0    2.000   1.0000          NULL 
272.0000    2    2.000   1.0000         rwOrt
274.0000    0    2.000   1.0000          NULL 
276.0000    1    2.000   1.0000         rwRep
278.0000    1    2.000   1.0000         rwRep
280.0000    0    4.000   1.0000          NULL 
284.0000    2    2.000   1.0000         rwOrt
286.0000    0    2.000   1.0000          NULL 
288.0000    1    2.000   1.0000         rwRep
290.0000    4    2.000   1.0000         pwRep
292.0000    1    2.000   1.0000         rwRep
294.0000    0    2.000   1.0000          NULL 
296.0000    3    2.000   1.0000         rwNov
298.0000    0    2.000   1.0000          NULL 
300.0000    2    2.000   1.0000         rwOrt
302.0000    2    2.000   1.0000         rwOrt
304.0000    0    2.000   1.0000          NULL 
306.0000    6    2.000   1.0000         pwNov
308.0000    3    2.000   1.0000         rwNov
310.0000    2    2.000   1.0000         rwOrt
312.0000    6    2.000   1.0000         pwNov
314.0000    1    2.000   1.0000         rwRep
316.0000    0    4.000   1.0000          NULL 
320.0000    6    2.000   1.0000         pwNov
322.0000    6    2.000   1.0000         pwNov
324.0000    6    2.000   1.0000         pwNov
326.0000    2    2.000   1.0000         rwOrt
328.0000    0    2.000   1.0000          NULL 
330.0000    1    2.000   1.0000         rwRep
332.0000    6    2.000   1.0000         pwNov
334.0000    1    2.000   1.0000         rwRep
336.0000    0    2.000   1.0000          NULL 
338.0000    2    2.000   1.0000         rwOrt
340.0000    0    2.000   1.0000          NULL 
342.0000    3    2.000   1.0000         rwNov
344.0000    0    4.000   1.0000          NULL 
348.0000    1    2.000   1.0000         rwRep
350.0000    0    4.000   1.0000          NULL 
354.0000    4    2.000   1.0000         pwRep
356.0000    3    2.000   1.0000         rwNov
358.0000    5    2.000   1.0000         pwOrt
