  0.0000    2    2.000   1.0000         rwOrt
  2.0000    2    2.000   1.0000         rwOrt
  4.0000    4    2.000   1.0000         pwRep
  6.0000    6    2.000   1.0000         pwNov
  8.0000    4    2.000   1.0000         pwRep
 10.0000    4    2.000   1.0000         pwRep
 12.0000    6    2.000   1.0000         pwNov
 14.0000    1    2.000   1.0000         rwRep
 16.0000    0    2.000   1.0000          NULL 
 18.0000    1    2.000   1.0000         rwRep
 20.0000    0    2.000   1.0000          NULL 
 22.0000    1    2.000   1.0000         rwRep
 24.0000    1    2.000   1.0000         rwRep
 26.0000    0    4.000   1.0000          NULL 
 30.0000    3    2.000   1.0000         rwNov
 32.0000    3    2.000   1.0000         rwNov
 34.0000    5    2.000   1.0000         pwOrt
 36.0000    0    4.000   1.0000          NULL 
 40.0000    5    2.000   1.0000         pwOrt
 42.0000    0    2.000   1.0000          NULL 
 44.0000    2    2.000   1.0000         rwOrt
 46.0000    3    2.000   1.0000         rwNov
 48.0000    3    2.000   1.0000         rwNov
 50.0000    6    2.000   1.0000         pwNov
 52.0000    6    2.000   1.0000         pwNov
 54.0000    5    2.000   1.0000         pwOrt
 56.0000    0    2.000   1.0000          NULL 
 58.0000    5    2.000   1.0000         pwOrt
 60.0000    5    2.000   1.0000         pwOrt
 62.0000    0    2.000   1.0000          NULL 
 64.0000    4    2.000   1.0000         pwRep
 66.0000    6    2.000   1.0000         pwNov
 68.0000    2    2.000   1.0000         rwOrt
 70.0000    5    2.000   1.0000         pwOrt
 72.0000    1    2.000   1.0000         rwRep
 74.0000    5    2.000   1.0000         pwOrt
 76.0000    5    2.000   1.0000         pwOrt
 78.0000    1    2.000   1.0000         rwRep
 80.0000    0    2.000   1.0000          NULL 
 82.0000    5    2.000   1.0000         pwOrt
 84.0000    0    2.000   1.0000          NULL 
 86.0000    2    2.000   1.0000         rwOrt
 88.0000    0    2.000   1.0000          NULL 
 90.0000    3    2.000   1.0000         rwNov
 92.0000    0    2.000   1.0000          NULL 
 94.0000    4    2.000   1.0000         pwRep
 96.0000    2    2.000   1.0000         rwOrt
 98.0000    5    2.000   1.0000         pwOrt
100.0000    0    2.000   1.0000          NULL 
102.0000    2    2.000   1.0000         rwOrt
104.0000    0    4.000   1.0000          NULL 
108.0000    4    2.000   1.0000         pwRep
110.0000    0    2.000   1.0000          NULL 
112.0000    3    2.000   1.0000         rwNov
114.0000    3    2.000   1.0000         rwNov
116.0000    1    2.000   1.0000         rwRep
118.0000    2    2.000   1.0000         rwOrt
120.0000    4    2.000   1.0000         pwRep
122.0000    5    2.000   1.0000         pwOrt
124.0000    0    2.000   1.0000          NULL 
126.0000    3    2.000   1.0000         rwNov
128.0000    2    2.000   1.0000         rwOrt
130.0000    3    2.000   1.0000         rwNov
132.0000    0    2.000   1.0000          NULL 
134.0000    2    2.000   1.0000         rwOrt
136.0000    1    2.000   1.0000         rwRep
138.0000    3    2.000   1.0000         rwNov
140.0000    6    2.000   1.0000         pwNov
142.0000    0    4.000   1.0000          NULL 
146.0000    2    2.000   1.0000         rwOrt
148.0000    0    4.000   1.0000          NULL 
152.0000    2    2.000   1.0000         rwOrt
154.0000    2    2.000   1.0000         rwOrt
156.0000    4    2.000   1.0000         pwRep
158.0000    4    2.000   1.0000         pwRep
160.0000    0    2.000   1.0000          NULL 
162.0000    1    2.000   1.0000         rwRep
164.0000    4    2.000   1.0000         pwRep
166.0000    5    2.000   1.0000         pwOrt
168.0000    2    2.000   1.0000         rwOrt
170.0000    0    6.000   1.0000          NULL 
176.0000    1    2.000   1.0000         rwRep
178.0000    0    2.000   1.0000          NULL 
180.0000    2    2.000   1.0000         rwOrt
182.0000    4    2.000   1.0000         pwRep
184.0000    0    2.000   1.0000          NULL 
186.0000    3    2.000   1.0000         rwNov
188.0000    0    2.000   1.0000          NULL 
190.0000    1    2.000   1.0000         rwRep
192.0000    6    2.000   1.0000         pwNov
194.0000    6    2.000   1.0000         pwNov
196.0000    3    2.000   1.0000         rwNov
198.0000    0    4.000   1.0000          NULL 
202.0000    3    2.000   1.0000         rwNov
204.0000    4    2.000   1.0000         pwRep
206.0000    2    2.000   1.0000         rwOrt
208.0000    0    2.000   1.0000          NULL 
210.0000    3    2.000   1.0000         rwNov
212.0000    6    2.000   1.0000         pwNov
214.0000    0    4.000   1.0000          NULL 
218.0000    6    2.000   1.0000         pwNov
220.0000    0    4.000   1.0000          NULL 
224.0000    4    2.000   1.0000         pwRep
226.0000    0    2.000   1.0000          NULL 
228.0000    6    2.000   1.0000         pwNov
230.0000    6    2.000   1.0000         pwNov
232.0000    0    6.000   1.0000          NULL 
238.0000    6    2.000   1.0000         pwNov
240.0000    1    2.000   1.0000         rwRep
242.0000    5    2.000   1.0000         pwOrt
244.0000    5    2.000   1.0000         pwOrt
246.0000    6    2.000   1.0000         pwNov
248.0000    5    2.000   1.0000         pwOrt
250.0000    3    2.000   1.0000         rwNov
252.0000    2    2.000   1.0000         rwOrt
254.0000    5    2.000   1.0000         pwOrt
256.0000    6    2.000   1.0000         pwNov
258.0000    0    2.000   1.0000          NULL 
260.0000    1    2.000   1.0000         rwRep
262.0000    0    2.000   1.0000          NULL 
264.0000    2    2.000   1.0000         rwOrt
266.0000    0    4.000   1.0000          NULL 
270.0000    2    2.000   1.0000         rwOrt
272.0000    1    2.000   1.0000         rwRep
274.0000    6    2.000   1.0000         pwNov
276.0000    0    2.000   1.0000          NULL 
278.0000    1    2.000   1.0000         rwRep
280.0000    1    2.000   1.0000         rwRep
282.0000    0    2.000   1.0000          NULL 
284.0000    1    2.000   1.0000         rwRep
286.0000    4    2.000   1.0000         pwRep
288.0000    0    2.000   1.0000          NULL 
290.0000    1    2.000   1.0000         rwRep
292.0000    4    2.000   1.0000         pwRep
294.0000    3    2.000   1.0000         rwNov
296.0000    0    2.000   1.0000          NULL 
298.0000    5    2.000   1.0000         pwOrt
300.0000    6    2.000   1.0000         pwNov
302.0000    6    2.000   1.0000         pwNov
304.0000    0    2.000   1.0000          NULL 
306.0000    5    2.000   1.0000         pwOrt
308.0000    0    2.000   1.0000          NULL 
310.0000    1    2.000   1.0000         rwRep
312.0000    3    2.000   1.0000         rwNov
314.0000    5    2.000   1.0000         pwOrt
316.0000    6    2.000   1.0000         pwNov
318.0000    4    2.000   1.0000         pwRep
320.0000    0    4.000   1.0000          NULL 
324.0000    3    2.000   1.0000         rwNov
326.0000    5    2.000   1.0000         pwOrt
328.0000    0    6.000   1.0000          NULL 
334.0000    4    2.000   1.0000         pwRep
336.0000    3    2.000   1.0000         rwNov
338.0000    4    2.000   1.0000         pwRep
340.0000    0    4.000   1.0000          NULL 
344.0000    6    2.000   1.0000         pwNov
346.0000    4    2.000   1.0000         pwRep
348.0000    1    2.000   1.0000         rwRep
350.0000    3    2.000   1.0000         rwNov
352.0000    2    2.000   1.0000         rwOrt
354.0000    0    4.000   1.0000          NULL 
358.0000    4    2.000   1.0000         pwRep
