  0.0000    4    2.000   1.0000         pwRep
  2.0000    5    2.000   1.0000         pwOrt
  4.0000    1    2.000   1.0000         rwRep
  6.0000    2    2.000   1.0000         rwOrt
  8.0000    0    2.000   1.0000          NULL 
 10.0000    3    2.000   1.0000         rwNov
 12.0000    3    2.000   1.0000         rwNov
 14.0000    0    2.000   1.0000          NULL 
 16.0000    2    2.000   1.0000         rwOrt
 18.0000    2    2.000   1.0000         rwOrt
 20.0000    1    2.000   1.0000         rwRep
 22.0000    0    4.000   1.0000          NULL 
 26.0000    4    2.000   1.0000         pwRep
 28.0000    2    2.000   1.0000         rwOrt
 30.0000    5    2.000   1.0000         pwOrt
 32.0000    0    6.000   1.0000          NULL 
 38.0000    6    2.000   1.0000         pwNov
 40.0000    3    2.000   1.0000         rwNov
 42.0000    2    2.000   1.0000         rwOrt
 44.0000    2    2.000   1.0000         rwOrt
 46.0000    5    2.000   1.0000         pwOrt
 48.0000    4    2.000   1.0000         pwRep
 50.0000    4    2.000   1.0000         pwRep
 52.0000    6    2.000   1.0000         pwNov
 54.0000    1    2.000   1.0000         rwRep
 56.0000    0    2.000   1.0000          NULL 
 58.0000    1    2.000   1.0000         rwRep
 60.0000    5    2.000   1.0000         pwOrt
 62.0000    0    2.000   1.0000          NULL 
 64.0000    3    2.000   1.0000         rwNov
 66.0000    4    2.000   1.0000         pwRep
 68.0000    3    2.000   1.0000         rwNov
 70.0000    0    2.000   1.0000          NULL 
 72.0000    3    2.000   1.0000         rwNov
 74.0000    1    2.000   1.0000         rwRep
 76.0000    3    2.000   1.0000         rwNov
 78.0000    4    2.000   1.0000         pwRep
 80.0000    6    2.000   1.0000         pwNov
 82.0000    5    2.000   1.0000         pwOrt
 84.0000    3    2.000   1.0000         rwNov
 86.0000    2    2.000   1.0000         rwOrt
 88.0000    6    2.000   1.0000         pwNov
 90.0000    2    2.000   1.0000         rwOrt
 92.0000    0    2.000   1.0000          NULL 
 94.0000    6    2.000   1.0000         pwNov
 96.0000    6    2.000   1.0000         pwNov
 98.0000    5    2.000   1.0000         pwOrt
100.0000    3    2.000   1.0000         rwNov
102.0000    6    2.000   1.0000         pwNov
104.0000    5    2.000   1.0000         pwOrt
106.0000    0    2.000   1.0000          NULL 
108.0000    2    2.000   1.0000         rwOrt
110.0000    1    2.000   1.0000         rwRep
112.0000    5    2.000   1.0000         pwOrt
114.0000    6    2.000   1.0000         pwNov
116.0000    3    2.000   1.0000         rwNov
118.0000    5    2.000   1.0000         pwOrt
120.0000    3    2.000   1.0000         rwNov
122.0000    0    4.000   1.0000          NULL 
126.0000    5    2.000   1.0000         pwOrt
128.0000    5    2.000   1.0000         pwOrt
130.0000    1    2.000   1.0000         rwRep
132.0000    0    2.000   1.0000          NULL 
134.0000    6    2.000   1.0000         pwNov
136.0000    0    2.000   1.0000          NULL 
138.0000    5    2.000   1.0000         pwOrt
140.0000    3    2.000   1.0000         rwNov
142.0000    4    2.000   1.0000         pwRep
144.0000    1    2.000   1.0000         rwRep
146.0000    1    2.000   1.0000         rwRep
148.0000    5    2.000   1.0000         pwOrt
150.0000    2    2.000   1.0000         rwOrt
152.0000    2    2.000   1.0000         rwOrt
154.0000    0    2.000   1.0000          NULL 
156.0000    1    2.000   1.0000         rwRep
158.0000    6    2.000   1.0000         pwNov
160.0000    1    2.000   1.0000         rwRep
162.0000    3    2.000   1.0000         rwNov
164.0000    4    2.000   1.0000         pwRep
166.0000    1    2.000   1.0000         rwRep
168.0000    6    2.000   1.0000         pwNov
170.0000    4    2.000   1.0000         pwRep
172.0000    6    2.000   1.0000         pwNov
174.0000    0    2.000   1.0000          NULL 
176.0000    3    2.000   1.0000         rwNov
178.0000    0    6.000   1.0000          NULL 
184.0000    1    2.000   1.0000         rwRep
186.0000    6    2.000   1.0000         pwNov
188.0000    6    2.000   1.0000         pwNov
190.0000    0    4.000   1.0000          NULL 
194.0000    4    2.000   1.0000         pwRep
196.0000    0    6.000   1.0000          NULL 
202.0000    2    2.000   1.0000         rwOrt
204.0000    4    2.000   1.0000         pwRep
206.0000    0    2.000   1.0000          NULL 
208.0000    6    2.000   1.0000         pwNov
210.0000    0    4.000   1.0000          NULL 
214.0000    5    2.000   1.0000         pwOrt
216.0000    3    2.000   1.0000         rwNov
218.0000    0    2.000   1.0000          NULL 
220.0000    4    2.000   1.0000         pwRep
222.0000    1    2.000   1.0000         rwRep
224.0000    0    2.000   1.0000          NULL 
226.0000    1    2.000   1.0000         rwRep
228.0000    4    2.000   1.0000         pwRep
230.0000    0    2.000   1.0000          NULL 
232.0000    1    2.000   1.0000         rwRep
234.0000    2    2.000   1.0000         rwOrt
236.0000    4    2.000   1.0000         pwRep
238.0000    0    2.000   1.0000          NULL 
240.0000    4    2.000   1.0000         pwRep
242.0000    6    2.000   1.0000         pwNov
244.0000    3    2.000   1.0000         rwNov
246.0000    6    2.000   1.0000         pwNov
248.0000    0    2.000   1.0000          NULL 
250.0000    1    2.000   1.0000         rwRep
252.0000    3    2.000   1.0000         rwNov
254.0000    0    8.000   1.0000          NULL 
262.0000    4    2.000   1.0000         pwRep
264.0000    0    4.000   1.0000          NULL 
268.0000    2    2.000   1.0000         rwOrt
270.0000    0   10.000   1.0000          NULL 
280.0000    2    2.000   1.0000         rwOrt
282.0000    4    2.000   1.0000         pwRep
284.0000    1    2.000   1.0000         rwRep
286.0000    0    4.000   1.0000          NULL 
290.0000    5    2.000   1.0000         pwOrt
292.0000    2    2.000   1.0000         rwOrt
294.0000    0    2.000   1.0000          NULL 
296.0000    2    2.000   1.0000         rwOrt
298.0000    4    2.000   1.0000         pwRep
300.0000    1    2.000   1.0000         rwRep
302.0000    0    2.000   1.0000          NULL 
304.0000    2    2.000   1.0000         rwOrt
306.0000    0    2.000   1.0000          NULL 
308.0000    5    2.000   1.0000         pwOrt
310.0000    2    2.000   1.0000         rwOrt
312.0000    3    2.000   1.0000         rwNov
314.0000    0    4.000   1.0000          NULL 
318.0000    3    2.000   1.0000         rwNov
320.0000    6    2.000   1.0000         pwNov
322.0000    0    2.000   1.0000          NULL 
324.0000    2    2.000   1.0000         rwOrt
326.0000    0    4.000   1.0000          NULL 
330.0000    1    2.000   1.0000         rwRep
332.0000    5    2.000   1.0000         pwOrt
334.0000    5    2.000   1.0000         pwOrt
336.0000    0    2.000   1.0000          NULL 
338.0000    6    2.000   1.0000         pwNov
340.0000    5    2.000   1.0000         pwOrt
342.0000    6    2.000   1.0000         pwNov
344.0000    4    2.000   1.0000         pwRep
346.0000    3    2.000   1.0000         rwNov
348.0000    0    4.000   1.0000          NULL 
352.0000    4    2.000   1.0000         pwRep
354.0000    0    2.000   1.0000          NULL 
356.0000    5    2.000   1.0000         pwOrt
358.0000    0    2.000   1.0000          NULL 
