  0.0000    5    2.000   1.0000         pwOrt
  2.0000    3    2.000   1.0000         rwNov
  4.0000    6    2.000   1.0000         pwNov
  6.0000    1    2.000   1.0000         rwRep
  8.0000    0    6.000   1.0000          NULL 
 14.0000    2    2.000   1.0000         rwOrt
 16.0000    1    2.000   1.0000         rwRep
 18.0000    3    2.000   1.0000         rwNov
 20.0000    4    2.000   1.0000         pwRep
 22.0000    0    2.000   1.0000          NULL 
 24.0000    3    2.000   1.0000         rwNov
 26.0000    0    6.000   1.0000          NULL 
 32.0000    1    2.000   1.0000         rwRep
 34.0000    3    2.000   1.0000         rwNov
 36.0000    4    2.000   1.0000         pwRep
 38.0000    5    2.000   1.0000         pwOrt
 40.0000    4    2.000   1.0000         pwRep
 42.0000    0    2.000   1.0000          NULL 
 44.0000    2    2.000   1.0000         rwOrt
 46.0000    4    2.000   1.0000         pwRep
 48.0000    0    4.000   1.0000          NULL 
 52.0000    1    2.000   1.0000         rwRep
 54.0000    4    2.000   1.0000         pwRep
 56.0000    0    4.000   1.0000          NULL 
 60.0000    2    2.000   1.0000         rwOrt
 62.0000    0    2.000   1.0000          NULL 
 64.0000    3    2.000   1.0000         rwNov
 66.0000    3    2.000   1.0000         rwNov
 68.0000    3    2.000   1.0000         rwNov
 70.0000    0    4.000   1.0000          NULL 
 74.0000    4    2.000   1.0000         pwRep
 76.0000    1    2.000   1.0000         rwRep
 78.0000    2    2.000   1.0000         rwOrt
 80.0000    0    2.000   1.0000          NULL 
 82.0000    5    2.000   1.0000         pwOrt
 84.0000    2    2.000   1.0000         rwOrt
 86.0000    6    2.000   1.0000         pwNov
 88.0000    0    2.000   1.0000          NULL 
 90.0000    4    2.000   1.0000         pwRep
 92.0000    2    2.000   1.0000         rwOrt
 94.0000    2    2.000   1.0000         rwOrt
 96.0000    0    2.000   1.0000          NULL 
 98.0000    1    2.000   1.0000         rwRep
100.0000    5    2.000   1.0000         pwOrt
102.0000    0    2.000   1.0000          NULL 
104.0000    6    2.000   1.0000         pwNov
106.0000    3    2.000   1.0000         rwNov
108.0000    0    2.000   1.0000          NULL 
110.0000    1    2.000   1.0000         rwRep
112.0000    3    2.000   1.0000         rwNov
114.0000    6    2.000   1.0000         pwNov
116.0000    4    2.000   1.0000         pwRep
118.0000    1    2.000   1.0000         rwRep
120.0000    2    2.000   1.0000         rwOrt
122.0000    6    2.000   1.0000         pwNov
124.0000    6    2.000   1.0000         pwNov
126.0000    3    2.000   1.0000         rwNov
128.0000    0    2.000   1.0000          NULL 
130.0000    4    2.000   1.0000         pwRep
132.0000    5    2.000   1.0000         pwOrt
134.0000    0    2.000   1.0000          NULL 
136.0000    1    2.000   1.0000         rwRep
138.0000    4    2.000   1.0000         pwRep
140.0000    1    2.000   1.0000         rwRep
142.0000    0    4.000   1.0000          NULL 
146.0000    5    2.000   1.0000         pwOrt
148.0000    2    2.000   1.0000         rwOrt
150.0000    1    2.000   1.0000         rwRep
152.0000    1    2.000   1.0000         rwRep
154.0000    5    2.000   1.0000         pwOrt
156.0000    5    2.000   1.0000         pwOrt
158.0000    4    2.000   1.0000         pwRep
160.0000    0    4.000   1.0000          NULL 
164.0000    4    2.000   1.0000         pwRep
166.0000    0    4.000   1.0000          NULL 
170.0000    3    2.000   1.0000         rwNov
172.0000    2    2.000   1.0000         rwOrt
174.0000    0    2.000   1.0000          NULL 
176.0000    4    2.000   1.0000         pwRep
178.0000    0    2.000   1.0000          NULL 
180.0000    2    2.000   1.0000         rwOrt
182.0000    0    4.000   1.0000          NULL 
186.0000    6    2.000   1.0000         pwNov
188.0000    5    2.000   1.0000         pwOrt
190.0000    5    2.000   1.0000         pwOrt
192.0000    2    2.000   1.0000         rwOrt
194.0000    5    2.000   1.0000         pwOrt
196.0000    0    2.000   1.0000          NULL 
198.0000    1    2.000   1.0000         rwRep
200.0000    2    2.000   1.0000         rwOrt
202.0000    3    2.000   1.0000         rwNov
204.0000    3    2.000   1.0000         rwNov
206.0000    6    2.000   1.0000         pwNov
208.0000    0    2.000   1.0000          NULL 
210.0000    6    2.000   1.0000         pwNov
212.0000    2    2.000   1.0000         rwOrt
214.0000    1    2.000   1.0000         rwRep
216.0000    6    2.000   1.0000         pwNov
218.0000    4    2.000   1.0000         pwRep
220.0000    3    2.000   1.0000         rwNov
222.0000    0    2.000   1.0000          NULL 
224.0000    6    2.000   1.0000         pwNov
226.0000    0    4.000   1.0000          NULL 
230.0000    3    2.000   1.0000         rwNov
232.0000    6    2.000   1.0000         pwNov
234.0000    0    2.000   1.0000          NULL 
236.0000    4    2.000   1.0000         pwRep
238.0000    0    4.000   1.0000          NULL 
242.0000    4    2.000   1.0000         pwRep
244.0000    1    2.000   1.0000         rwRep
246.0000    0    2.000   1.0000          NULL 
248.0000    4    2.000   1.0000         pwRep
250.0000    5    2.000   1.0000         pwOrt
252.0000    0    2.000   1.0000          NULL 
254.0000    3    2.000   1.0000         rwNov
256.0000    1    2.000   1.0000         rwRep
258.0000    0    2.000   1.0000          NULL 
260.0000    3    2.000   1.0000         rwNov
262.0000    2    2.000   1.0000         rwOrt
264.0000    4    2.000   1.0000         pwRep
266.0000    2    2.000   1.0000         rwOrt
268.0000    0    2.000   1.0000          NULL 
270.0000    5    2.000   1.0000         pwOrt
272.0000    0    2.000   1.0000          NULL 
274.0000    1    2.000   1.0000         rwRep
276.0000    2    2.000   1.0000         rwOrt
278.0000    6    2.000   1.0000         pwNov
280.0000    5    2.000   1.0000         pwOrt
282.0000    5    2.000   1.0000         pwOrt
284.0000    3    2.000   1.0000         rwNov
286.0000    0    2.000   1.0000          NULL 
288.0000    5    2.000   1.0000         pwOrt
290.0000    0    2.000   1.0000          NULL 
292.0000    3    2.000   1.0000         rwNov
294.0000    4    2.000   1.0000         pwRep
296.0000    0    2.000   1.0000          NULL 
298.0000    5    2.000   1.0000         pwOrt
300.0000    6    2.000   1.0000         pwNov
302.0000    1    2.000   1.0000         rwRep
304.0000    6    2.000   1.0000         pwNov
306.0000    0    2.000   1.0000          NULL 
308.0000    2    2.000   1.0000         rwOrt
310.0000    0    2.000   1.0000          NULL 
312.0000    6    2.000   1.0000         pwNov
314.0000    2    2.000   1.0000         rwOrt
316.0000    0    6.000   1.0000          NULL 
322.0000    1    2.000   1.0000         rwRep
324.0000    0    4.000   1.0000          NULL 
328.0000    6    2.000   1.0000         pwNov
330.0000    5    2.000   1.0000         pwOrt
332.0000    0    2.000   1.0000          NULL 
334.0000    5    2.000   1.0000         pwOrt
336.0000    0    4.000   1.0000          NULL 
340.0000    2    2.000   1.0000         rwOrt
342.0000    4    2.000   1.0000         pwRep
344.0000    0    2.000   1.0000          NULL 
346.0000    3    2.000   1.0000         rwNov
348.0000    6    2.000   1.0000         pwNov
350.0000    6    2.000   1.0000         pwNov
352.0000    1    2.000   1.0000         rwRep
354.0000    5    2.000   1.0000         pwOrt
356.0000    6    2.000   1.0000         pwNov
358.0000    0    2.000   1.0000          NULL 
