  0.0000    4    2.000   1.0000         pwRep
  2.0000    1    2.000   1.0000         rwRep
  4.0000    2    2.000   1.0000         rwOrt
  6.0000    6    2.000   1.0000         pwNov
  8.0000    4    2.000   1.0000         pwRep
 10.0000    6    2.000   1.0000         pwNov
 12.0000    4    2.000   1.0000         pwRep
 14.0000    4    2.000   1.0000         pwRep
 16.0000    0    2.000   1.0000          NULL 
 18.0000    5    2.000   1.0000         pwOrt
 20.0000    0    4.000   1.0000          NULL 
 24.0000    2    2.000   1.0000         rwOrt
 26.0000    3    2.000   1.0000         rwNov
 28.0000    4    2.000   1.0000         pwRep
 30.0000    0    4.000   1.0000          NULL 
 34.0000    2    2.000   1.0000         rwOrt
 36.0000    5    2.000   1.0000         pwOrt
 38.0000    1    2.000   1.0000         rwRep
 40.0000    3    2.000   1.0000         rwNov
 42.0000    2    2.000   1.0000         rwOrt
 44.0000    4    2.000   1.0000         pwRep
 46.0000    6    2.000   1.0000         pwNov
 48.0000    2    2.000   1.0000         rwOrt
 50.0000    0    2.000   1.0000          NULL 
 52.0000    5    2.000   1.0000         pwOrt
 54.0000    5    2.000   1.0000         pwOrt
 56.0000    6    2.000   1.0000         pwNov
 58.0000    0    2.000   1.0000          NULL 
 60.0000    4    2.000   1.0000         pwRep
 62.0000    0    4.000   1.0000          NULL 
 66.0000    3    2.000   1.0000         rwNov
 68.0000    0    2.000   1.0000          NULL 
 70.0000    2    2.000   1.0000         rwOrt
 72.0000    2    2.000   1.0000         rwOrt
 74.0000    3    2.000   1.0000         rwNov
 76.0000    5    2.000   1.0000         pwOrt
 78.0000    4    2.000   1.0000         pwRep
 80.0000    4    2.000   1.0000         pwRep
 82.0000    2    2.000   1.0000         rwOrt
 84.0000    5    2.000   1.0000         pwOrt
 86.0000    0    2.000   1.0000          NULL 
 88.0000    6    2.000   1.0000         pwNov
 90.0000    1    2.000   1.0000         rwRep
 92.0000    0    4.000   1.0000          NULL 
 96.0000    6    2.000   1.0000         pwNov
 98.0000    3    2.000   1.0000         rwNov
100.0000    6    2.000   1.0000         pwNov
102.0000    0    2.000   1.0000          NULL 
104.0000    3    2.000   1.0000         rwNov
106.0000    0    4.000   1.0000          NULL 
110.0000    4    2.000   1.0000         pwRep
112.0000    1    2.000   1.0000         rwRep
114.0000    4    2.000   1.0000         pwRep
116.0000    2    2.000   1.0000         rwOrt
118.0000    3    2.000   1.0000         rwNov
120.0000    3    2.000   1.0000         rwNov
122.0000    1    2.000   1.0000         rwRep
124.0000    1    2.000   1.0000         rwRep
126.0000    6    2.000   1.0000         pwNov
128.0000    0    6.000   1.0000          NULL 
134.0000    4    2.000   1.0000         pwRep
136.0000    6    2.000   1.0000         pwNov
138.0000    4    2.000   1.0000         pwRep
140.0000    0    2.000   1.0000          NULL 
142.0000    6    2.000   1.0000         pwNov
144.0000    0    2.000   1.0000          NULL 
146.0000    5    2.000   1.0000         pwOrt
148.0000    3    2.000   1.0000         rwNov
150.0000    0    2.000   1.0000          NULL 
152.0000    5    2.000   1.0000         pwOrt
154.0000    2    2.000   1.0000         rwOrt
156.0000    0    2.000   1.0000          NULL 
158.0000    6    2.000   1.0000         pwNov
160.0000    4    2.000   1.0000         pwRep
162.0000    5    2.000   1.0000         pwOrt
164.0000    0    6.000   1.0000          NULL 
170.0000    2    2.000   1.0000         rwOrt
172.0000    4    2.000   1.0000         pwRep
174.0000    0    4.000   1.0000          NULL 
178.0000    1    2.000   1.0000         rwRep
180.0000    0    2.000   1.0000          NULL 
182.0000    3    2.000   1.0000         rwNov
184.0000    1    2.000   1.0000         rwRep
186.0000    2    2.000   1.0000         rwOrt
188.0000    5    2.000   1.0000         pwOrt
190.0000    1    2.000   1.0000         rwRep
192.0000    0    2.000   1.0000          NULL 
194.0000    2    2.000   1.0000         rwOrt
196.0000    3    2.000   1.0000         rwNov
198.0000    0    2.000   1.0000          NULL 
200.0000    5    2.000   1.0000         pwOrt
202.0000    2    2.000   1.0000         rwOrt
204.0000    0    2.000   1.0000          NULL 
206.0000    4    2.000   1.0000         pwRep
208.0000    0    2.000   1.0000          NULL 
210.0000    3    2.000   1.0000         rwNov
212.0000    0    6.000   1.0000          NULL 
218.0000    6    2.000   1.0000         pwNov
220.0000    5    2.000   1.0000         pwOrt
222.0000    0    2.000   1.0000          NULL 
224.0000    1    2.000   1.0000         rwRep
226.0000    0    4.000   1.0000          NULL 
230.0000    4    2.000   1.0000         pwRep
232.0000    2    2.000   1.0000         rwOrt
234.0000    2    2.000   1.0000         rwOrt
236.0000    0    2.000   1.0000          NULL 
238.0000    1    2.000   1.0000         rwRep
240.0000    3    2.000   1.0000         rwNov
242.0000    3    2.000   1.0000         rwNov
244.0000    6    2.000   1.0000         pwNov
246.0000    0    4.000   1.0000          NULL 
250.0000    3    2.000   1.0000         rwNov
252.0000    6    2.000   1.0000         pwNov
254.0000    1    2.000   1.0000         rwRep
256.0000    3    2.000   1.0000         rwNov
258.0000    2    2.000   1.0000         rwOrt
260.0000    0    2.000   1.0000          NULL 
262.0000    4    2.000   1.0000         pwRep
264.0000    0    2.000   1.0000          NULL 
266.0000    1    2.000   1.0000         rwRep
268.0000    0    4.000   1.0000          NULL 
272.0000    5    2.000   1.0000         pwOrt
274.0000    5    2.000   1.0000         pwOrt
276.0000    2    2.000   1.0000         rwOrt
278.0000    0    4.000   1.0000          NULL 
282.0000    3    2.000   1.0000         rwNov
284.0000    1    2.000   1.0000         rwRep
286.0000    6    2.000   1.0000         pwNov
288.0000    5    2.000   1.0000         pwOrt
290.0000    3    2.000   1.0000         rwNov
292.0000    4    2.000   1.0000         pwRep
294.0000    0    4.000   1.0000          NULL 
298.0000    5    2.000   1.0000         pwOrt
300.0000    1    2.000   1.0000         rwRep
302.0000    0    4.000   1.0000          NULL 
306.0000    6    2.000   1.0000         pwNov
308.0000    2    2.000   1.0000         rwOrt
310.0000    0    2.000   1.0000          NULL 
312.0000    6    2.000   1.0000         pwNov
314.0000    3    2.000   1.0000         rwNov
316.0000    0    4.000   1.0000          NULL 
320.0000    1    2.000   1.0000         rwRep
322.0000    6    2.000   1.0000         pwNov
324.0000    5    2.000   1.0000         pwOrt
326.0000    0    2.000   1.0000          NULL 
328.0000    6    2.000   1.0000         pwNov
330.0000    0    2.000   1.0000          NULL 
332.0000    1    2.000   1.0000         rwRep
334.0000    6    2.000   1.0000         pwNov
336.0000    5    2.000   1.0000         pwOrt
338.0000    0    2.000   1.0000          NULL 
340.0000    5    2.000   1.0000         pwOrt
342.0000    1    2.000   1.0000         rwRep
344.0000    5    2.000   1.0000         pwOrt
346.0000    4    2.000   1.0000         pwRep
348.0000    0    2.000   1.0000          NULL 
350.0000    3    2.000   1.0000         rwNov
352.0000    1    2.000   1.0000         rwRep
354.0000    1    2.000   1.0000         rwRep
356.0000    0    2.000   1.0000          NULL 
358.0000    2    2.000   1.0000         rwOrt
