  0.0000    3    2.000   1.0000         rwNov
  2.0000    3    2.000   1.0000         rwNov
  4.0000    3    2.000   1.0000         rwNov
  6.0000    6    2.000   1.0000         pwNov
  8.0000    2    2.000   1.0000         rwOrt
 10.0000    0    2.000   1.0000          NULL 
 12.0000    5    2.000   1.0000         pwOrt
 14.0000    0    2.000   1.0000          NULL 
 16.0000    2    2.000   1.0000         rwOrt
 18.0000    1    2.000   1.0000         rwRep
 20.0000    1    2.000   1.0000         rwRep
 22.0000    6    2.000   1.0000         pwNov
 24.0000    0    2.000   1.0000          NULL 
 26.0000    1    2.000   1.0000         rwRep
 28.0000    2    2.000   1.0000         rwOrt
 30.0000    1    2.000   1.0000         rwRep
 32.0000    5    2.000   1.0000         pwOrt
 34.0000    6    2.000   1.0000         pwNov
 36.0000    0    2.000   1.0000          NULL 
 38.0000    5    2.000   1.0000         pwOrt
 40.0000    0    2.000   1.0000          NULL 
 42.0000    1    2.000   1.0000         rwRep
 44.0000    1    2.000   1.0000         rwRep
 46.0000    2    2.000   1.0000         rwOrt
 48.0000    2    2.000   1.0000         rwOrt
 50.0000    0    2.000   1.0000          NULL 
 52.0000    4    2.000   1.0000         pwRep
 54.0000    0    2.000   1.0000          NULL 
 56.0000    2    2.000   1.0000         rwOrt
 58.0000    6    2.000   1.0000         pwNov
 60.0000    4    2.000   1.0000         pwRep
 62.0000    1    2.000   1.0000         rwRep
 64.0000    4    2.000   1.0000         pwRep
 66.0000    1    2.000   1.0000         rwRep
 68.0000    3    2.000   1.0000         rwNov
 70.0000    3    2.000   1.0000         rwNov
 72.0000    0   10.000   1.0000          NULL 
 82.0000    3    2.000   1.0000         rwNov
 84.0000    1    2.000   1.0000         rwRep
 86.0000    0    4.000   1.0000          NULL 
 90.0000    1    2.000   1.0000         rwRep
 92.0000    6    2.000   1.0000         pwNov
 94.0000    6    2.000   1.0000         pwNov
 96.0000    0    2.000   1.0000          NULL 
 98.0000    1    2.000   1.0000         rwRep
100.0000    5    2.000   1.0000         pwOrt
102.0000    4    2.000   1.0000         pwRep
104.0000    5    2.000   1.0000         pwOrt
106.0000    1    2.000   1.0000         rwRep
108.0000    6    2.000   1.0000         pwNov
110.0000    6    2.000   1.0000         pwNov
112.0000    6    2.000   1.0000         pwNov
114.0000    0    2.000   1.0000          NULL 
116.0000    6    2.000   1.0000         pwNov
118.0000    3    2.000   1.0000         rwNov
120.0000    3    2.000   1.0000         rwNov
122.0000    5    2.000   1.0000         pwOrt
124.0000    0    2.000   1.0000          NULL 
126.0000    4    2.000   1.0000         pwRep
128.0000    0    2.000   1.0000          NULL 
130.0000    4    2.000   1.0000         pwRep
132.0000    2    2.000   1.0000         rwOrt
134.0000    2    2.000   1.0000         rwOrt
136.0000    0    2.000   1.0000          NULL 
138.0000    3    2.000   1.0000         rwNov
140.0000    0    2.000   1.0000          NULL 
142.0000    4    2.000   1.0000         pwRep
144.0000    3    2.000   1.0000         rwNov
146.0000    0    2.000   1.0000          NULL 
148.0000    2    2.000   1.0000         rwOrt
150.0000    0    2.000   1.0000          NULL 
152.0000    2    2.000   1.0000         rwOrt
154.0000    4    2.000   1.0000         pwRep
156.0000    6    2.000   1.0000         pwNov
158.0000    0    4.000   1.0000          NULL 
162.0000    2    2.000   1.0000         rwOrt
164.0000    6    2.000   1.0000         pwNov
166.0000    2    2.000   1.0000         rwOrt
168.0000    0    4.000   1.0000          NULL 
172.0000    4    2.000   1.0000         pwRep
174.0000    0    2.000   1.0000          NULL 
176.0000    5    2.000   1.0000         pwOrt
178.0000    4    2.000   1.0000         pwRep
180.0000    5    2.000   1.0000         pwOrt
182.0000    2    2.000   1.0000         rwOrt
184.0000    3    2.000   1.0000         rwNov
186.0000    2    2.000   1.0000         rwOrt
188.0000    5    2.000   1.0000         pwOrt
190.0000    0    2.000   1.0000          NULL 
192.0000    3    2.000   1.0000         rwNov
194.0000    5    2.000   1.0000         pwOrt
196.0000    3    2.000   1.0000         rwNov
198.0000    0    2.000   1.0000          NULL 
200.0000    4    2.000   1.0000         pwRep
202.0000    3    2.000   1.0000         rwNov
204.0000    0    2.000   1.0000          NULL 
206.0000    6    2.000   1.0000         pwNov
208.0000    0    4.000   1.0000          NULL 
212.0000    4    2.000   1.0000         pwRep
214.0000    0    2.000   1.0000          NULL 
216.0000    4    2.000   1.0000         pwRep
218.0000    4    2.000   1.0000         pwRep
220.0000    0    2.000   1.0000          NULL 
222.0000    5    2.000   1.0000         pwOrt
224.0000    0    4.000   1.0000          NULL 
228.0000    1    2.000   1.0000         rwRep
230.0000    0    4.000   1.0000          NULL 
234.0000    6    2.000   1.0000         pwNov
236.0000    2    2.000   1.0000         rwOrt
238.0000    0    2.000   1.0000          NULL 
240.0000    6    2.000   1.0000         pwNov
242.0000    5    2.000   1.0000         pwOrt
244.0000    0    2.000   1.0000          NULL 
246.0000    1    2.000   1.0000         rwRep
248.0000    4    2.000   1.0000         pwRep
250.0000    0    2.000   1.0000          NULL 
252.0000    6    2.000   1.0000         pwNov
254.0000    1    2.000   1.0000         rwRep
256.0000    3    2.000   1.0000         rwNov
258.0000    0    6.000   1.0000          NULL 
264.0000    1    2.000   1.0000         rwRep
266.0000    1    2.000   1.0000         rwRep
268.0000    5    2.000   1.0000         pwOrt
270.0000    1    2.000   1.0000         rwRep
272.0000    3    2.000   1.0000         rwNov
274.0000    0    2.000   1.0000          NULL 
276.0000    2    2.000   1.0000         rwOrt
278.0000    4    2.000   1.0000         pwRep
280.0000    2    2.000   1.0000         rwOrt
282.0000    6    2.000   1.0000         pwNov
284.0000    0    2.000   1.0000          NULL 
286.0000    6    2.000   1.0000         pwNov
288.0000    4    2.000   1.0000         pwRep
290.0000    0    2.000   1.0000          NULL 
292.0000    2    2.000   1.0000         rwOrt
294.0000    0    4.000   1.0000          NULL 
298.0000    5    2.000   1.0000         pwOrt
300.0000    4    2.000   1.0000         pwRep
302.0000    1    2.000   1.0000         rwRep
304.0000    0    2.000   1.0000          NULL 
306.0000    3    2.000   1.0000         rwNov
308.0000    6    2.000   1.0000         pwNov
310.0000    5    2.000   1.0000         pwOrt
312.0000    0    2.000   1.0000          NULL 
314.0000    3    2.000   1.0000         rwNov
316.0000    1    2.000   1.0000         rwRep
318.0000    0    2.000   1.0000          NULL 
320.0000    6    2.000   1.0000         pwNov
322.0000    0    4.000   1.0000          NULL 
326.0000    5    2.000   1.0000         pwOrt
328.0000    5    2.000   1.0000         pwOrt
330.0000    4    2.000   1.0000         pwRep
332.0000    4    2.000   1.0000         pwRep
334.0000    3    2.000   1.0000         rwNov
336.0000    0    4.000   1.0000          NULL 
340.0000    2    2.000   1.0000         rwOrt
342.0000    0    2.000   1.0000          NULL 
344.0000    5    2.000   1.0000         pwOrt
346.0000    0    2.000   1.0000          NULL 
348.0000    5    2.000   1.0000         pwOrt
350.0000    0    4.000   1.0000          NULL 
354.0000    5    2.000   1.0000         pwOrt
356.0000    3    2.000   1.0000         rwNov
358.0000    2    2.000   1.0000         rwOrt
