  0.0000    1    2.000   1.0000         rwRep
  2.0000    6    2.000   1.0000         pwNov
  4.0000    5    2.000   1.0000         pwOrt
  6.0000    2    2.000   1.0000         rwOrt
  8.0000    2    2.000   1.0000         rwOrt
 10.0000    1    2.000   1.0000         rwRep
 12.0000    3    2.000   1.0000         rwNov
 14.0000    0    2.000   1.0000          NULL 
 16.0000    1    2.000   1.0000         rwRep
 18.0000    5    2.000   1.0000         pwOrt
 20.0000    0    2.000   1.0000          NULL 
 22.0000    2    2.000   1.0000         rwOrt
 24.0000    3    2.000   1.0000         rwNov
 26.0000    3    2.000   1.0000         rwNov
 28.0000    3    2.000   1.0000         rwNov
 30.0000    2    2.000   1.0000         rwOrt
 32.0000    6    2.000   1.0000         pwNov
 34.0000    0    2.000   1.0000          NULL 
 36.0000    2    2.000   1.0000         rwOrt
 38.0000    6    2.000   1.0000         pwNov
 40.0000    5    2.000   1.0000         pwOrt
 42.0000    2    2.000   1.0000         rwOrt
 44.0000    1    2.000   1.0000         rwRep
 46.0000    0    4.000   1.0000          NULL 
 50.0000    5    2.000   1.0000         pwOrt
 52.0000    1    2.000   1.0000         rwRep
 54.0000    4    2.000   1.0000         pwRep
 56.0000    0    2.000   1.0000          NULL 
 58.0000    4    2.000   1.0000         pwRep
 60.0000    3    2.000   1.0000         rwNov
 62.0000    6    2.000   1.0000         pwNov
 64.0000    0    4.000   1.0000          NULL 
 68.0000    4    2.000   1.0000         pwRep
 70.0000    3    2.000   1.0000         rwNov
 72.0000    3    2.000   1.0000         rwNov
 74.0000    4    2.000   1.0000         pwRep
 76.0000    5    2.000   1.0000         pwOrt
 78.0000    6    2.000   1.0000         pwNov
 80.0000    1    2.000   1.0000         rwRep
 82.0000    0    2.000   1.0000          NULL 
 84.0000    6    2.000   1.0000         pwNov
 86.0000    4    2.000   1.0000         pwRep
 88.0000    0    2.000   1.0000          NULL 
 90.0000    5    2.000   1.0000         pwOrt
 92.0000    0    2.000   1.0000          NULL 
 94.0000    3    2.000   1.0000         rwNov
 96.0000    6    2.000   1.0000         pwNov
 98.0000    1    2.000   1.0000         rwRep
100.0000    0    2.000   1.0000          NULL 
102.0000    3    2.000   1.0000         rwNov
104.0000    0    2.000   1.0000          NULL 
106.0000    1    2.000   1.0000         rwRep
108.0000    3    2.000   1.0000         rwNov
110.0000    1    2.000   1.0000         rwRep
112.0000    5    2.000   1.0000         pwOrt
114.0000    3    2.000   1.0000         rwNov
116.0000    4    2.000   1.0000         pwRep
118.0000    3    2.000   1.0000         rwNov
120.0000    0    2.000   1.0000          NULL 
122.0000    6    2.000   1.0000         pwNov
124.0000    0    2.000   1.0000          NULL 
126.0000    1    2.000   1.0000         rwRep
128.0000    0    8.000   1.0000          NULL 
136.0000    1    2.000   1.0000         rwRep
138.0000    0    2.000   1.0000          NULL 
140.0000    1    2.000   1.0000         rwRep
142.0000    2    2.000   1.0000         rwOrt
144.0000    5    2.000   1.0000         pwOrt
146.0000    0    4.000   1.0000          NULL 
150.0000    4    2.000   1.0000         pwRep
152.0000    5    2.000   1.0000         pwOrt
154.0000    0    4.000   1.0000          NULL 
158.0000    1    2.000   1.0000         rwRep
160.0000    0    4.000   1.0000          NULL 
164.0000    1    2.000   1.0000         rwRep
166.0000    6    2.000   1.0000         pwNov
168.0000    0    2.000   1.0000          NULL 
170.0000    6    2.000   1.0000         pwNov
172.0000    0    2.000   1.0000          NULL 
174.0000    5    2.000   1.0000         pwOrt
176.0000    4    2.000   1.0000         pwRep
178.0000    4    2.000   1.0000         pwRep
180.0000    0    2.000   1.0000          NULL 
182.0000    2    2.000   1.0000         rwOrt
184.0000    3    2.000   1.0000         rwNov
186.0000    5    2.000   1.0000         pwOrt
188.0000    3    2.000   1.0000         rwNov
190.0000    2    2.000   1.0000         rwOrt
192.0000    0    2.000   1.0000          NULL 
194.0000    5    2.000   1.0000         pwOrt
196.0000    6    2.000   1.0000         pwNov
198.0000    6    2.000   1.0000         pwNov
200.0000    4    2.000   1.0000         pwRep
202.0000    0    4.000   1.0000          NULL 
206.0000    6    2.000   1.0000         pwNov
208.0000    0    2.000   1.0000          NULL 
210.0000    5    2.000   1.0000         pwOrt
212.0000    5    2.000   1.0000         pwOrt
214.0000    4    2.000   1.0000         pwRep
216.0000    0    4.000   1.0000          NULL 
220.0000    5    2.000   1.0000         pwOrt
222.0000    0    4.000   1.0000          NULL 
226.0000    5    2.000   1.0000         pwOrt
228.0000    4    2.000   1.0000         pwRep
230.0000    3    2.000   1.0000         rwNov
232.0000    4    2.000   1.0000         pwRep
234.0000    6    2.000   1.0000         pwNov
236.0000    0    2.000   1.0000          NULL 
238.0000    3    2.000   1.0000         rwNov
240.0000    6    2.000   1.0000         pwNov
242.0000    3    2.000   1.0000         rwNov
244.0000    0    4.000   1.0000          NULL 
248.0000    1    2.000   1.0000         rwRep
250.0000    0    2.000   1.0000          NULL 
252.0000    4    2.000   1.0000         pwRep
254.0000    2    2.000   1.0000         rwOrt
256.0000    2    2.000   1.0000         rwOrt
258.0000    5    2.000   1.0000         pwOrt
260.0000    3    2.000   1.0000         rwNov
262.0000    2    2.000   1.0000         rwOrt
264.0000    4    2.000   1.0000         pwRep
266.0000    0    2.000   1.0000          NULL 
268.0000    5    2.000   1.0000         pwOrt
270.0000    0    2.000   1.0000          NULL 
272.0000    1    2.000   1.0000         rwRep
274.0000    1    2.000   1.0000         rwRep
276.0000    5    2.000   1.0000         pwOrt
278.0000    6    2.000   1.0000         pwNov
280.0000    0    2.000   1.0000          NULL 
282.0000    2    2.000   1.0000         rwOrt
284.0000    4    2.000   1.0000         pwRep
286.0000    0    2.000   1.0000          NULL 
288.0000    2    2.000   1.0000         rwOrt
290.0000    2    2.000   1.0000         rwOrt
292.0000    6    2.000   1.0000         pwNov
294.0000    4    2.000   1.0000         pwRep
296.0000    3    2.000   1.0000         rwNov
298.0000    0    2.000   1.0000          NULL 
300.0000    4    2.000   1.0000         pwRep
302.0000    0    2.000   1.0000          NULL 
304.0000    6    2.000   1.0000         pwNov
306.0000    3    2.000   1.0000         rwNov
308.0000    0    4.000   1.0000          NULL 
312.0000    2    2.000   1.0000         rwOrt
314.0000    0    2.000   1.0000          NULL 
316.0000    2    2.000   1.0000         rwOrt
318.0000    0    2.000   1.0000          NULL 
320.0000    4    2.000   1.0000         pwRep
322.0000    0    2.000   1.0000          NULL 
324.0000    5    2.000   1.0000         pwOrt
326.0000    2    2.000   1.0000         rwOrt
328.0000    0    2.000   1.0000          NULL 
330.0000    2    2.000   1.0000         rwOrt
332.0000    0    6.000   1.0000          NULL 
338.0000    1    2.000   1.0000         rwRep
340.0000    4    2.000   1.0000         pwRep
342.0000    1    2.000   1.0000         rwRep
344.0000    0    2.000   1.0000          NULL 
346.0000    2    2.000   1.0000         rwOrt
348.0000    1    2.000   1.0000         rwRep
350.0000    0    6.000   1.0000          NULL 
356.0000    6    2.000   1.0000         pwNov
358.0000    6    2.000   1.0000         pwNov
