  0.0000    2    2.000   1.0000         rwOrt
  2.0000    1    2.000   1.0000         rwRep
  4.0000    4    2.000   1.0000         pwRep
  6.0000    1    2.000   1.0000         rwRep
  8.0000    6    2.000   1.0000         pwNov
 10.0000    6    2.000   1.0000         pwNov
 12.0000    6    2.000   1.0000         pwNov
 14.0000    2    2.000   1.0000         rwOrt
 16.0000    1    2.000   1.0000         rwRep
 18.0000    6    2.000   1.0000         pwNov
 20.0000    0    4.000   1.0000          NULL 
 24.0000    6    2.000   1.0000         pwNov
 26.0000    5    2.000   1.0000         pwOrt
 28.0000    4    2.000   1.0000         pwRep
 30.0000    3    2.000   1.0000         rwNov
 32.0000    5    2.000   1.0000         pwOrt
 34.0000    6    2.000   1.0000         pwNov
 36.0000    0    4.000   1.0000          NULL 
 40.0000    2    2.000   1.0000         rwOrt
 42.0000    3    2.000   1.0000         rwNov
 44.0000    6    2.000   1.0000         pwNov
 46.0000    6    2.000   1.0000         pwNov
 48.0000    0    4.000   1.0000          NULL 
 52.0000    6    2.000   1.0000         pwNov
 54.0000    2    2.000   1.0000         rwOrt
 56.0000    0    2.000   1.0000          NULL 
 58.0000    4    2.000   1.0000         pwRep
 60.0000    3    2.000   1.0000         rwNov
 62.0000    2    2.000   1.0000         rwOrt
 64.0000    4    2.000   1.0000         pwRep
 66.0000    3    2.000   1.0000         rwNov
 68.0000    0    2.000   1.0000          NULL 
 70.0000    3    2.000   1.0000         rwNov
 72.0000    1    2.000   1.0000         rwRep
 74.0000    0    2.000   1.0000          NULL 
 76.0000    4    2.000   1.0000         pwRep
 78.0000    4    2.000   1.0000         pwRep
 80.0000    6    2.000   1.0000         pwNov
 82.0000    3    2.000   1.0000         rwNov
 84.0000    3    2.000   1.0000         rwNov
 86.0000    4    2.000   1.0000         pwRep
 88.0000    0    4.000   1.0000          NULL 
 92.0000    3    2.000   1.0000         rwNov
 94.0000    4    2.000   1.0000         pwRep
 96.0000    1    2.000   1.0000         rwRep
 98.0000    3    2.000   1.0000         rwNov
100.0000    1    2.000   1.0000         rwRep
102.0000    5    2.000   1.0000         pwOrt
104.0000    2    2.000   1.0000         rwOrt
106.0000    1    2.000   1.0000         rwRep
108.0000    0    2.000   1.0000          NULL 
110.0000    3    2.000   1.0000         rwNov
112.0000    1    2.000   1.0000         rwRep
114.0000    1    2.000   1.0000         rwRep
116.0000    2    2.000   1.0000         rwOrt
118.0000    0    2.000   1.0000          NULL 
120.0000    2    2.000   1.0000         rwOrt
122.0000    4    2.000   1.0000         pwRep
124.0000    0    4.000   1.0000          NULL 
128.0000    5    2.000   1.0000         pwOrt
130.0000    5    2.000   1.0000         pwOrt
132.0000    1    2.000   1.0000         rwRep
134.0000    0    2.000   1.0000          NULL 
136.0000    2    2.000   1.0000         rwOrt
138.0000    3    2.000   1.0000         rwNov
140.0000    0    2.000   1.0000          NULL 
142.0000    2    2.000   1.0000         rwOrt
144.0000    1    2.000   1.0000         rwRep
146.0000    2    2.000   1.0000         rwOrt
148.0000    1    2.000   1.0000         rwRep
150.0000    0    2.000   1.0000          NULL 
152.0000    4    2.000   1.0000         pwRep
154.0000    3    2.000   1.0000         rwNov
156.0000    5    2.000   1.0000         pwOrt
158.0000    0    4.000   1.0000          NULL 
162.0000    3    2.000   1.0000         rwNov
164.0000    4    2.000   1.0000         pwRep
166.0000    4    2.000   1.0000         pwRep
168.0000    0    6.000   1.0000          NULL 
174.0000    6    2.000   1.0000         pwNov
176.0000    0    2.000   1.0000          NULL 
178.0000    2    2.000   1.0000         rwOrt
180.0000    4    2.000   1.0000         pwRep
182.0000    0    4.000   1.0000          NULL 
186.0000    2    2.000   1.0000         rwOrt
188.0000    0    2.000   1.0000          NULL 
190.0000    5    2.000   1.0000         pwOrt
192.0000    3    2.000   1.0000         rwNov
194.0000    1    2.000   1.0000         rwRep
196.0000    0    2.000   1.0000          NULL 
198.0000    2    2.000   1.0000         rwOrt
200.0000    5    2.000   1.0000         pwOrt
202.0000    0    2.000   1.0000          NULL 
204.0000    6    2.000   1.0000         pwNov
206.0000    4    2.000   1.0000         pwRep
208.0000    0    6.000   1.0000          NULL 
214.0000    1    2.000   1.0000         rwRep
216.0000    0    2.000   1.0000          NULL 
218.0000    3    2.000   1.0000         rwNov
220.0000    0    6.000   1.0000          NULL 
226.0000    6    2.000   1.0000         pwNov
228.0000    0    2.000   1.0000          NULL 
230.0000    6    2.000   1.0000         pwNov
232.0000    0    6.000   1.0000          NULL 
238.0000    3    2.000   1.0000         rwNov
240.0000    4    2.000   1.0000         pwRep
242.0000    6    2.000   1.0000         pwNov
244.0000    5    2.000   1.0000         pwOrt
246.0000    3    2.000   1.0000         rwNov
248.0000    0    2.000   1.0000          NULL 
250.0000    5    2.000   1.0000         pwOrt
252.0000    2    2.000   1.0000         rwOrt
254.0000    0    2.000   1.0000          NULL 
256.0000    2    2.000   1.0000         rwOrt
258.0000    6    2.000   1.0000         pwNov
260.0000    0    2.000   1.0000          NULL 
262.0000    4    2.000   1.0000         pwRep
264.0000    5    2.000   1.0000         pwOrt
266.0000    0    4.000   1.0000          NULL 
270.0000    1    2.000   1.0000         rwRep
272.0000    3    2.000   1.0000         rwNov
274.0000    0    4.000   1.0000          NULL 
278.0000    5    2.000   1.0000         pwOrt
280.0000    4    2.000   1.0000         pwRep
282.0000    1    2.000   1.0000         rwRep
284.0000    5    2.000   1.0000         pwOrt
286.0000    4    2.000   1.0000         pwRep
288.0000    0    2.000   1.0000          NULL 
290.0000    4    2.000   1.0000         pwRep
292.0000    0    2.000   1.0000          NULL 
294.0000    2    2.000   1.0000         rwOrt
296.0000    0    2.000   1.0000          NULL 
298.0000    6    2.000   1.0000         pwNov
300.0000    1    2.000   1.0000         rwRep
302.0000    3    2.000   1.0000         rwNov
304.0000    6    2.000   1.0000         pwNov
306.0000    0    2.000   1.0000          NULL 
308.0000    1    2.000   1.0000         rwRep
310.0000    5    2.000   1.0000         pwOrt
312.0000    6    2.000   1.0000         pwNov
314.0000    2    2.000   1.0000         rwOrt
316.0000    0    2.000   1.0000          NULL 
318.0000    5    2.000   1.0000         pwOrt
320.0000    2    2.000   1.0000         rwOrt
322.0000    5    2.000   1.0000         pwOrt
324.0000    0    6.000   1.0000          NULL 
330.0000    5    2.000   1.0000         pwOrt
332.0000    5    2.000   1.0000         pwOrt
334.0000    0    2.000   1.0000          NULL 
336.0000    3    2.000   1.0000         rwNov
338.0000    0    6.000   1.0000          NULL 
344.0000    5    2.000   1.0000         pwOrt
346.0000    6    2.000   1.0000         pwNov
348.0000    5    2.000   1.0000         pwOrt
350.0000    2    2.000   1.0000         rwOrt
352.0000    0    2.000   1.0000          NULL 
354.0000    4    2.000   1.0000         pwRep
356.0000    1    2.000   1.0000         rwRep
358.0000    1    2.000   1.0000         rwRep
