  0.0000    1    2.000   1.0000         rwRep
  2.0000    1    2.000   1.0000         rwRep
  4.0000    3    2.000   1.0000         rwNov
  6.0000    3    2.000   1.0000         rwNov
  8.0000    1    2.000   1.0000         rwRep
 10.0000    2    2.000   1.0000         rwOrt
 12.0000    0    2.000   1.0000          NULL 
 14.0000    1    2.000   1.0000         rwRep
 16.0000    1    2.000   1.0000         rwRep
 18.0000    0    2.000   1.0000          NULL 
 20.0000    1    2.000   1.0000         rwRep
 22.0000    0    2.000   1.0000          NULL 
 24.0000    3    2.000   1.0000         rwNov
 26.0000    0    6.000   1.0000          NULL 
 32.0000    3    2.000   1.0000         rwNov
 34.0000    0    2.000   1.0000          NULL 
 36.0000    1    2.000   1.0000         rwRep
 38.0000    0    4.000   1.0000          NULL 
 42.0000    6    2.000   1.0000         pwNov
 44.0000    3    2.000   1.0000         rwNov
 46.0000    1    2.000   1.0000         rwRep
 48.0000    0    4.000   1.0000          NULL 
 52.0000    2    2.000   1.0000         rwOrt
 54.0000    0    2.000   1.0000          NULL 
 56.0000    5    2.000   1.0000         pwOrt
 58.0000    0    2.000   1.0000          NULL 
 60.0000    2    2.000   1.0000         rwOrt
 62.0000    2    2.000   1.0000         rwOrt
 64.0000    6    2.000   1.0000         pwNov
 66.0000    2    2.000   1.0000         rwOrt
 68.0000    5    2.000   1.0000         pwOrt
 70.0000    6    2.000   1.0000         pwNov
 72.0000    0    2.000   1.0000          NULL 
 74.0000    1    2.000   1.0000         rwRep
 76.0000    0    2.000   1.0000          NULL 
 78.0000    2    2.000   1.0000         rwOrt
 80.0000    0    2.000   1.0000          NULL 
 82.0000    5    2.000   1.0000         pwOrt
 84.0000    6    2.000   1.0000         pwNov
 86.0000    3    2.000   1.0000         rwNov
 88.0000    6    2.000   1.0000         pwNov
 90.0000    0    4.000   1.0000          NULL 
 94.0000    3    2.000   1.0000         rwNov
 96.0000    6    2.000   1.0000         pwNov
 98.0000    2    2.000   1.0000         rwOrt
100.0000    5    2.000   1.0000         pwOrt
102.0000    0    2.000   1.0000          NULL 
104.0000    3    2.000   1.0000         rwNov
106.0000    0    4.000   1.0000          NULL 
110.0000    3    2.000   1.0000         rwNov
112.0000    0    4.000   1.0000          NULL 
116.0000    4    2.000   1.0000         pwRep
118.0000    5    2.000   1.0000         pwOrt
120.0000    1    2.000   1.0000         rwRep
122.0000    0    2.000   1.0000          NULL 
124.0000    5    2.000   1.0000         pwOrt
126.0000    4    2.000   1.0000         pwRep
128.0000    0    2.000   1.0000          NULL 
130.0000    5    2.000   1.0000         pwOrt
132.0000    6    2.000   1.0000         pwNov
134.0000    3    2.000   1.0000         rwNov
136.0000    4    2.000   1.0000         pwRep
138.0000    4    2.000   1.0000         pwRep
140.0000    4    2.000   1.0000         pwRep
142.0000    2    2.000   1.0000         rwOrt
144.0000    4    2.000   1.0000         pwRep
146.0000    1    2.000   1.0000         rwRep
148.0000    0    2.000   1.0000          NULL 
150.0000    5    2.000   1.0000         pwOrt
152.0000    0    2.000   1.0000          NULL 
154.0000    6    2.000   1.0000         pwNov
156.0000    3    2.000   1.0000         rwNov
158.0000    3    2.000   1.0000         rwNov
160.0000    0    6.000   1.0000          NULL 
166.0000    1    2.000   1.0000         rwRep
168.0000    4    2.000   1.0000         pwRep
170.0000    2    2.000   1.0000         rwOrt
172.0000    0    4.000   1.0000          NULL 
176.0000    5    2.000   1.0000         pwOrt
178.0000    3    2.000   1.0000         rwNov
180.0000    2    2.000   1.0000         rwOrt
182.0000    1    2.000   1.0000         rwRep
184.0000    4    2.000   1.0000         pwRep
186.0000    3    2.000   1.0000         rwNov
188.0000    2    2.000   1.0000         rwOrt
190.0000    0    2.000   1.0000          NULL 
192.0000    4    2.000   1.0000         pwRep
194.0000    1    2.000   1.0000         rwRep
196.0000    2    2.000   1.0000         rwOrt
198.0000    3    2.000   1.0000         rwNov
200.0000    2    2.000   1.0000         rwOrt
202.0000    6    2.000   1.0000         pwNov
204.0000    2    2.000   1.0000         rwOrt
206.0000    0    2.000   1.0000          NULL 
208.0000    5    2.000   1.0000         pwOrt
210.0000    6    2.000   1.0000         pwNov
212.0000    0    2.000   1.0000          NULL 
214.0000    3    2.000   1.0000         rwNov
216.0000    5    2.000   1.0000         pwOrt
218.0000    5    2.000   1.0000         pwOrt
220.0000    5    2.000   1.0000         pwOrt
222.0000    6    2.000   1.0000         pwNov
224.0000    0    2.000   1.0000          NULL 
226.0000    1    2.000   1.0000         rwRep
228.0000    3    2.000   1.0000         rwNov
230.0000    1    2.000   1.0000         rwRep
232.0000    0    4.000   1.0000          NULL 
236.0000    5    2.000   1.0000         pwOrt
238.0000    2    2.000   1.0000         rwOrt
240.0000    5    2.000   1.0000         pwOrt
242.0000    4    2.000   1.0000         pwRep
244.0000    4    2.000   1.0000         pwRep
246.0000    6    2.000   1.0000         pwNov
248.0000    6    2.000   1.0000         pwNov
250.0000    0    4.000   1.0000          NULL 
254.0000    2    2.000   1.0000         rwOrt
256.0000    4    2.000   1.0000         pwRep
258.0000    6    2.000   1.0000         pwNov
260.0000    0    4.000   1.0000          NULL 
264.0000    4    2.000   1.0000         pwRep
266.0000    1    2.000   1.0000         rwRep
268.0000    0    8.000   1.0000          NULL 
276.0000    1    2.000   1.0000         rwRep
278.0000    0    2.000   1.0000          NULL 
280.0000    4    2.000   1.0000         pwRep
282.0000    0    2.000   1.0000          NULL 
284.0000    5    2.000   1.0000         pwOrt
286.0000    0    2.000   1.0000          NULL 
288.0000    4    2.000   1.0000         pwRep
290.0000    3    2.000   1.0000         rwNov
292.0000    0    2.000   1.0000          NULL 
294.0000    4    2.000   1.0000         pwRep
296.0000    5    2.000   1.0000         pwOrt
298.0000    0    2.000   1.0000          NULL 
300.0000    5    2.000   1.0000         pwOrt
302.0000    6    2.000   1.0000         pwNov
304.0000    1    2.000   1.0000         rwRep
306.0000    0    8.000   1.0000          NULL 
314.0000    2    2.000   1.0000         rwOrt
316.0000    2    2.000   1.0000         rwOrt
318.0000    0    2.000   1.0000          NULL 
320.0000    3    2.000   1.0000         rwNov
322.0000    3    2.000   1.0000         rwNov
324.0000    0    2.000   1.0000          NULL 
326.0000    2    2.000   1.0000         rwOrt
328.0000    4    2.000   1.0000         pwRep
330.0000    6    2.000   1.0000         pwNov
332.0000    0    4.000   1.0000          NULL 
336.0000    6    2.000   1.0000         pwNov
338.0000    1    2.000   1.0000         rwRep
340.0000    6    2.000   1.0000         pwNov
342.0000    6    2.000   1.0000         pwNov
344.0000    4    2.000   1.0000         pwRep
346.0000    5    2.000   1.0000         pwOrt
348.0000    2    2.000   1.0000         rwOrt
350.0000    6    2.000   1.0000         pwNov
352.0000    5    2.000   1.0000         pwOrt
354.0000    4    2.000   1.0000         pwRep
356.0000    4    2.000   1.0000         pwRep
358.0000    0    2.000   1.0000          NULL 
