  0.0000    4    2.000   1.0000         pwRep
  2.0000    0    2.000   1.0000          NULL 
  4.0000    1    2.000   1.0000         rwRep
  6.0000    4    2.000   1.0000         pwRep
  8.0000    0    2.000   1.0000          NULL 
 10.0000    5    2.000   1.0000         pwOrt
 12.0000    1    2.000   1.0000         rwRep
 14.0000    0    2.000   1.0000          NULL 
 16.0000    3    2.000   1.0000         rwNov
 18.0000    4    2.000   1.0000         pwRep
 20.0000    5    2.000   1.0000         pwOrt
 22.0000    2    2.000   1.0000         rwOrt
 24.0000    0    4.000   1.0000          NULL 
 28.0000    5    2.000   1.0000         pwOrt
 30.0000    0    2.000   1.0000          NULL 
 32.0000    6    2.000   1.0000         pwNov
 34.0000    5    2.000   1.0000         pwOrt
 36.0000    3    2.000   1.0000         rwNov
 38.0000    0    2.000   1.0000          NULL 
 40.0000    5    2.000   1.0000         pwOrt
 42.0000    0    2.000   1.0000          NULL 
 44.0000    3    2.000   1.0000         rwNov
 46.0000    5    2.000   1.0000         pwOrt
 48.0000    0    2.000   1.0000          NULL 
 50.0000    6    2.000   1.0000         pwNov
 52.0000    0    2.000   1.0000          NULL 
 54.0000    4    2.000   1.0000         pwRep
 56.0000    1    2.000   1.0000         rwRep
 58.0000    0    2.000   1.0000          NULL 
 60.0000    1    2.000   1.0000         rwRep
 62.0000    0    2.000   1.0000          NULL 
 64.0000    2    2.000   1.0000         rwOrt
 66.0000    0    2.000   1.0000          NULL 
 68.0000    6    2.000   1.0000         pwNov
 70.0000    3    2.000   1.0000         rwNov
 72.0000    1    2.000   1.0000         rwRep
 74.0000    1    2.000   1.0000         rwRep
 76.0000    0    6.000   1.0000          NULL 
 82.0000    2    2.000   1.0000         rwOrt
 84.0000    0    2.000   1.0000          NULL 
 86.0000    5    2.000   1.0000         pwOrt
 88.0000    6    2.000   1.0000         pwNov
 90.0000    1    2.000   1.0000         rwRep
 92.0000    0    2.000   1.0000          NULL 
 94.0000    4    2.000   1.0000         pwRep
 96.0000    3    2.000   1.0000         rwNov
 98.0000    4    2.000   1.0000         pwRep
100.0000    4    2.000   1.0000         pwRep
102.0000    3    2.000   1.0000         rwNov
104.0000    0    4.000   1.0000          NULL 
108.0000    5    2.000   1.0000         pwOrt
110.0000    3    2.000   1.0000         rwNov
112.0000    2    2.000   1.0000         rwOrt
114.0000    0    2.000   1.0000          NULL 
116.0000    2    2.000   1.0000         rwOrt
118.0000    0    2.000   1.0000          NULL 
120.0000    6    2.000   1.0000         pwNov
122.0000    4    2.000   1.0000         pwRep
124.0000    3    2.000   1.0000         rwNov
126.0000    3    2.000   1.0000         rwNov
128.0000    1    2.000   1.0000         rwRep
130.0000    2    2.000   1.0000         rwOrt
132.0000    3    2.000   1.0000         rwNov
134.0000    5    2.000   1.0000         pwOrt
136.0000    3    2.000   1.0000         rwNov
138.0000    6    2.000   1.0000         pwNov
140.0000    0    4.000   1.0000          NULL 
144.0000    6    2.000   1.0000         pwNov
146.0000    0    4.000   1.0000          NULL 
150.0000    4    2.000   1.0000         pwRep
152.0000    1    2.000   1.0000         rwRep
154.0000    0    2.000   1.0000          NULL 
156.0000    3    2.000   1.0000         rwNov
158.0000    4    2.000   1.0000         pwRep
160.0000    1    2.000   1.0000         rwRep
162.0000    6    2.000   1.0000         pwNov
164.0000    5    2.000   1.0000         pwOrt
166.0000    2    2.000   1.0000         rwOrt
168.0000    4    2.000   1.0000         pwRep
170.0000    3    2.000   1.0000         rwNov
172.0000    1    2.000   1.0000         rwRep
174.0000    0    2.000   1.0000          NULL 
176.0000    4    2.000   1.0000         pwRep
178.0000    0    4.000   1.0000          NULL 
182.0000    3    2.000   1.0000         rwNov
184.0000    0    2.000   1.0000          NULL 
186.0000    2    2.000   1.0000         rwOrt
188.0000    0    6.000   1.0000          NULL 
194.0000    1    2.000   1.0000         rwRep
196.0000    3    2.000   1.0000         rwNov
198.0000    5    2.000   1.0000         pwOrt
200.0000    0    4.000   1.0000          NULL 
204.0000    5    2.000   1.0000         pwOrt
206.0000    6    2.000   1.0000         pwNov
208.0000    3    2.000   1.0000         rwNov
210.0000    6    2.000   1.0000         pwNov
212.0000    3    2.000   1.0000         rwNov
214.0000    4    2.000   1.0000         pwRep
216.0000    0    2.000   1.0000          NULL 
218.0000    4    2.000   1.0000         pwRep
220.0000    0    6.000   1.0000          NULL 
226.0000    6    2.000   1.0000         pwNov
228.0000    1    2.000   1.0000         rwRep
230.0000    4    2.000   1.0000         pwRep
232.0000    2    2.000   1.0000         rwOrt
234.0000    2    2.000   1.0000         rwOrt
236.0000    5    2.000   1.0000         pwOrt
238.0000    0    2.000   1.0000          NULL 
240.0000    2    2.000   1.0000         rwOrt
242.0000    2    2.000   1.0000         rwOrt
244.0000    0    2.000   1.0000          NULL 
246.0000    5    2.000   1.0000         pwOrt
248.0000    3    2.000   1.0000         rwNov
250.0000    0    4.000   1.0000          NULL 
254.0000    2    2.000   1.0000         rwOrt
256.0000    0    2.000   1.0000          NULL 
258.0000    1    2.000   1.0000         rwRep
260.0000    0    2.000   1.0000          NULL 
262.0000    6    2.000   1.0000         pwNov
264.0000    5    2.000   1.0000         pwOrt
266.0000    1    2.000   1.0000         rwRep
268.0000    6    2.000   1.0000         pwNov
270.0000    0    2.000   1.0000          NULL 
272.0000    1    2.000   1.0000         rwRep
274.0000    0    2.000   1.0000          NULL 
276.0000    2    2.000   1.0000         rwOrt
278.0000    1    2.000   1.0000         rwRep
280.0000    3    2.000   1.0000         rwNov
282.0000    0    2.000   1.0000          NULL 
284.0000    3    2.000   1.0000         rwNov
286.0000    4    2.000   1.0000         pwRep
288.0000    2    2.000   1.0000         rwOrt
290.0000    0    2.000   1.0000          NULL 
292.0000    1    2.000   1.0000         rwRep
294.0000    0    4.000   1.0000          NULL 
298.0000    2    2.000   1.0000         rwOrt
300.0000    2    2.000   1.0000         rwOrt
302.0000    4    2.000   1.0000         pwRep
304.0000    0    2.000   1.0000          NULL 
306.0000    5    2.000   1.0000         pwOrt
308.0000    2    2.000   1.0000         rwOrt
310.0000    0    2.000   1.0000          NULL 
312.0000    2    2.000   1.0000         rwOrt
314.0000    0    4.000   1.0000          NULL 
318.0000    4    2.000   1.0000         pwRep
320.0000    5    2.000   1.0000         pwOrt
322.0000    5    2.000   1.0000         pwOrt
324.0000    4    2.000   1.0000         pwRep
326.0000    0    2.000   1.0000          NULL 
328.0000    6    2.000   1.0000         pwNov
330.0000    6    2.000   1.0000         pwNov
332.0000    2    2.000   1.0000         rwOrt
334.0000    5    2.000   1.0000         pwOrt
336.0000    6    2.000   1.0000         pwNov
338.0000    1    2.000   1.0000         rwRep
340.0000    6    2.000   1.0000         pwNov
342.0000    0    2.000   1.0000          NULL 
344.0000    6    2.000   1.0000         pwNov
346.0000    6    2.000   1.0000         pwNov
348.0000    0    4.000   1.0000          NULL 
352.0000    6    2.000   1.0000         pwNov
354.0000    4    2.000   1.0000         pwRep
356.0000    5    2.000   1.0000         pwOrt
358.0000    1    2.000   1.0000         rwRep
