  0.0000    1    2.000   1.0000         rwRep
  2.0000    0    2.000   1.0000          NULL 
  4.0000    6    2.000   1.0000         pwNov
  6.0000    2    2.000   1.0000         rwOrt
  8.0000    4    2.000   1.0000         pwRep
 10.0000    3    2.000   1.0000         rwNov
 12.0000    1    2.000   1.0000         rwRep
 14.0000    3    2.000   1.0000         rwNov
 16.0000    1    2.000   1.0000         rwRep
 18.0000    3    2.000   1.0000         rwNov
 20.0000    0    2.000   1.0000          NULL 
 22.0000    3    2.000   1.0000         rwNov
 24.0000    3    2.000   1.0000         rwNov
 26.0000    0    2.000   1.0000          NULL 
 28.0000    5    2.000   1.0000         pwOrt
 30.0000    0    2.000   1.0000          NULL 
 32.0000    2    2.000   1.0000         rwOrt
 34.0000    1    2.000   1.0000         rwRep
 36.0000    0    8.000   1.0000          NULL 
 44.0000    3    2.000   1.0000         rwNov
 46.0000    1    2.000   1.0000         rwRep
 48.0000    6    2.000   1.0000         pwNov
 50.0000    1    2.000   1.0000         rwRep
 52.0000    6    2.000   1.0000         pwNov
 54.0000    1    2.000   1.0000         rwRep
 56.0000    2    2.000   1.0000         rwOrt
 58.0000    3    2.000   1.0000         rwNov
 60.0000    2    2.000   1.0000         rwOrt
 62.0000    0    2.000   1.0000          NULL 
 64.0000    3    2.000   1.0000         rwNov
 66.0000    5    2.000   1.0000         pwOrt
 68.0000    0    2.000   1.0000          NULL 
 70.0000    4    2.000   1.0000         pwRep
 72.0000    0    4.000   1.0000          NULL 
 76.0000    5    2.000   1.0000         pwOrt
 78.0000    4    2.000   1.0000         pwRep
 80.0000    2    2.000   1.0000         rwOrt
 82.0000    2    2.000   1.0000         rwOrt
 84.0000    0    2.000   1.0000          NULL 
 86.0000    6    2.000   1.0000         pwNov
 88.0000    5    2.000   1.0000         pwOrt
 90.0000    6    2.000   1.0000         pwNov
 92.0000    0    2.000   1.0000          NULL 
 94.0000    2    2.000   1.0000         rwOrt
 96.0000    0    2.000   1.0000          NULL 
 98.0000    6    2.000   1.0000         pwNov
100.0000    6    2.000   1.0000         pwNov
102.0000    3    2.000   1.0000         rwNov
104.0000    3    2.000   1.0000         rwNov
106.0000    0    2.000   1.0000          NULL 
108.0000    3    2.000   1.0000         rwNov
110.0000    6    2.000   1.0000         pwNov
112.0000    0    2.000   1.0000          NULL 
114.0000    4    2.000   1.0000         pwRep
116.0000    2    2.000   1.0000         rwOrt
118.0000    3    2.000   1.0000         rwNov
120.0000    0    4.000   1.0000          NULL 
124.0000    2    2.000   1.0000         rwOrt
126.0000    0    2.000   1.0000          NULL 
128.0000    2    2.000   1.0000         rwOrt
130.0000    2    2.000   1.0000         rwOrt
132.0000    5    2.000   1.0000         pwOrt
134.0000    0    4.000   1.0000          NULL 
138.0000    2    2.000   1.0000         rwOrt
140.0000    1    2.000   1.0000         rwRep
142.0000    5    2.000   1.0000         pwOrt
144.0000    2    2.000   1.0000         rwOrt
146.0000    0    2.000   1.0000          NULL 
148.0000    1    2.000   1.0000         rwRep
150.0000    1    2.000   1.0000         rwRep
152.0000    0    4.000   1.0000          NULL 
156.0000    4    2.000   1.0000         pwRep
158.0000    0    4.000   1.0000          NULL 
162.0000    5    2.000   1.0000         pwOrt
164.0000    0    6.000   1.0000          NULL 
170.0000    4    2.000   1.0000         pwRep
172.0000    6    2.000   1.0000         pwNov
174.0000    0    4.000   1.0000          NULL 
178.0000    4    2.000   1.0000         pwRep
180.0000    0    8.000   1.0000          NULL 
188.0000    4    2.000   1.0000         pwRep
190.0000    4    2.000   1.0000         pwRep
192.0000    5    2.000   1.0000         pwOrt
194.0000    1    2.000   1.0000         rwRep
196.0000    5    2.000   1.0000         pwOrt
198.0000    4    2.000   1.0000         pwRep
200.0000    0    2.000   1.0000          NULL 
202.0000    2    2.000   1.0000         rwOrt
204.0000    4    2.000   1.0000         pwRep
206.0000    0    6.000   1.0000          NULL 
212.0000    6    2.000   1.0000         pwNov
214.0000    1    2.000   1.0000         rwRep
216.0000    2    2.000   1.0000         rwOrt
218.0000    0    4.000   1.0000          NULL 
222.0000    1    2.000   1.0000         rwRep
224.0000    2    2.000   1.0000         rwOrt
226.0000    0    2.000   1.0000          NULL 
228.0000    6    2.000   1.0000         pwNov
230.0000    1    2.000   1.0000         rwRep
232.0000    0    4.000   1.0000          NULL 
236.0000    1    2.000   1.0000         rwRep
238.0000    4    2.000   1.0000         pwRep
240.0000    5    2.000   1.0000         pwOrt
242.0000    0    2.000   1.0000          NULL 
244.0000    6    2.000   1.0000         pwNov
246.0000    5    2.000   1.0000         pwOrt
248.0000    5    2.000   1.0000         pwOrt
250.0000    2    2.000   1.0000         rwOrt
252.0000    3    2.000   1.0000         rwNov
254.0000    5    2.000   1.0000         pwOrt
256.0000    4    2.000   1.0000         pwRep
258.0000    0    2.000   1.0000          NULL 
260.0000    1    2.000   1.0000         rwRep
262.0000    6    2.000   1.0000         pwNov
264.0000    3    2.000   1.0000         rwNov
266.0000    6    2.000   1.0000         pwNov
268.0000    0    4.000   1.0000          NULL 
272.0000    5    2.000   1.0000         pwOrt
274.0000    3    2.000   1.0000         rwNov
276.0000    4    2.000   1.0000         pwRep
278.0000    1    2.000   1.0000         rwRep
280.0000    6    2.000   1.0000         pwNov
282.0000    0    2.000   1.0000          NULL 
284.0000    5    2.000   1.0000         pwOrt
286.0000    0    2.000   1.0000          NULL 
288.0000    5    2.000   1.0000         pwOrt
290.0000    6    2.000   1.0000         pwNov
292.0000    0    2.000   1.0000          NULL 
294.0000    2    2.000   1.0000         rwOrt
296.0000    6    2.000   1.0000         pwNov
298.0000    1    2.000   1.0000         rwRep
300.0000    0    2.000   1.0000          NULL 
302.0000    1    2.000   1.0000         rwRep
304.0000    3    2.000   1.0000         rwNov
306.0000    4    2.000   1.0000         pwRep
308.0000    6    2.000   1.0000         pwNov
310.0000    0    2.000   1.0000          NULL 
312.0000    4    2.000   1.0000         pwRep
314.0000    4    2.000   1.0000         pwRep
316.0000    0    2.000   1.0000          NULL 
318.0000    1    2.000   1.0000         rwRep
320.0000    0    2.000   1.0000          NULL 
322.0000    3    2.000   1.0000         rwNov
324.0000    5    2.000   1.0000         pwOrt
326.0000    2    2.000   1.0000         rwOrt
328.0000    3    2.000   1.0000         rwNov
330.0000    3    2.000   1.0000         rwNov
332.0000    6    2.000   1.0000         pwNov
334.0000    4    2.000   1.0000         pwRep
336.0000    0    2.000   1.0000          NULL 
338.0000    5    2.000   1.0000         pwOrt
340.0000    0    2.000   1.0000          NULL 
342.0000    5    2.000   1.0000         pwOrt
344.0000    4    2.000   1.0000         pwRep
346.0000    0    4.000   1.0000          NULL 
350.0000    6    2.000   1.0000         pwNov
352.0000    2    2.000   1.0000         rwOrt
354.0000    5    2.000   1.0000         pwOrt
356.0000    3    2.000   1.0000         rwNov
358.0000    4    2.000   1.0000         pwRep
