  0.0000    3    2.000   1.0000         rwNov
  2.0000    1    2.000   1.0000         rwRep
  4.0000    4    2.000   1.0000         pwRep
  6.0000    1    2.000   1.0000         rwRep
  8.0000    4    2.000   1.0000         pwRep
 10.0000    0    2.000   1.0000          NULL 
 12.0000    6    2.000   1.0000         pwNov
 14.0000    3    2.000   1.0000         rwNov
 16.0000    1    2.000   1.0000         rwRep
 18.0000    0    6.000   1.0000          NULL 
 24.0000    3    2.000   1.0000         rwNov
 26.0000    4    2.000   1.0000         pwRep
 28.0000    0    2.000   1.0000          NULL 
 30.0000    6    2.000   1.0000         pwNov
 32.0000    5    2.000   1.0000         pwOrt
 34.0000    0    2.000   1.0000          NULL 
 36.0000    2    2.000   1.0000         rwOrt
 38.0000    0    2.000   1.0000          NULL 
 40.0000    2    2.000   1.0000         rwOrt
 42.0000    0    2.000   1.0000          NULL 
 44.0000    2    2.000   1.0000         rwOrt
 46.0000    3    2.000   1.0000         rwNov
 48.0000    0    2.000   1.0000          NULL 
 50.0000    4    2.000   1.0000         pwRep
 52.0000    0    2.000   1.0000          NULL 
 54.0000    4    2.000   1.0000         pwRep
 56.0000    2    2.000   1.0000         rwOrt
 58.0000    4    2.000   1.0000         pwRep
 60.0000    0    4.000   1.0000          NULL 
 64.0000    4    2.000   1.0000         pwRep
 66.0000    1    2.000   1.0000         rwRep
 68.0000    1    2.000   1.0000         rwRep
 70.0000    0    2.000   1.0000          NULL 
 72.0000    2    2.000   1.0000         rwOrt
 74.0000    3    2.000   1.0000         rwNov
 76.0000    4    2.000   1.0000         pwRep
 78.0000    4    2.000   1.0000         pwRep
 80.0000    0    2.000   1.0000          NULL 
 82.0000    4    2.000   1.0000         pwRep
 84.0000    2    2.000   1.0000         rwOrt
 86.0000    3    2.000   1.0000         rwNov
 88.0000    5    2.000   1.0000         pwOrt
 90.0000    4    2.000   1.0000         pwRep
 92.0000    4    2.000   1.0000         pwRep
 94.0000    3    2.000   1.0000         rwNov
 96.0000    5    2.000   1.0000         pwOrt
 98.0000    6    2.000   1.0000         pwNov
100.0000    0    6.000   1.0000          NULL 
106.0000    2    2.000   1.0000         rwOrt
108.0000    2    2.000   1.0000         rwOrt
110.0000    4    2.000   1.0000         pwRep
112.0000    3    2.000   1.0000         rwNov
114.0000    1    2.000   1.0000         rwRep
116.0000    0    4.000   1.0000          NULL 
120.0000    6    2.000   1.0000         pwNov
122.0000    0    2.000   1.0000          NULL 
124.0000    6    2.000   1.0000         pwNov
126.0000    6    2.000   1.0000         pwNov
128.0000    2    2.000   1.0000         rwOrt
130.0000    0    2.000   1.0000          NULL 
132.0000    5    2.000   1.0000         pwOrt
134.0000    5    2.000   1.0000         pwOrt
136.0000    0    4.000   1.0000          NULL 
140.0000    6    2.000   1.0000         pwNov
142.0000    2    2.000   1.0000         rwOrt
144.0000    2    2.000   1.0000         rwOrt
146.0000    0    2.000   1.0000          NULL 
148.0000    4    2.000   1.0000         pwRep
150.0000    5    2.000   1.0000         pwOrt
152.0000    0    4.000   1.0000          NULL 
156.0000    2    2.000   1.0000         rwOrt
158.0000    2    2.000   1.0000         rwOrt
160.0000    1    2.000   1.0000         rwRep
162.0000    0    2.000   1.0000          NULL 
164.0000    3    2.000   1.0000         rwNov
166.0000    3    2.000   1.0000         rwNov
168.0000    0    2.000   1.0000          NULL 
170.0000    2    2.000   1.0000         rwOrt
172.0000    5    2.000   1.0000         pwOrt
174.0000    6    2.000   1.0000         pwNov
176.0000    0    2.000   1.0000          NULL 
178.0000    5    2.000   1.0000         pwOrt
180.0000    0    2.000   1.0000          NULL 
182.0000    1    2.000   1.0000         rwRep
184.0000    1    2.000   1.0000         rwRep
186.0000    6    2.000   1.0000         pwNov
188.0000    1    2.000   1.0000         rwRep
190.0000    0    2.000   1.0000          NULL 
192.0000    6    2.000   1.0000         pwNov
194.0000    5    2.000   1.0000         pwOrt
196.0000    2    2.000   1.0000         rwOrt
198.0000    3    2.000   1.0000         rwNov
200.0000    3    2.000   1.0000         rwNov
202.0000    4    2.000   1.0000         pwRep
204.0000    0    4.000   1.0000          NULL 
208.0000    3    2.000   1.0000         rwNov
210.0000    0    2.000   1.0000          NULL 
212.0000    5    2.000   1.0000         pwOrt
214.0000    5    2.000   1.0000         pwOrt
216.0000    5    2.000   1.0000         pwOrt
218.0000    6    2.000   1.0000         pwNov
220.0000    0    2.000   1.0000          NULL 
222.0000    3    2.000   1.0000         rwNov
224.0000    6    2.000   1.0000         pwNov
226.0000    1    2.000   1.0000         rwRep
228.0000    1    2.000   1.0000         rwRep
230.0000    1    2.000   1.0000         rwRep
232.0000    0    4.000   1.0000          NULL 
236.0000    4    2.000   1.0000         pwRep
238.0000    5    2.000   1.0000         pwOrt
240.0000    5    2.000   1.0000         pwOrt
242.0000    2    2.000   1.0000         rwOrt
244.0000    0    4.000   1.0000          NULL 
248.0000    2    2.000   1.0000         rwOrt
250.0000    0    4.000   1.0000          NULL 
254.0000    5    2.000   1.0000         pwOrt
256.0000    6    2.000   1.0000         pwNov
258.0000    3    2.000   1.0000         rwNov
260.0000    2    2.000   1.0000         rwOrt
262.0000    1    2.000   1.0000         rwRep
264.0000    0    2.000   1.0000          NULL 
266.0000    4    2.000   1.0000         pwRep
268.0000    0    2.000   1.0000          NULL 
270.0000    2    2.000   1.0000         rwOrt
272.0000    1    2.000   1.0000         rwRep
274.0000    5    2.000   1.0000         pwOrt
276.0000    5    2.000   1.0000         pwOrt
278.0000    3    2.000   1.0000         rwNov
280.0000    6    2.000   1.0000         pwNov
282.0000    3    2.000   1.0000         rwNov
284.0000    0    4.000   1.0000          NULL 
288.0000    1    2.000   1.0000         rwRep
290.0000    3    2.000   1.0000         rwNov
292.0000    2    2.000   1.0000         rwOrt
294.0000    6    2.000   1.0000         pwNov
296.0000    0    2.000   1.0000          NULL 
298.0000    5    2.000   1.0000         pwOrt
300.0000    0    2.000   1.0000          NULL 
302.0000    4    2.000   1.0000         pwRep
304.0000    4    2.000   1.0000         pwRep
306.0000    0    4.000   1.0000          NULL 
310.0000    5    2.000   1.0000         pwOrt
312.0000    6    2.000   1.0000         pwNov
314.0000    6    2.000   1.0000         pwNov
316.0000    0    6.000   1.0000          NULL 
322.0000    6    2.000   1.0000         pwNov
324.0000    0    2.000   1.0000          NULL 
326.0000    1    2.000   1.0000         rwRep
328.0000    4    2.000   1.0000         pwRep
330.0000    6    2.000   1.0000         pwNov
332.0000    5    2.000   1.0000         pwOrt
334.0000    0    4.000   1.0000          NULL 
338.0000    3    2.000   1.0000         rwNov
340.0000    1    2.000   1.0000         rwRep
342.0000    6    2.000   1.0000         pwNov
344.0000    0    2.000   1.0000          NULL 
346.0000    1    2.000   1.0000         rwRep
348.0000    1    2.000   1.0000         rwRep
350.0000    0    8.000   1.0000          NULL 
358.0000    3    2.000   1.0000         rwNov
