  0.0000    3    2.000   1.0000         rwNov
  2.0000    2    2.000   1.0000         rwOrt
  4.0000    3    2.000   1.0000         rwNov
  6.0000    1    2.000   1.0000         rwRep
  8.0000    0    2.000   1.0000          NULL 
 10.0000    2    2.000   1.0000         rwOrt
 12.0000    5    2.000   1.0000         pwOrt
 14.0000    3    2.000   1.0000         rwNov
 16.0000    0    2.000   1.0000          NULL 
 18.0000    2    2.000   1.0000         rwOrt
 20.0000    2    2.000   1.0000         rwOrt
 22.0000    0    2.000   1.0000          NULL 
 24.0000    1    2.000   1.0000         rwRep
 26.0000    6    2.000   1.0000         pwNov
 28.0000    3    2.000   1.0000         rwNov
 30.0000    0    2.000   1.0000          NULL 
 32.0000    6    2.000   1.0000         pwNov
 34.0000    4    2.000   1.0000         pwRep
 36.0000    6    2.000   1.0000         pwNov
 38.0000    4    2.000   1.0000         pwRep
 40.0000    6    2.000   1.0000         pwNov
 42.0000    2    2.000   1.0000         rwOrt
 44.0000    0    2.000   1.0000          NULL 
 46.0000    4    2.000   1.0000         pwRep
 48.0000    0    2.000   1.0000          NULL 
 50.0000    5    2.000   1.0000         pwOrt
 52.0000    3    2.000   1.0000         rwNov
 54.0000    5    2.000   1.0000         pwOrt
 56.0000    0    4.000   1.0000          NULL 
 60.0000    3    2.000   1.0000         rwNov
 62.0000    2    2.000   1.0000         rwOrt
 64.0000    2    2.000   1.0000         rwOrt
 66.0000    3    2.000   1.0000         rwNov
 68.0000    5    2.000   1.0000         pwOrt
 70.0000    6    2.000   1.0000         pwNov
 72.0000    0    2.000   1.0000          NULL 
 74.0000    5    2.000   1.0000         pwOrt
 76.0000    3    2.000   1.0000         rwNov
 78.0000    2    2.000   1.0000         rwOrt
 80.0000    0   10.000   1.0000          NULL 
 90.0000    1    2.000   1.0000         rwRep
 92.0000    2    2.000   1.0000         rwOrt
 94.0000    0    2.000   1.0000          NULL 
 96.0000    5    2.000   1.0000         pwOrt
 98.0000    1    2.000   1.0000         rwRep
100.0000    4    2.000   1.0000         pwRep
102.0000    3    2.000   1.0000         rwNov
104.0000    3    2.000   1.0000         rwNov
106.0000    5    2.000   1.0000         pwOrt
108.0000    0    2.000   1.0000          NULL 
110.0000    3    2.000   1.0000         rwNov
112.0000    3    2.000   1.0000         rwNov
114.0000    4    2.000   1.0000         pwRep
116.0000    4    2.000   1.0000         pwRep
118.0000    5    2.000   1.0000         pwOrt
120.0000    1    2.000   1.0000         rwRep
122.0000    3    2.000   1.0000         rwNov
124.0000    0    2.000   1.0000          NULL 
126.0000    5    2.000   1.0000         pwOrt
128.0000    0    2.000   1.0000          NULL 
130.0000    1    2.000   1.0000         rwRep
132.0000    0    4.000   1.0000          NULL 
136.0000    1    2.000   1.0000         rwRep
138.0000    3    2.000   1.0000         rwNov
140.0000    0    4.000   1.0000          NULL 
144.0000    2    2.000   1.0000         rwOrt
146.0000    0    2.000   1.0000          NULL 
148.0000    6    2.000   1.0000         pwNov
150.0000    1    2.000   1.0000         rwRep
152.0000    6    2.000   1.0000         pwNov
154.0000    0    4.000   1.0000          NULL 
158.0000    6    2.000   1.0000         pwNov
160.0000    5    2.000   1.0000         pwOrt
162.0000    2    2.000   1.0000         rwOrt
164.0000    1    2.000   1.0000         rwRep
166.0000    4    2.000   1.0000         pwRep
168.0000    4    2.000   1.0000         pwRep
170.0000    0    4.000   1.0000          NULL 
174.0000    6    2.000   1.0000         pwNov
176.0000    2    2.000   1.0000         rwOrt
178.0000    0    2.000   1.0000          NULL 
180.0000    5    2.000   1.0000         pwOrt
182.0000    3    2.000   1.0000         rwNov
184.0000    0    2.000   1.0000          NULL 
186.0000    4    2.000   1.0000         pwRep
188.0000    5    2.000   1.0000         pwOrt
190.0000    0    6.000   1.0000          NULL 
196.0000    6    2.000   1.0000         pwNov
198.0000    4    2.000   1.0000         pwRep
200.0000    5    2.000   1.0000         pwOrt
202.0000    0    2.000   1.0000          NULL 
204.0000    2    2.000   1.0000         rwOrt
206.0000    4    2.000   1.0000         pwRep
208.0000    1    2.000   1.0000         rwRep
210.0000    0    2.000   1.0000          NULL 
212.0000    4    2.000   1.0000         pwRep
214.0000    0    2.000   1.0000          NULL 
216.0000    1    2.000   1.0000         rwRep
218.0000    1    2.000   1.0000         rwRep
220.0000    1    2.000   1.0000         rwRep
222.0000    4    2.000   1.0000         pwRep
224.0000    5    2.000   1.0000         pwOrt
226.0000    0    4.000   1.0000          NULL 
230.0000    6    2.000   1.0000         pwNov
232.0000    0    4.000   1.0000          NULL 
236.0000    5    2.000   1.0000         pwOrt
238.0000    3    2.000   1.0000         rwNov
240.0000    5    2.000   1.0000         pwOrt
242.0000    6    2.000   1.0000         pwNov
244.0000    0    6.000   1.0000          NULL 
250.0000    2    2.000   1.0000         rwOrt
252.0000    5    2.000   1.0000         pwOrt
254.0000    2    2.000   1.0000         rwOrt
256.0000    5    2.000   1.0000         pwOrt
258.0000    1    2.000   1.0000         rwRep
260.0000    5    2.000   1.0000         pwOrt
262.0000    4    2.000   1.0000         pwRep
264.0000    0    2.000   1.0000          NULL 
266.0000    2    2.000   1.0000         rwOrt
268.0000    6    2.000   1.0000         pwNov
270.0000    3    2.000   1.0000         rwNov
272.0000    0    2.000   1.0000          NULL 
274.0000    2    2.000   1.0000         rwOrt
276.0000    6    2.000   1.0000         pwNov
278.0000    0    2.000   1.0000          NULL 
280.0000    5    2.000   1.0000         pwOrt
282.0000    0    2.000   1.0000          NULL 
284.0000    4    2.000   1.0000         pwRep
286.0000    0    2.000   1.0000          NULL 
288.0000    2    2.000   1.0000         rwOrt
290.0000    1    2.000   1.0000         rwRep
292.0000    1    2.000   1.0000         rwRep
294.0000    2    2.000   1.0000         rwOrt
296.0000    6    2.000   1.0000         pwNov
298.0000    0    6.000   1.0000          NULL 
304.0000    4    2.000   1.0000         pwRep
306.0000    0    2.000   1.0000          NULL 
308.0000    3    2.000   1.0000         rwNov
310.0000    4    2.000   1.0000         pwRep
312.0000    4    2.000   1.0000         pwRep
314.0000    0    4.000   1.0000          NULL 
318.0000    6    2.000   1.0000         pwNov
320.0000    0    2.000   1.0000          NULL 
322.0000    3    2.000   1.0000         rwNov
324.0000    0    2.000   1.0000          NULL 
326.0000    1    2.000   1.0000         rwRep
328.0000    2    2.000   1.0000         rwOrt
330.0000    6    2.000   1.0000         pwNov
332.0000    0    2.000   1.0000          NULL 
334.0000    1    2.000   1.0000         rwRep
336.0000    1    2.000   1.0000         rwRep
338.0000    6    2.000   1.0000         pwNov
340.0000    6    2.000   1.0000         pwNov
342.0000    0    2.000   1.0000          NULL 
344.0000    6    2.000   1.0000         pwNov
346.0000    0    2.000   1.0000          NULL 
348.0000    4    2.000   1.0000         pwRep
350.0000    0    2.000   1.0000          NULL 
352.0000    3    2.000   1.0000         rwNov
354.0000    1    2.000   1.0000         rwRep
356.0000    4    2.000   1.0000         pwRep
358.0000    0    2.000   1.0000          NULL 
