  0.0000    6    2.000   1.0000         pwNov
  2.0000    4    2.000   1.0000         pwRep
  4.0000    2    2.000   1.0000         rwOrt
  6.0000    5    2.000   1.0000         pwOrt
  8.0000    5    2.000   1.0000         pwOrt
 10.0000    5    2.000   1.0000         pwOrt
 12.0000    2    2.000   1.0000         rwOrt
 14.0000    3    2.000   1.0000         rwNov
 16.0000    3    2.000   1.0000         rwNov
 18.0000    2    2.000   1.0000         rwOrt
 20.0000    0    2.000   1.0000          NULL 
 22.0000    4    2.000   1.0000         pwRep
 24.0000    2    2.000   1.0000         rwOrt
 26.0000    3    2.000   1.0000         rwNov
 28.0000    0    4.000   1.0000          NULL 
 32.0000    1    2.000   1.0000         rwRep
 34.0000    5    2.000   1.0000         pwOrt
 36.0000    1    2.000   1.0000         rwRep
 38.0000    4    2.000   1.0000         pwRep
 40.0000    4    2.000   1.0000         pwRep
 42.0000    1    2.000   1.0000         rwRep
 44.0000    0    2.000   1.0000          NULL 
 46.0000    2    2.000   1.0000         rwOrt
 48.0000    6    2.000   1.0000         pwNov
 50.0000    0    2.000   1.0000          NULL 
 52.0000    2    2.000   1.0000         rwOrt
 54.0000    2    2.000   1.0000         rwOrt
 56.0000    3    2.000   1.0000         rwNov
 58.0000    2    2.000   1.0000         rwOrt
 60.0000    4    2.000   1.0000         pwRep
 62.0000    4    2.000   1.0000         pwRep
 64.0000    0    2.000   1.0000          NULL 
 66.0000    6    2.000   1.0000         pwNov
 68.0000    3    2.000   1.0000         rwNov
 70.0000    2    2.000   1.0000         rwOrt
 72.0000    0    2.000   1.0000          NULL 
 74.0000    6    2.000   1.0000         pwNov
 76.0000    0    2.000   1.0000          NULL 
 78.0000    1    2.000   1.0000         rwRep
 80.0000    4    2.000   1.0000         pwRep
 82.0000    0    6.000   1.0000          NULL 
 88.0000    4    2.000   1.0000         pwRep
 90.0000    3    2.000   1.0000         rwNov
 92.0000    0    6.000   1.0000          NULL 
 98.0000    3    2.000   1.0000         rwNov
100.0000    5    2.000   1.0000         pwOrt
102.0000    1    2.000   1.0000         rwRep
104.0000    0    2.000   1.0000          NULL 
106.0000    2    2.000   1.0000         rwOrt
108.0000    2    2.000   1.0000         rwOrt
110.0000    1    2.000   1.0000         rwRep
112.0000    0    2.000   1.0000          NULL 
114.0000    3    2.000   1.0000         rwNov
116.0000    3    2.000   1.0000         rwNov
118.0000    5    2.000   1.0000         pwOrt
120.0000    0    4.000   1.0000          NULL 
124.0000    6    2.000   1.0000         pwNov
126.0000    3    2.000   1.0000         rwNov
128.0000    0    2.000   1.0000          NULL 
130.0000    6    2.000   1.0000         pwNov
132.0000    0    2.000   1.0000          NULL 
134.0000    6    2.000   1.0000         pwNov
136.0000    1    2.000   1.0000         rwRep
138.0000    0    2.000   1.0000          NULL 
140.0000    2    2.000   1.0000         rwOrt
142.0000    5    2.000   1.0000         pwOrt
144.0000    5    2.000   1.0000         pwOrt
146.0000    1    2.000   1.0000         rwRep
148.0000    2    2.000   1.0000         rwOrt
150.0000    0    2.000   1.0000          NULL 
152.0000    5    2.000   1.0000         pwOrt
154.0000    0    2.000   1.0000          NULL 
156.0000    5    2.000   1.0000         pwOrt
158.0000    1    2.000   1.0000         rwRep
160.0000    1    2.000   1.0000         rwRep
162.0000    6    2.000   1.0000         pwNov
164.0000    4    2.000   1.0000         pwRep
166.0000    0    2.000   1.0000          NULL 
168.0000    3    2.000   1.0000         rwNov
170.0000    0    6.000   1.0000          NULL 
176.0000    4    2.000   1.0000         pwRep
178.0000    4    2.000   1.0000         pwRep
180.0000    1    2.000   1.0000         rwRep
182.0000    5    2.000   1.0000         pwOrt
184.0000    1    2.000   1.0000         rwRep
186.0000    5    2.000   1.0000         pwOrt
188.0000    0    8.000   1.0000          NULL 
196.0000    2    2.000   1.0000         rwOrt
198.0000    0    4.000   1.0000          NULL 
202.0000    5    2.000   1.0000         pwOrt
204.0000    6    2.000   1.0000         pwNov
206.0000    6    2.000   1.0000         pwNov
208.0000    0    4.000   1.0000          NULL 
212.0000    1    2.000   1.0000         rwRep
214.0000    2    2.000   1.0000         rwOrt
216.0000    0    4.000   1.0000          NULL 
220.0000    1    2.000   1.0000         rwRep
222.0000    0    4.000   1.0000          NULL 
226.0000    5    2.000   1.0000         pwOrt
228.0000    5    2.000   1.0000         pwOrt
230.0000    1    2.000   1.0000         rwRep
232.0000    5    2.000   1.0000         pwOrt
234.0000    0    4.000   1.0000          NULL 
238.0000    2    2.000   1.0000         rwOrt
240.0000    3    2.000   1.0000         rwNov
242.0000    0    2.000   1.0000          NULL 
244.0000    3    2.000   1.0000         rwNov
246.0000    0    2.000   1.0000          NULL 
248.0000    5    2.000   1.0000         pwOrt
250.0000    1    2.000   1.0000         rwRep
252.0000    0    2.000   1.0000          NULL 
254.0000    5    2.000   1.0000         pwOrt
256.0000    6    2.000   1.0000         pwNov
258.0000    3    2.000   1.0000         rwNov
260.0000    4    2.000   1.0000         pwRep
262.0000    3    2.000   1.0000         rwNov
264.0000    4    2.000   1.0000         pwRep
266.0000    1    2.000   1.0000         rwRep
268.0000    4    2.000   1.0000         pwRep
270.0000    5    2.000   1.0000         pwOrt
272.0000    3    2.000   1.0000         rwNov
274.0000    1    2.000   1.0000         rwRep
276.0000    6    2.000   1.0000         pwNov
278.0000    4    2.000   1.0000         pwRep
280.0000    0    2.000   1.0000          NULL 
282.0000    6    2.000   1.0000         pwNov
284.0000    6    2.000   1.0000         pwNov
286.0000    2    2.000   1.0000         rwOrt
288.0000    6    2.000   1.0000         pwNov
290.0000    0    6.000   1.0000          NULL 
296.0000    2    2.000   1.0000         rwOrt
298.0000    0    2.000   1.0000          NULL 
300.0000    4    2.000   1.0000         pwRep
302.0000    0    2.000   1.0000          NULL 
304.0000    1    2.000   1.0000         rwRep
306.0000    0    2.000   1.0000          NULL 
308.0000    3    2.000   1.0000         rwNov
310.0000    6    2.000   1.0000         pwNov
312.0000    0    2.000   1.0000          NULL 
314.0000    3    2.000   1.0000         rwNov
316.0000    6    2.000   1.0000         pwNov
318.0000    6    2.000   1.0000         pwNov
320.0000    4    2.000   1.0000         pwRep
322.0000    0    4.000   1.0000          NULL 
326.0000    3    2.000   1.0000         rwNov
328.0000    1    2.000   1.0000         rwRep
330.0000    4    2.000   1.0000         pwRep
332.0000    2    2.000   1.0000         rwOrt
334.0000    0    2.000   1.0000          NULL 
336.0000    4    2.000   1.0000         pwRep
338.0000    6    2.000   1.0000         pwNov
340.0000    0    2.000   1.0000          NULL 
342.0000    2    2.000   1.0000         rwOrt
344.0000    0    2.000   1.0000          NULL 
346.0000    4    2.000   1.0000         pwRep
348.0000    0    6.000   1.0000          NULL 
354.0000    5    2.000   1.0000         pwOrt
356.0000    6    2.000   1.0000         pwNov
358.0000    3    2.000   1.0000         rwNov
