  0.0000    3    2.000   1.0000         rwNov
  2.0000    3    2.000   1.0000         rwNov
  4.0000    5    2.000   1.0000         pwOrt
  6.0000    3    2.000   1.0000         rwNov
  8.0000    0    2.000   1.0000          NULL 
 10.0000    1    2.000   1.0000         rwRep
 12.0000    3    2.000   1.0000         rwNov
 14.0000    1    2.000   1.0000         rwRep
 16.0000    6    2.000   1.0000         pwNov
 18.0000    0    4.000   1.0000          NULL 
 22.0000    3    2.000   1.0000         rwNov
 24.0000    0    4.000   1.0000          NULL 
 28.0000    1    2.000   1.0000         rwRep
 30.0000    0    4.000   1.0000          NULL 
 34.0000    2    2.000   1.0000         rwOrt
 36.0000    5    2.000   1.0000         pwOrt
 38.0000    3    2.000   1.0000         rwNov
 40.0000    2    2.000   1.0000         rwOrt
 42.0000    1    2.000   1.0000         rwRep
 44.0000    5    2.000   1.0000         pwOrt
 46.0000    5    2.000   1.0000         pwOrt
 48.0000    2    2.000   1.0000         rwOrt
 50.0000    5    2.000   1.0000         pwOrt
 52.0000    3    2.000   1.0000         rwNov
 54.0000    0    2.000   1.0000          NULL 
 56.0000    1    2.000   1.0000         rwRep
 58.0000    5    2.000   1.0000         pwOrt
 60.0000    2    2.000   1.0000         rwOrt
 62.0000    1    2.000   1.0000         rwRep
 64.0000    4    2.000   1.0000         pwRep
 66.0000    5    2.000   1.0000         pwOrt
 68.0000    6    2.000   1.0000         pwNov
 70.0000    2    2.000   1.0000         rwOrt
 72.0000    0    2.000   1.0000          NULL 
 74.0000    4    2.000   1.0000         pwRep
 76.0000    2    2.000   1.0000         rwOrt
 78.0000    5    2.000   1.0000         pwOrt
 80.0000    4    2.000   1.0000         pwRep
 82.0000    5    2.000   1.0000         pwOrt
 84.0000    2    2.000   1.0000         rwOrt
 86.0000    0    2.000   1.0000          NULL 
 88.0000    2    2.000   1.0000         rwOrt
 90.0000    2    2.000   1.0000         rwOrt
 92.0000    6    2.000   1.0000         pwNov
 94.0000    6    2.000   1.0000         pwNov
 96.0000    0    2.000   1.0000          NULL 
 98.0000    2    2.000   1.0000         rwOrt
100.0000    4    2.000   1.0000         pwRep
102.0000    3    2.000   1.0000         rwNov
104.0000    3    2.000   1.0000         rwNov
106.0000    6    2.000   1.0000         pwNov
108.0000    4    2.000   1.0000         pwRep
110.0000    0    2.000   1.0000          NULL 
112.0000    2    2.000   1.0000         rwOrt
114.0000    4    2.000   1.0000         pwRep
116.0000    2    2.000   1.0000         rwOrt
118.0000    1    2.000   1.0000         rwRep
120.0000    4    2.000   1.0000         pwRep
122.0000    6    2.000   1.0000         pwNov
124.0000    5    2.000   1.0000         pwOrt
126.0000    0    2.000   1.0000          NULL 
128.0000    1    2.000   1.0000         rwRep
130.0000    1    2.000   1.0000         rwRep
132.0000    4    2.000   1.0000         pwRep
134.0000    4    2.000   1.0000         pwRep
136.0000    0    2.000   1.0000          NULL 
138.0000    6    2.000   1.0000         pwNov
140.0000    0    2.000   1.0000          NULL 
142.0000    4    2.000   1.0000         pwRep
144.0000    3    2.000   1.0000         rwNov
146.0000    4    2.000   1.0000         pwRep
148.0000    5    2.000   1.0000         pwOrt
150.0000    0    4.000   1.0000          NULL 
154.0000    5    2.000   1.0000         pwOrt
156.0000    4    2.000   1.0000         pwRep
158.0000    6    2.000   1.0000         pwNov
160.0000    0    2.000   1.0000          NULL 
162.0000    3    2.000   1.0000         rwNov
164.0000    0    2.000   1.0000          NULL 
166.0000    1    2.000   1.0000         rwRep
168.0000    1    2.000   1.0000         rwRep
170.0000    2    2.000   1.0000         rwOrt
172.0000    0    6.000   1.0000          NULL 
178.0000    4    2.000   1.0000         pwRep
180.0000    1    2.000   1.0000         rwRep
182.0000    6    2.000   1.0000         pwNov
184.0000    6    2.000   1.0000         pwNov
186.0000    0    4.000   1.0000          NULL 
190.0000    4    2.000   1.0000         pwRep
192.0000    6    2.000   1.0000         pwNov
194.0000    0    2.000   1.0000          NULL 
196.0000    6    2.000   1.0000         pwNov
198.0000    6    2.000   1.0000         pwNov
200.0000    4    2.000   1.0000         pwRep
202.0000    4    2.000   1.0000         pwRep
204.0000    0    2.000   1.0000          NULL 
206.0000    2    2.000   1.0000         rwOrt
208.0000    0    6.000   1.0000          NULL 
214.0000    5    2.000   1.0000         pwOrt
216.0000    1    2.000   1.0000         rwRep
218.0000    0    2.000   1.0000          NULL 
220.0000    6    2.000   1.0000         pwNov
222.0000    5    2.000   1.0000         pwOrt
224.0000    4    2.000   1.0000         pwRep
226.0000    0    2.000   1.0000          NULL 
228.0000    4    2.000   1.0000         pwRep
230.0000    0    4.000   1.0000          NULL 
234.0000    2    2.000   1.0000         rwOrt
236.0000    6    2.000   1.0000         pwNov
238.0000    0    4.000   1.0000          NULL 
242.0000    4    2.000   1.0000         pwRep
244.0000    0    6.000   1.0000          NULL 
250.0000    1    2.000   1.0000         rwRep
252.0000    0    2.000   1.0000          NULL 
254.0000    2    2.000   1.0000         rwOrt
256.0000    5    2.000   1.0000         pwOrt
258.0000    0    2.000   1.0000          NULL 
260.0000    3    2.000   1.0000         rwNov
262.0000    0    2.000   1.0000          NULL 
264.0000    5    2.000   1.0000         pwOrt
266.0000    1    2.000   1.0000         rwRep
268.0000    3    2.000   1.0000         rwNov
270.0000    1    2.000   1.0000         rwRep
272.0000    1    2.000   1.0000         rwRep
274.0000    3    2.000   1.0000         rwNov
276.0000    5    2.000   1.0000         pwOrt
278.0000    0    2.000   1.0000          NULL 
280.0000    2    2.000   1.0000         rwOrt
282.0000    6    2.000   1.0000         pwNov
284.0000    0    2.000   1.0000          NULL 
286.0000    1    2.000   1.0000         rwRep
288.0000    0    2.000   1.0000          NULL 
290.0000    6    2.000   1.0000         pwNov
292.0000    1    2.000   1.0000         rwRep
294.0000    3    2.000   1.0000         rwNov
296.0000    2    2.000   1.0000         rwOrt
298.0000    0    2.000   1.0000          NULL 
300.0000    6    2.000   1.0000         pwNov
302.0000    0    8.000   1.0000          NULL 
310.0000    6    2.000   1.0000         pwNov
312.0000    2    2.000   1.0000         rwOrt
314.0000    5    2.000   1.0000         pwOrt
316.0000    1    2.000   1.0000         rwRep
318.0000    0    4.000   1.0000          NULL 
322.0000    3    2.000   1.0000         rwNov
324.0000    0    2.000   1.0000          NULL 
326.0000    3    2.000   1.0000         rwNov
328.0000    0    2.000   1.0000          NULL 
330.0000    5    2.000   1.0000         pwOrt
332.0000    0    4.000   1.0000          NULL 
336.0000    3    2.000   1.0000         rwNov
338.0000    3    2.000   1.0000         rwNov
340.0000    0    2.000   1.0000          NULL 
342.0000    4    2.000   1.0000         pwRep
344.0000    0    4.000   1.0000          NULL 
348.0000    2    2.000   1.0000         rwOrt
350.0000    0    2.000   1.0000          NULL 
352.0000    3    2.000   1.0000         rwNov
354.0000    5    2.000   1.0000         pwOrt
356.0000    0    2.000   1.0000          NULL 
358.0000    6    2.000   1.0000         pwNov
