  0.0000    1    2.000   1.0000         rwRep
  2.0000    0    2.000   1.0000          NULL 
  4.0000    3    2.000   1.0000         rwNov
  6.0000    4    2.000   1.0000         pwRep
  8.0000    2    2.000   1.0000         rwOrt
 10.0000    0    2.000   1.0000          NULL 
 12.0000    2    2.000   1.0000         rwOrt
 14.0000    0    2.000   1.0000          NULL 
 16.0000    2    2.000   1.0000         rwOrt
 18.0000    1    2.000   1.0000         rwRep
 20.0000    4    2.000   1.0000         pwRep
 22.0000    0    4.000   1.0000          NULL 
 26.0000    6    2.000   1.0000         pwNov
 28.0000    0    2.000   1.0000          NULL 
 30.0000    4    2.000   1.0000         pwRep
 32.0000    4    2.000   1.0000         pwRep
 34.0000    5    2.000   1.0000         pwOrt
 36.0000    1    2.000   1.0000         rwRep
 38.0000    0    2.000   1.0000          NULL 
 40.0000    6    2.000   1.0000         pwNov
 42.0000    4    2.000   1.0000         pwRep
 44.0000    6    2.000   1.0000         pwNov
 46.0000    2    2.000   1.0000         rwOrt
 48.0000    2    2.000   1.0000         rwOrt
 50.0000    3    2.000   1.0000         rwNov
 52.0000    5    2.000   1.0000         pwOrt
 54.0000    3    2.000   1.0000         rwNov
 56.0000    0    2.000   1.0000          NULL 
 58.0000    2    2.000   1.0000         rwOrt
 60.0000    2    2.000   1.0000         rwOrt
 62.0000    2    2.000   1.0000         rwOrt
 64.0000    5    2.000   1.0000         pwOrt
 66.0000    3    2.000   1.0000         rwNov
 68.0000    2    2.000   1.0000         rwOrt
 70.0000    4    2.000   1.0000         pwRep
 72.0000    5    2.000   1.0000         pwOrt
 74.0000    2    2.000   1.0000         rwOrt
 76.0000    3    2.000   1.0000         rwNov
 78.0000    0    2.000   1.0000          NULL 
 80.0000    1    2.000   1.0000         rwRep
 82.0000    3    2.000   1.0000         rwNov
 84.0000    2    2.000   1.0000         rwOrt
 86.0000    5    2.000   1.0000         pwOrt
 88.0000    0    2.000   1.0000          NULL 
 90.0000    5    2.000   1.0000         pwOrt
 92.0000    0    2.000   1.0000          NULL 
 94.0000    4    2.000   1.0000         pwRep
 96.0000    0    6.000   1.0000          NULL 
102.0000    1    2.000   1.0000         rwRep
104.0000    0    2.000   1.0000          NULL 
106.0000    5    2.000   1.0000         pwOrt
108.0000    0    4.000   1.0000          NULL 
112.0000    3    2.000   1.0000         rwNov
114.0000    6    2.000   1.0000         pwNov
116.0000    4    2.000   1.0000         pwRep
118.0000    6    2.000   1.0000         pwNov
120.0000    2    2.000   1.0000         rwOrt
122.0000    6    2.000   1.0000         pwNov
124.0000    6    2.000   1.0000         pwNov
126.0000    2    2.000   1.0000         rwOrt
128.0000    2    2.000   1.0000         rwOrt
130.0000    0    2.000   1.0000          NULL 
132.0000    1    2.000   1.0000         rwRep
134.0000    3    2.000   1.0000         rwNov
136.0000    0    2.000   1.0000          NULL 
138.0000    2    2.000   1.0000         rwOrt
140.0000    4    2.000   1.0000         pwRep
142.0000    0    4.000   1.0000          NULL 
146.0000    5    2.000   1.0000         pwOrt
148.0000    1    2.000   1.0000         rwRep
150.0000    0    4.000   1.0000          NULL 
154.0000    6    2.000   1.0000         pwNov
156.0000    0    4.000   1.0000          NULL 
160.0000    5    2.000   1.0000         pwOrt
162.0000    2    2.000   1.0000         rwOrt
164.0000    5    2.000   1.0000         pwOrt
166.0000    4    2.000   1.0000         pwRep
168.0000    6    2.000   1.0000         pwNov
170.0000    0    2.000   1.0000          NULL 
172.0000    4    2.000   1.0000         pwRep
174.0000    3    2.000   1.0000         rwNov
176.0000    3    2.000   1.0000         rwNov
178.0000    1    2.000   1.0000         rwRep
180.0000    4    2.000   1.0000         pwRep
182.0000    0    2.000   1.0000          NULL 
184.0000    4    2.000   1.0000         pwRep
186.0000    0    2.000   1.0000          NULL 
188.0000    6    2.000   1.0000         pwNov
190.0000    1    2.000   1.0000         rwRep
192.0000    0    4.000   1.0000          NULL 
196.0000    6    2.000   1.0000         pwNov
198.0000    0    4.000   1.0000          NULL 
202.0000    3    2.000   1.0000         rwNov
204.0000    5    2.000   1.0000         pwOrt
206.0000    6    2.000   1.0000         pwNov
208.0000    6    2.000   1.0000         pwNov
210.0000    0    2.000   1.0000          NULL 
212.0000    5    2.000   1.0000         pwOrt
214.0000    4    2.000   1.0000         pwRep
216.0000    0    6.000   1.0000          NULL 
222.0000    3    2.000   1.0000         rwNov
224.0000    0    2.000   1.0000          NULL 
226.0000    5    2.000   1.0000         pwOrt
228.0000    5    2.000   1.0000         pwOrt
230.0000    6    2.000   1.0000         pwNov
232.0000    0    6.000   1.0000          NULL 
238.0000    1    2.000   1.0000         rwRep
240.0000    1    2.000   1.0000         rwRep
242.0000    0    2.000   1.0000          NULL 
244.0000    5    2.000   1.0000         pwOrt
246.0000    0    2.000   1.0000          NULL 
248.0000    1    2.000   1.0000         rwRep
250.0000    2    2.000   1.0000         rwOrt
252.0000    0    4.000   1.0000          NULL 
256.0000    6    2.000   1.0000         pwNov
258.0000    4    2.000   1.0000         pwRep
260.0000    3    2.000   1.0000         rwNov
262.0000    0    2.000   1.0000          NULL 
264.0000    1    2.000   1.0000         rwRep
266.0000    2    2.000   1.0000         rwOrt
268.0000    1    2.000   1.0000         rwRep
270.0000    0    2.000   1.0000          NULL 
272.0000    4    2.000   1.0000         pwRep
274.0000    6    2.000   1.0000         pwNov
276.0000    3    2.000   1.0000         rwNov
278.0000    0    4.000   1.0000          NULL 
282.0000    5    2.000   1.0000         pwOrt
284.0000    0    2.000   1.0000          NULL 
286.0000    5    2.000   1.0000         pwOrt
288.0000    6    2.000   1.0000         pwNov
290.0000    0    2.000   1.0000          NULL 
292.0000    4    2.000   1.0000         pwRep
294.0000    0    2.000   1.0000          NULL 
296.0000    4    2.000   1.0000         pwRep
298.0000    0    2.000   1.0000          NULL 
300.0000    1    2.000   1.0000         rwRep
302.0000    3    2.000   1.0000         rwNov
304.0000    2    2.000   1.0000         rwOrt
306.0000    1    2.000   1.0000         rwRep
308.0000    3    2.000   1.0000         rwNov
310.0000    1    2.000   1.0000         rwRep
312.0000    1    2.000   1.0000         rwRep
314.0000    1    2.000   1.0000         rwRep
316.0000    5    2.000   1.0000         pwOrt
318.0000    4    2.000   1.0000         pwRep
320.0000    0    8.000   1.0000          NULL 
328.0000    5    2.000   1.0000         pwOrt
330.0000    5    2.000   1.0000         pwOrt
332.0000    1    2.000   1.0000         rwRep
334.0000    3    2.000   1.0000         rwNov
336.0000    0    2.000   1.0000          NULL 
338.0000    3    2.000   1.0000         rwNov
340.0000    6    2.000   1.0000         pwNov
342.0000    0    6.000   1.0000          NULL 
348.0000    4    2.000   1.0000         pwRep
350.0000    3    2.000   1.0000         rwNov
352.0000    6    2.000   1.0000         pwNov
354.0000    3    2.000   1.0000         rwNov
356.0000    2    2.000   1.0000         rwOrt
358.0000    6    2.000   1.0000         pwNov
