  0.0000    6    2.000   1.0000         pwNov
  2.0000    4    2.000   1.0000         pwRep
  4.0000    0    6.000   1.0000          NULL 
 10.0000    4    2.000   1.0000         pwRep
 12.0000    5    2.000   1.0000         pwOrt
 14.0000    2    2.000   1.0000         rwOrt
 16.0000    0    2.000   1.0000          NULL 
 18.0000    4    2.000   1.0000         pwRep
 20.0000    3    2.000   1.0000         rwNov
 22.0000    0    2.000   1.0000          NULL 
 24.0000    6    2.000   1.0000         pwNov
 26.0000    0    2.000   1.0000          NULL 
 28.0000    4    2.000   1.0000         pwRep
 30.0000    0    2.000   1.0000          NULL 
 32.0000    2    2.000   1.0000         rwOrt
 34.0000    0    2.000   1.0000          NULL 
 36.0000    2    2.000   1.0000         rwOrt
 38.0000    3    2.000   1.0000         rwNov
 40.0000    0    2.000   1.0000          NULL 
 42.0000    3    2.000   1.0000         rwNov
 44.0000    3    2.000   1.0000         rwNov
 46.0000    5    2.000   1.0000         pwOrt
 48.0000    2    2.000   1.0000         rwOrt
 50.0000    2    2.000   1.0000         rwOrt
 52.0000    0    2.000   1.0000          NULL 
 54.0000    1    2.000   1.0000         rwRep
 56.0000    1    2.000   1.0000         rwRep
 58.0000    2    2.000   1.0000         rwOrt
 60.0000    4    2.000   1.0000         pwRep
 62.0000    0    4.000   1.0000          NULL 
 66.0000    3    2.000   1.0000         rwNov
 68.0000    1    2.000   1.0000         rwRep
 70.0000    3    2.000   1.0000         rwNov
 72.0000    0    6.000   1.0000          NULL 
 78.0000    3    2.000   1.0000         rwNov
 80.0000    6    2.000   1.0000         pwNov
 82.0000    0    2.000   1.0000          NULL 
 84.0000    5    2.000   1.0000         pwOrt
 86.0000    3    2.000   1.0000         rwNov
 88.0000    6    2.000   1.0000         pwNov
 90.0000    6    2.000   1.0000         pwNov
 92.0000    4    2.000   1.0000         pwRep
 94.0000    0    2.000   1.0000          NULL 
 96.0000    1    2.000   1.0000         rwRep
 98.0000    5    2.000   1.0000         pwOrt
100.0000    6    2.000   1.0000         pwNov
102.0000    4    2.000   1.0000         pwRep
104.0000    5    2.000   1.0000         pwOrt
106.0000    0    2.000   1.0000          NULL 
108.0000    6    2.000   1.0000         pwNov
110.0000    1    2.000   1.0000         rwRep
112.0000    0    2.000   1.0000          NULL 
114.0000    6    2.000   1.0000         pwNov
116.0000    5    2.000   1.0000         pwOrt
118.0000    1    2.000   1.0000         rwRep
120.0000    0    4.000   1.0000          NULL 
124.0000    2    2.000   1.0000         rwOrt
126.0000    3    2.000   1.0000         rwNov
128.0000    0    4.000   1.0000          NULL 
132.0000    1    2.000   1.0000         rwRep
134.0000    0    2.000   1.0000          NULL 
136.0000    1    2.000   1.0000         rwRep
138.0000    2    2.000   1.0000         rwOrt
140.0000    0    8.000   1.0000          NULL 
148.0000    5    2.000   1.0000         pwOrt
150.0000    0    2.000   1.0000          NULL 
152.0000    2    2.000   1.0000         rwOrt
154.0000    5    2.000   1.0000         pwOrt
156.0000    5    2.000   1.0000         pwOrt
158.0000    5    2.000   1.0000         pwOrt
160.0000    0    6.000   1.0000          NULL 
166.0000    4    2.000   1.0000         pwRep
168.0000    4    2.000   1.0000         pwRep
170.0000    6    2.000   1.0000         pwNov
172.0000    1    2.000   1.0000         rwRep
174.0000    2    2.000   1.0000         rwOrt
176.0000    2    2.000   1.0000         rwOrt
178.0000    0    2.000   1.0000          NULL 
180.0000    2    2.000   1.0000         rwOrt
182.0000    4    2.000   1.0000         pwRep
184.0000    4    2.000   1.0000         pwRep
186.0000    2    2.000   1.0000         rwOrt
188.0000    1    2.000   1.0000         rwRep
190.0000    0    4.000   1.0000          NULL 
194.0000    3    2.000   1.0000         rwNov
196.0000    0    2.000   1.0000          NULL 
198.0000    1    2.000   1.0000         rwRep
200.0000    0    2.000   1.0000          NULL 
202.0000    1    2.000   1.0000         rwRep
204.0000    2    2.000   1.0000         rwOrt
206.0000    3    2.000   1.0000         rwNov
208.0000    1    2.000   1.0000         rwRep
210.0000    0    2.000   1.0000          NULL 
212.0000    2    2.000   1.0000         rwOrt
214.0000    0    2.000   1.0000          NULL 
216.0000    5    2.000   1.0000         pwOrt
218.0000    2    2.000   1.0000         rwOrt
220.0000    6    2.000   1.0000         pwNov
222.0000    0    2.000   1.0000          NULL 
224.0000    1    2.000   1.0000         rwRep
226.0000    0    2.000   1.0000          NULL 
228.0000    6    2.000   1.0000         pwNov
230.0000    4    2.000   1.0000         pwRep
232.0000    0    2.000   1.0000          NULL 
234.0000    6    2.000   1.0000         pwNov
236.0000    1    2.000   1.0000         rwRep
238.0000    3    2.000   1.0000         rwNov
240.0000    6    2.000   1.0000         pwNov
242.0000    0    2.000   1.0000          NULL 
244.0000    1    2.000   1.0000         rwRep
246.0000    6    2.000   1.0000         pwNov
248.0000    0    2.000   1.0000          NULL 
250.0000    4    2.000   1.0000         pwRep
252.0000    0    2.000   1.0000          NULL 
254.0000    4    2.000   1.0000         pwRep
256.0000    6    2.000   1.0000         pwNov
258.0000    6    2.000   1.0000         pwNov
260.0000    2    2.000   1.0000         rwOrt
262.0000    5    2.000   1.0000         pwOrt
264.0000    3    2.000   1.0000         rwNov
266.0000    5    2.000   1.0000         pwOrt
268.0000    0    2.000   1.0000          NULL 
270.0000    3    2.000   1.0000         rwNov
272.0000    4    2.000   1.0000         pwRep
274.0000    2    2.000   1.0000         rwOrt
276.0000    1    2.000   1.0000         rwRep
278.0000    5    2.000   1.0000         pwOrt
280.0000    5    2.000   1.0000         pwOrt
282.0000    6    2.000   1.0000         pwNov
284.0000    0    4.000   1.0000          NULL 
288.0000    6    2.000   1.0000         pwNov
290.0000    0    2.000   1.0000          NULL 
292.0000    3    2.000   1.0000         rwNov
294.0000    6    2.000   1.0000         pwNov
296.0000    4    2.000   1.0000         pwRep
298.0000    3    2.000   1.0000         rwNov
300.0000    0    6.000   1.0000          NULL 
306.0000    1    2.000   1.0000         rwRep
308.0000    4    2.000   1.0000         pwRep
310.0000    5    2.000   1.0000         pwOrt
312.0000    0    2.000   1.0000          NULL 
314.0000    5    2.000   1.0000         pwOrt
316.0000    3    2.000   1.0000         rwNov
318.0000    0    2.000   1.0000          NULL 
320.0000    5    2.000   1.0000         pwOrt
322.0000    0    4.000   1.0000          NULL 
326.0000    5    2.000   1.0000         pwOrt
328.0000    3    2.000   1.0000         rwNov
330.0000    0    2.000   1.0000          NULL 
332.0000    1    2.000   1.0000         rwRep
334.0000    5    2.000   1.0000         pwOrt
336.0000    4    2.000   1.0000         pwRep
338.0000    4    2.000   1.0000         pwRep
340.0000    4    2.000   1.0000         pwRep
342.0000    3    2.000   1.0000         rwNov
344.0000    3    2.000   1.0000         rwNov
346.0000    0    4.000   1.0000          NULL 
350.0000    1    2.000   1.0000         rwRep
352.0000    2    2.000   1.0000         rwOrt
354.0000    2    2.000   1.0000         rwOrt
356.0000    0    2.000   1.0000          NULL 
358.0000    6    2.000   1.0000         pwNov
