  0.0000    3    2.000   1.0000         rwNov
  2.0000    4    2.000   1.0000         pwRep
  4.0000    6    2.000   1.0000         pwNov
  6.0000    5    2.000   1.0000         pwOrt
  8.0000    0    4.000   1.0000          NULL 
 12.0000    4    2.000   1.0000         pwRep
 14.0000    0    2.000   1.0000          NULL 
 16.0000    5    2.000   1.0000         pwOrt
 18.0000    0    4.000   1.0000          NULL 
 22.0000    2    2.000   1.0000         rwOrt
 24.0000    1    2.000   1.0000         rwRep
 26.0000    0    4.000   1.0000          NULL 
 30.0000    2    2.000   1.0000         rwOrt
 32.0000    0    2.000   1.0000          NULL 
 34.0000    2    2.000   1.0000         rwOrt
 36.0000    0    4.000   1.0000          NULL 
 40.0000    2    2.000   1.0000         rwOrt
 42.0000    4    2.000   1.0000         pwRep
 44.0000    2    2.000   1.0000         rwOrt
 46.0000    5    2.000   1.0000         pwOrt
 48.0000    3    2.000   1.0000         rwNov
 50.0000    2    2.000   1.0000         rwOrt
 52.0000    1    2.000   1.0000         rwRep
 54.0000    0    4.000   1.0000          NULL 
 58.0000    4    2.000   1.0000         pwRep
 60.0000    0    2.000   1.0000          NULL 
 62.0000    4    2.000   1.0000         pwRep
 64.0000    1    2.000   1.0000         rwRep
 66.0000    3    2.000   1.0000         rwNov
 68.0000    0    2.000   1.0000          NULL 
 70.0000    1    2.000   1.0000         rwRep
 72.0000    6    2.000   1.0000         pwNov
 74.0000    3    2.000   1.0000         rwNov
 76.0000    0    2.000   1.0000          NULL 
 78.0000    5    2.000   1.0000         pwOrt
 80.0000    0    4.000   1.0000          NULL 
 84.0000    2    2.000   1.0000         rwOrt
 86.0000    4    2.000   1.0000         pwRep
 88.0000    4    2.000   1.0000         pwRep
 90.0000    0    2.000   1.0000          NULL 
 92.0000    2    2.000   1.0000         rwOrt
 94.0000    4    2.000   1.0000         pwRep
 96.0000    6    2.000   1.0000         pwNov
 98.0000    3    2.000   1.0000         rwNov
100.0000    1    2.000   1.0000         rwRep
102.0000    0    2.000   1.0000          NULL 
104.0000    6    2.000   1.0000         pwNov
106.0000    0    2.000   1.0000          NULL 
108.0000    3    2.000   1.0000         rwNov
110.0000    2    2.000   1.0000         rwOrt
112.0000    4    2.000   1.0000         pwRep
114.0000    1    2.000   1.0000         rwRep
116.0000    2    2.000   1.0000         rwOrt
118.0000    5    2.000   1.0000         pwOrt
120.0000    4    2.000   1.0000         pwRep
122.0000    1    2.000   1.0000         rwRep
124.0000    5    2.000   1.0000         pwOrt
126.0000    1    2.000   1.0000         rwRep
128.0000    0    2.000   1.0000          NULL 
130.0000    2    2.000   1.0000         rwOrt
132.0000    0    2.000   1.0000          NULL 
134.0000    1    2.000   1.0000         rwRep
136.0000    2    2.000   1.0000         rwOrt
138.0000    6    2.000   1.0000         pwNov
140.0000    1    2.000   1.0000         rwRep
142.0000    5    2.000   1.0000         pwOrt
144.0000    0    2.000   1.0000          NULL 
146.0000    3    2.000   1.0000         rwNov
148.0000    0    4.000   1.0000          NULL 
152.0000    5    2.000   1.0000         pwOrt
154.0000    0    2.000   1.0000          NULL 
156.0000    1    2.000   1.0000         rwRep
158.0000    0    2.000   1.0000          NULL 
160.0000    1    2.000   1.0000         rwRep
162.0000    3    2.000   1.0000         rwNov
164.0000    6    2.000   1.0000         pwNov
166.0000    4    2.000   1.0000         pwRep
168.0000    0    2.000   1.0000          NULL 
170.0000    5    2.000   1.0000         pwOrt
172.0000    0    2.000   1.0000          NULL 
174.0000    4    2.000   1.0000         pwRep
176.0000    2    2.000   1.0000         rwOrt
178.0000    2    2.000   1.0000         rwOrt
180.0000    0    2.000   1.0000          NULL 
182.0000    5    2.000   1.0000         pwOrt
184.0000    6    2.000   1.0000         pwNov
186.0000    3    2.000   1.0000         rwNov
188.0000    1    2.000   1.0000         rwRep
190.0000    0    2.000   1.0000          NULL 
192.0000    4    2.000   1.0000         pwRep
194.0000    0    2.000   1.0000          NULL 
196.0000    4    2.000   1.0000         pwRep
198.0000    0    4.000   1.0000          NULL 
202.0000    6    2.000   1.0000         pwNov
204.0000    6    2.000   1.0000         pwNov
206.0000    0    4.000   1.0000          NULL 
210.0000    5    2.000   1.0000         pwOrt
212.0000    6    2.000   1.0000         pwNov
214.0000    5    2.000   1.0000         pwOrt
216.0000    1    2.000   1.0000         rwRep
218.0000    0    2.000   1.0000          NULL 
220.0000    3    2.000   1.0000         rwNov
222.0000    5    2.000   1.0000         pwOrt
224.0000    3    2.000   1.0000         rwNov
226.0000    4    2.000   1.0000         pwRep
228.0000    4    2.000   1.0000         pwRep
230.0000    3    2.000   1.0000         rwNov
232.0000    0    2.000   1.0000          NULL 
234.0000    2    2.000   1.0000         rwOrt
236.0000    0    2.000   1.0000          NULL 
238.0000    5    2.000   1.0000         pwOrt
240.0000    6    2.000   1.0000         pwNov
242.0000    0    2.000   1.0000          NULL 
244.0000    6    2.000   1.0000         pwNov
246.0000    2    2.000   1.0000         rwOrt
248.0000    0    2.000   1.0000          NULL 
250.0000    3    2.000   1.0000         rwNov
252.0000    6    2.000   1.0000         pwNov
254.0000    3    2.000   1.0000         rwNov
256.0000    3    2.000   1.0000         rwNov
258.0000    0    4.000   1.0000          NULL 
262.0000    3    2.000   1.0000         rwNov
264.0000    5    2.000   1.0000         pwOrt
266.0000    2    2.000   1.0000         rwOrt
268.0000    0    2.000   1.0000          NULL 
270.0000    1    2.000   1.0000         rwRep
272.0000    0    2.000   1.0000          NULL 
274.0000    6    2.000   1.0000         pwNov
276.0000    6    2.000   1.0000         pwNov
278.0000    0    2.000   1.0000          NULL 
280.0000    3    2.000   1.0000         rwNov
282.0000    6    2.000   1.0000         pwNov
284.0000    4    2.000   1.0000         pwRep
286.0000    0    4.000   1.0000          NULL 
290.0000    5    2.000   1.0000         pwOrt
292.0000    0    2.000   1.0000          NULL 
294.0000    4    2.000   1.0000         pwRep
296.0000    0    2.000   1.0000          NULL 
298.0000    5    2.000   1.0000         pwOrt
300.0000    6    2.000   1.0000         pwNov
302.0000    0    2.000   1.0000          NULL 
304.0000    6    2.000   1.0000         pwNov
306.0000    0    2.000   1.0000          NULL 
308.0000    5    2.000   1.0000         pwOrt
310.0000    1    2.000   1.0000         rwRep
312.0000    0    6.000   1.0000          NULL 
318.0000    3    2.000   1.0000         rwNov
320.0000    1    2.000   1.0000         rwRep
322.0000    0    2.000   1.0000          NULL 
324.0000    1    2.000   1.0000         rwRep
326.0000    2    2.000   1.0000         rwOrt
328.0000    6    2.000   1.0000         pwNov
330.0000    5    2.000   1.0000         pwOrt
332.0000    0    4.000   1.0000          NULL 
336.0000    1    2.000   1.0000         rwRep
338.0000    4    2.000   1.0000         pwRep
340.0000    2    2.000   1.0000         rwOrt
342.0000    6    2.000   1.0000         pwNov
344.0000    4    2.000   1.0000         pwRep
346.0000    1    2.000   1.0000         rwRep
348.0000    0    2.000   1.0000          NULL 
350.0000    2    2.000   1.0000         rwOrt
352.0000    5    2.000   1.0000         pwOrt
354.0000    3    2.000   1.0000         rwNov
356.0000    3    2.000   1.0000         rwNov
358.0000    0    2.000   1.0000          NULL 
