  0.0000    2    2.000   1.0000         rwOrt
  2.0000    4    2.000   1.0000         pwRep
  4.0000    2    2.000   1.0000         rwOrt
  6.0000    0    2.000   1.0000          NULL 
  8.0000    3    2.000   1.0000         rwNov
 10.0000    2    2.000   1.0000         rwOrt
 12.0000    0    2.000   1.0000          NULL 
 14.0000    4    2.000   1.0000         pwRep
 16.0000    0    2.000   1.0000          NULL 
 18.0000    4    2.000   1.0000         pwRep
 20.0000    6    2.000   1.0000         pwNov
 22.0000    6    2.000   1.0000         pwNov
 24.0000    3    2.000   1.0000         rwNov
 26.0000    2    2.000   1.0000         rwOrt
 28.0000    2    2.000   1.0000         rwOrt
 30.0000    0    4.000   1.0000          NULL 
 34.0000    6    2.000   1.0000         pwNov
 36.0000    0    4.000   1.0000          NULL 
 40.0000    6    2.000   1.0000         pwNov
 42.0000    1    2.000   1.0000         rwRep
 44.0000    2    2.000   1.0000         rwOrt
 46.0000    3    2.000   1.0000         rwNov
 48.0000    5    2.000   1.0000         pwOrt
 50.0000    2    2.000   1.0000         rwOrt
 52.0000    0    8.000   1.0000          NULL 
 60.0000    2    2.000   1.0000         rwOrt
 62.0000    0    4.000   1.0000          NULL 
 66.0000    3    2.000   1.0000         rwNov
 68.0000    4    2.000   1.0000         pwRep
 70.0000    5    2.000   1.0000         pwOrt
 72.0000    0    4.000   1.0000          NULL 
 76.0000    1    2.000   1.0000         rwRep
 78.0000    5    2.000   1.0000         pwOrt
 80.0000    4    2.000   1.0000         pwRep
 82.0000    3    2.000   1.0000         rwNov
 84.0000    0    2.000   1.0000          NULL 
 86.0000    6    2.000   1.0000         pwNov
 88.0000    3    2.000   1.0000         rwNov
 90.0000    3    2.000   1.0000         rwNov
 92.0000    0    2.000   1.0000          NULL 
 94.0000    1    2.000   1.0000         rwRep
 96.0000    2    2.000   1.0000         rwOrt
 98.0000    3    2.000   1.0000         rwNov
100.0000    1    2.000   1.0000         rwRep
102.0000    5    2.000   1.0000         pwOrt
104.0000    0    2.000   1.0000          NULL 
106.0000    5    2.000   1.0000         pwOrt
108.0000    5    2.000   1.0000         pwOrt
110.0000    4    2.000   1.0000         pwRep
112.0000    4    2.000   1.0000         pwRep
114.0000    0    2.000   1.0000          NULL 
116.0000    3    2.000   1.0000         rwNov
118.0000    0    4.000   1.0000          NULL 
122.0000    3    2.000   1.0000         rwNov
124.0000    3    2.000   1.0000         rwNov
126.0000    6    2.000   1.0000         pwNov
128.0000    2    2.000   1.0000         rwOrt
130.0000    4    2.000   1.0000         pwRep
132.0000    1    2.000   1.0000         rwRep
134.0000    0    2.000   1.0000          NULL 
136.0000    2    2.000   1.0000         rwOrt
138.0000    5    2.000   1.0000         pwOrt
140.0000    0    2.000   1.0000          NULL 
142.0000    2    2.000   1.0000         rwOrt
144.0000    2    2.000   1.0000         rwOrt
146.0000    0    2.000   1.0000          NULL 
148.0000    4    2.000   1.0000         pwRep
150.0000    1    2.000   1.0000         rwRep
152.0000    1    2.000   1.0000         rwRep
154.0000    0    6.000   1.0000          NULL 
160.0000    3    2.000   1.0000         rwNov
162.0000    1    2.000   1.0000         rwRep
164.0000    2    2.000   1.0000         rwOrt
166.0000    5    2.000   1.0000         pwOrt
168.0000    1    2.000   1.0000         rwRep
170.0000    0    2.000   1.0000          NULL 
172.0000    3    2.000   1.0000         rwNov
174.0000    3    2.000   1.0000         rwNov
176.0000    1    2.000   1.0000         rwRep
178.0000    2    2.000   1.0000         rwOrt
180.0000    6    2.000   1.0000         pwNov
182.0000    0    2.000   1.0000          NULL 
184.0000    4    2.000   1.0000         pwRep
186.0000    0    2.000   1.0000          NULL 
188.0000    5    2.000   1.0000         pwOrt
190.0000    2    2.000   1.0000         rwOrt
192.0000    0    2.000   1.0000          NULL 
194.0000    1    2.000   1.0000         rwRep
196.0000    4    2.000   1.0000         pwRep
198.0000    5    2.000   1.0000         pwOrt
200.0000    0    6.000   1.0000          NULL 
206.0000    4    2.000   1.0000         pwRep
208.0000    0    4.000   1.0000          NULL 
212.0000    5    2.000   1.0000         pwOrt
214.0000    3    2.000   1.0000         rwNov
216.0000    3    2.000   1.0000         rwNov
218.0000    4    2.000   1.0000         pwRep
220.0000    2    2.000   1.0000         rwOrt
222.0000    0    2.000   1.0000          NULL 
224.0000    6    2.000   1.0000         pwNov
226.0000    6    2.000   1.0000         pwNov
228.0000    4    2.000   1.0000         pwRep
230.0000    1    2.000   1.0000         rwRep
232.0000    6    2.000   1.0000         pwNov
234.0000    0    2.000   1.0000          NULL 
236.0000    5    2.000   1.0000         pwOrt
238.0000    3    2.000   1.0000         rwNov
240.0000    0    4.000   1.0000          NULL 
244.0000    4    2.000   1.0000         pwRep
246.0000    3    2.000   1.0000         rwNov
248.0000    5    2.000   1.0000         pwOrt
250.0000    0    2.000   1.0000          NULL 
252.0000    5    2.000   1.0000         pwOrt
254.0000    4    2.000   1.0000         pwRep
256.0000    1    2.000   1.0000         rwRep
258.0000    1    2.000   1.0000         rwRep
260.0000    0    2.000   1.0000          NULL 
262.0000    5    2.000   1.0000         pwOrt
264.0000    5    2.000   1.0000         pwOrt
266.0000    1    2.000   1.0000         rwRep
268.0000    4    2.000   1.0000         pwRep
270.0000    1    2.000   1.0000         rwRep
272.0000    0    2.000   1.0000          NULL 
274.0000    5    2.000   1.0000         pwOrt
276.0000    6    2.000   1.0000         pwNov
278.0000    0    2.000   1.0000          NULL 
280.0000    1    2.000   1.0000         rwRep
282.0000    6    2.000   1.0000         pwNov
284.0000    6    2.000   1.0000         pwNov
286.0000    4    2.000   1.0000         pwRep
288.0000    0    6.000   1.0000          NULL 
294.0000    2    2.000   1.0000         rwOrt
296.0000    0    6.000   1.0000          NULL 
302.0000    1    2.000   1.0000         rwRep
304.0000    0    4.000   1.0000          NULL 
308.0000    6    2.000   1.0000         pwNov
310.0000    4    2.000   1.0000         pwRep
312.0000    0    2.000   1.0000          NULL 
314.0000    2    2.000   1.0000         rwOrt
316.0000    0    2.000   1.0000          NULL 
318.0000    3    2.000   1.0000         rwNov
320.0000    0    2.000   1.0000          NULL 
322.0000    6    2.000   1.0000         pwNov
324.0000    0    2.000   1.0000          NULL 
326.0000    1    2.000   1.0000         rwRep
328.0000    5    2.000   1.0000         pwOrt
330.0000    6    2.000   1.0000         pwNov
332.0000    5    2.000   1.0000         pwOrt
334.0000    0    2.000   1.0000          NULL 
336.0000    6    2.000   1.0000         pwNov
338.0000    0    2.000   1.0000          NULL 
340.0000    6    2.000   1.0000         pwNov
342.0000    5    2.000   1.0000         pwOrt
344.0000    0    2.000   1.0000          NULL 
346.0000    6    2.000   1.0000         pwNov
348.0000    6    2.000   1.0000         pwNov
350.0000    2    2.000   1.0000         rwOrt
352.0000    3    2.000   1.0000         rwNov
354.0000    4    2.000   1.0000         pwRep
356.0000    0    2.000   1.0000          NULL 
358.0000    1    2.000   1.0000         rwRep
