  0.0000    4    2.000   1.0000         pwRep
  2.0000    2    2.000   1.0000         rwOrt
  4.0000    0    2.000   1.0000          NULL 
  6.0000    6    2.000   1.0000         pwNov
  8.0000    1    2.000   1.0000         rwRep
 10.0000    2    2.000   1.0000         rwOrt
 12.0000    1    2.000   1.0000         rwRep
 14.0000    0    2.000   1.0000          NULL 
 16.0000    1    2.000   1.0000         rwRep
 18.0000    4    2.000   1.0000         pwRep
 20.0000    2    2.000   1.0000         rwOrt
 22.0000    1    2.000   1.0000         rwRep
 24.0000    3    2.000   1.0000         rwNov
 26.0000    0    2.000   1.0000          NULL 
 28.0000    2    2.000   1.0000         rwOrt
 30.0000    0    2.000   1.0000          NULL 
 32.0000    2    2.000   1.0000         rwOrt
 34.0000    6    2.000   1.0000         pwNov
 36.0000    1    2.000   1.0000         rwRep
 38.0000    0    2.000   1.0000          NULL 
 40.0000    6    2.000   1.0000         pwNov
 42.0000    0    2.000   1.0000          NULL 
 44.0000    2    2.000   1.0000         rwOrt
 46.0000    6    2.000   1.0000         pwNov
 48.0000    2    2.000   1.0000         rwOrt
 50.0000    5    2.000   1.0000         pwOrt
 52.0000    0    2.000   1.0000          NULL 
 54.0000    1    2.000   1.0000         rwRep
 56.0000    3    2.000   1.0000         rwNov
 58.0000    3    2.000   1.0000         rwNov
 60.0000    5    2.000   1.0000         pwOrt
 62.0000    4    2.000   1.0000         pwRep
 64.0000    3    2.000   1.0000         rwNov
 66.0000    5    2.000   1.0000         pwOrt
 68.0000    1    2.000   1.0000         rwRep
 70.0000    2    2.000   1.0000         rwOrt
 72.0000    4    2.000   1.0000         pwRep
 74.0000    3    2.000   1.0000         rwNov
 76.0000    4    2.000   1.0000         pwRep
 78.0000    0    2.000   1.0000          NULL 
 80.0000    2    2.000   1.0000         rwOrt
 82.0000    0    2.000   1.0000          NULL 
 84.0000    1    2.000   1.0000         rwRep
 86.0000    2    2.000   1.0000         rwOrt
 88.0000    3    2.000   1.0000         rwNov
 90.0000    0    4.000   1.0000          NULL 
 94.0000    3    2.000   1.0000         rwNov
 96.0000    1    2.000   1.0000         rwRep
 98.0000    5    2.000   1.0000         pwOrt
100.0000    5    2.000   1.0000         pwOrt
102.0000    0    6.000   1.0000          NULL 
108.0000    5    2.000   1.0000         pwOrt
110.0000    3    2.000   1.0000         rwNov
112.0000    6    2.000   1.0000         pwNov
114.0000    4    2.000   1.0000         pwRep
116.0000    6    2.000   1.0000         pwNov
118.0000    3    2.000   1.0000         rwNov
120.0000    2    2.000   1.0000         rwOrt
122.0000    0    2.000   1.0000          NULL 
124.0000    3    2.000   1.0000         rwNov
126.0000    0    2.000   1.0000          NULL 
128.0000    3    2.000   1.0000         rwNov
130.0000    4    2.000   1.0000         pwRep
132.0000    4    2.000   1.0000         pwRep
134.0000    4    2.000   1.0000         pwRep
136.0000    0    4.000   1.0000          NULL 
140.0000    5    2.000   1.0000         pwOrt
142.0000    0    4.000   1.0000          NULL 
146.0000    5    2.000   1.0000         pwOrt
148.0000    0    6.000   1.0000          NULL 
154.0000    1    2.000   1.0000         rwRep
156.0000    0    2.000   1.0000          NULL 
158.0000    1    2.000   1.0000         rwRep
160.0000    3    2.000   1.0000         rwNov
162.0000    0    2.000   1.0000          NULL 
164.0000    4    2.000   1.0000         pwRep
166.0000    4    2.000   1.0000         pwRep
168.0000    6    2.000   1.0000         pwNov
170.0000    5    2.000   1.0000         pwOrt
172.0000    0    8.000   1.0000          NULL 
180.0000    3    2.000   1.0000         rwNov
182.0000    3    2.000   1.0000         rwNov
184.0000    1    2.000   1.0000         rwRep
186.0000    5    2.000   1.0000         pwOrt
188.0000    5    2.000   1.0000         pwOrt
190.0000    4    2.000   1.0000         pwRep
192.0000    5    2.000   1.0000         pwOrt
194.0000    0    2.000   1.0000          NULL 
196.0000    2    2.000   1.0000         rwOrt
198.0000    6    2.000   1.0000         pwNov
200.0000    0    2.000   1.0000          NULL 
202.0000    6    2.000   1.0000         pwNov
204.0000    6    2.000   1.0000         pwNov
206.0000    4    2.000   1.0000         pwRep
208.0000    0    4.000   1.0000          NULL 
212.0000    4    2.000   1.0000         pwRep
214.0000    6    2.000   1.0000         pwNov
216.0000    0    2.000   1.0000          NULL 
218.0000    5    2.000   1.0000         pwOrt
220.0000    0    4.000   1.0000          NULL 
224.0000    2    2.000   1.0000         rwOrt
226.0000    0    2.000   1.0000          NULL 
228.0000    5    2.000   1.0000         pwOrt
230.0000    2    2.000   1.0000         rwOrt
232.0000    5    2.000   1.0000         pwOrt
234.0000    6    2.000   1.0000         pwNov
236.0000    0    4.000   1.0000          NULL 
240.0000    6    2.000   1.0000         pwNov
242.0000    1    2.000   1.0000         rwRep
244.0000    5    2.000   1.0000         pwOrt
246.0000    5    2.000   1.0000         pwOrt
248.0000    0    2.000   1.0000          NULL 
250.0000    2    2.000   1.0000         rwOrt
252.0000    1    2.000   1.0000         rwRep
254.0000    0    2.000   1.0000          NULL 
256.0000    4    2.000   1.0000         pwRep
258.0000    6    2.000   1.0000         pwNov
260.0000    0    2.000   1.0000          NULL 
262.0000    4    2.000   1.0000         pwRep
264.0000    1    2.000   1.0000         rwRep
266.0000    6    2.000   1.0000         pwNov
268.0000    3    2.000   1.0000         rwNov
270.0000    6    2.000   1.0000         pwNov
272.0000    6    2.000   1.0000         pwNov
274.0000    0    4.000   1.0000          NULL 
278.0000    2    2.000   1.0000         rwOrt
280.0000    6    2.000   1.0000         pwNov
282.0000    6    2.000   1.0000         pwNov
284.0000    0    2.000   1.0000          NULL 
286.0000    5    2.000   1.0000         pwOrt
288.0000    2    2.000   1.0000         rwOrt
290.0000    0    4.000   1.0000          NULL 
294.0000    5    2.000   1.0000         pwOrt
296.0000    0    2.000   1.0000          NULL 
298.0000    3    2.000   1.0000         rwNov
300.0000    3    2.000   1.0000         rwNov
302.0000    0    2.000   1.0000          NULL 
304.0000    1    2.000   1.0000         rwRep
306.0000    0    4.000   1.0000          NULL 
310.0000    3    2.000   1.0000         rwNov
312.0000    0    4.000   1.0000          NULL 
316.0000    1    2.000   1.0000         rwRep
318.0000    1    2.000   1.0000         rwRep
320.0000    5    2.000   1.0000         pwOrt
322.0000    3    2.000   1.0000         rwNov
324.0000    4    2.000   1.0000         pwRep
326.0000    1    2.000   1.0000         rwRep
328.0000    2    2.000   1.0000         rwOrt
330.0000    4    2.000   1.0000         pwRep
332.0000    0    2.000   1.0000          NULL 
334.0000    2    2.000   1.0000         rwOrt
336.0000    4    2.000   1.0000         pwRep
338.0000    0    2.000   1.0000          NULL 
340.0000    3    2.000   1.0000         rwNov
342.0000    2    2.000   1.0000         rwOrt
344.0000    0    2.000   1.0000          NULL 
346.0000    4    2.000   1.0000         pwRep
348.0000    0    4.000   1.0000          NULL 
352.0000    1    2.000   1.0000         rwRep
354.0000    0    4.000   1.0000          NULL 
358.0000    6    2.000   1.0000         pwNov
