  0.0000    1    2.000   1.0000         rwRep
  2.0000    2    2.000   1.0000         rwOrt
  4.0000    4    2.000   1.0000         pwRep
  6.0000    6    2.000   1.0000         pwNov
  8.0000    2    2.000   1.0000         rwOrt
 10.0000    2    2.000   1.0000         rwOrt
 12.0000    4    2.000   1.0000         pwRep
 14.0000    0    2.000   1.0000          NULL 
 16.0000    6    2.000   1.0000         pwNov
 18.0000    3    2.000   1.0000         rwNov
 20.0000    1    2.000   1.0000         rwRep
 22.0000    1    2.000   1.0000         rwRep
 24.0000    5    2.000   1.0000         pwOrt
 26.0000    2    2.000   1.0000         rwOrt
 28.0000    0    2.000   1.0000          NULL 
 30.0000    1    2.000   1.0000         rwRep
 32.0000    6    2.000   1.0000         pwNov
 34.0000    0    2.000   1.0000          NULL 
 36.0000    4    2.000   1.0000         pwRep
 38.0000    1    2.000   1.0000         rwRep
 40.0000    6    2.000   1.0000         pwNov
 42.0000    2    2.000   1.0000         rwOrt
 44.0000    0    2.000   1.0000          NULL 
 46.0000    5    2.000   1.0000         pwOrt
 48.0000    2    2.000   1.0000         rwOrt
 50.0000    0    2.000   1.0000          NULL 
 52.0000    3    2.000   1.0000         rwNov
 54.0000    4    2.000   1.0000         pwRep
 56.0000    2    2.000   1.0000         rwOrt
 58.0000    5    2.000   1.0000         pwOrt
 60.0000    3    2.000   1.0000         rwNov
 62.0000    0    2.000   1.0000          NULL 
 64.0000    6    2.000   1.0000         pwNov
 66.0000    4    2.000   1.0000         pwRep
 68.0000    2    2.000   1.0000         rwOrt
 70.0000    1    2.000   1.0000         rwRep
 72.0000    0    4.000   1.0000          NULL 
 76.0000    1    2.000   1.0000         rwRep
 78.0000    0    2.000   1.0000          NULL 
 80.0000    3    2.000   1.0000         rwNov
 82.0000    0    2.000   1.0000          NULL 
 84.0000    1    2.000   1.0000         rwRep
 86.0000    0    2.000   1.0000          NULL 
 88.0000    4    2.000   1.0000         pwRep
 90.0000    0    2.000   1.0000          NULL 
 92.0000    5    2.000   1.0000         pwOrt
 94.0000    0    4.000   1.0000          NULL 
 98.0000    5    2.000   1.0000         pwOrt
100.0000    2    2.000   1.0000         rwOrt
102.0000    0    4.000   1.0000          NULL 
106.0000    3    2.000   1.0000         rwNov
108.0000    3    2.000   1.0000         rwNov
110.0000    0    4.000   1.0000          NULL 
114.0000    3    2.000   1.0000         rwNov
116.0000    1    2.000   1.0000         rwRep
118.0000    3    2.000   1.0000         rwNov
120.0000    0    4.000   1.0000          NULL 
124.0000    3    2.000   1.0000         rwNov
126.0000    5    2.000   1.0000         pwOrt
128.0000    0    2.000   1.0000          NULL 
130.0000    5    2.000   1.0000         pwOrt
132.0000    6    2.000   1.0000         pwNov
134.0000    4    2.000   1.0000         pwRep
136.0000    0    2.000   1.0000          NULL 
138.0000    4    2.000   1.0000         pwRep
140.0000    0    2.000   1.0000          NULL 
142.0000    3    2.000   1.0000         rwNov
144.0000    4    2.000   1.0000         pwRep
146.0000    0    2.000   1.0000          NULL 
148.0000    5    2.000   1.0000         pwOrt
150.0000    0    2.000   1.0000          NULL 
152.0000    4    2.000   1.0000         pwRep
154.0000    5    2.000   1.0000         pwOrt
156.0000    5    2.000   1.0000         pwOrt
158.0000    5    2.000   1.0000         pwOrt
160.0000    0    4.000   1.0000          NULL 
164.0000    2    2.000   1.0000         rwOrt
166.0000    2    2.000   1.0000         rwOrt
168.0000    1    2.000   1.0000         rwRep
170.0000    3    2.000   1.0000         rwNov
172.0000    6    2.000   1.0000         pwNov
174.0000    2    2.000   1.0000         rwOrt
176.0000    0    2.000   1.0000          NULL 
178.0000    5    2.000   1.0000         pwOrt
180.0000    0    2.000   1.0000          NULL 
182.0000    2    2.000   1.0000         rwOrt
184.0000    6    2.000   1.0000         pwNov
186.0000    0    2.000   1.0000          NULL 
188.0000    3    2.000   1.0000         rwNov
190.0000    2    2.000   1.0000         rwOrt
192.0000    5    2.000   1.0000         pwOrt
194.0000    0    2.000   1.0000          NULL 
196.0000    3    2.000   1.0000         rwNov
198.0000    0    4.000   1.0000          NULL 
202.0000    3    2.000   1.0000         rwNov
204.0000    6    2.000   1.0000         pwNov
206.0000    0    2.000   1.0000          NULL 
208.0000    1    2.000   1.0000         rwRep
210.0000    0    4.000   1.0000          NULL 
214.0000    4    2.000   1.0000         pwRep
216.0000    6    2.000   1.0000         pwNov
218.0000    6    2.000   1.0000         pwNov
220.0000    2    2.000   1.0000         rwOrt
222.0000    4    2.000   1.0000         pwRep
224.0000    0    2.000   1.0000          NULL 
226.0000    4    2.000   1.0000         pwRep
228.0000    1    2.000   1.0000         rwRep
230.0000    3    2.000   1.0000         rwNov
232.0000    0    2.000   1.0000          NULL 
234.0000    6    2.000   1.0000         pwNov
236.0000    5    2.000   1.0000         pwOrt
238.0000    0    2.000   1.0000          NULL 
240.0000    3    2.000   1.0000         rwNov
242.0000    0    2.000   1.0000          NULL 
244.0000    1    2.000   1.0000         rwRep
246.0000    2    2.000   1.0000         rwOrt
248.0000    0    2.000   1.0000          NULL 
250.0000    5    2.000   1.0000         pwOrt
252.0000    4    2.000   1.0000         pwRep
254.0000    0    2.000   1.0000          NULL 
256.0000    1    2.000   1.0000         rwRep
258.0000    5    2.000   1.0000         pwOrt
260.0000    1    2.000   1.0000         rwRep
262.0000    6    2.000   1.0000         pwNov
264.0000    2    2.000   1.0000         rwOrt
266.0000    5    2.000   1.0000         pwOrt
268.0000    6    2.000   1.0000         pwNov
270.0000    0    2.000   1.0000          NULL 
272.0000    5    2.000   1.0000         pwOrt
274.0000    2    2.000   1.0000         rwOrt
276.0000    4    2.000   1.0000         pwRep
278.0000    0    4.000   1.0000          NULL 
282.0000    1    2.000   1.0000         rwRep
284.0000    0    4.000   1.0000          NULL 
288.0000    4    2.000   1.0000         pwRep
290.0000    1    2.000   1.0000         rwRep
292.0000    0    4.000   1.0000          NULL 
296.0000    2    2.000   1.0000         rwOrt
298.0000    6    2.000   1.0000         pwNov
300.0000    5    2.000   1.0000         pwOrt
302.0000    3    2.000   1.0000         rwNov
304.0000    4    2.000   1.0000         pwRep
306.0000    0    4.000   1.0000          NULL 
310.0000    4    2.000   1.0000         pwRep
312.0000    4    2.000   1.0000         pwRep
314.0000    0    2.000   1.0000          NULL 
316.0000    1    2.000   1.0000         rwRep
318.0000    0    2.000   1.0000          NULL 
320.0000    3    2.000   1.0000         rwNov
322.0000    2    2.000   1.0000         rwOrt
324.0000    0    4.000   1.0000          NULL 
328.0000    6    2.000   1.0000         pwNov
330.0000    0    4.000   1.0000          NULL 
334.0000    6    2.000   1.0000         pwNov
336.0000    3    2.000   1.0000         rwNov
338.0000    5    2.000   1.0000         pwOrt
340.0000    6    2.000   1.0000         pwNov
342.0000    6    2.000   1.0000         pwNov
344.0000    1    2.000   1.0000         rwRep
346.0000    6    2.000   1.0000         pwNov
348.0000    0    6.000   1.0000          NULL 
354.0000    3    2.000   1.0000         rwNov
356.0000    1    2.000   1.0000         rwRep
358.0000    4    2.000   1.0000         pwRep
