  0.0000    3    2.000   1.0000         rwNov
  2.0000    3    2.000   1.0000         rwNov
  4.0000    5    2.000   1.0000         pwOrt
  6.0000    3    2.000   1.0000         rwNov
  8.0000    0    2.000   1.0000          NULL 
 10.0000    5    2.000   1.0000         pwOrt
 12.0000    0    2.000   1.0000          NULL 
 14.0000    3    2.000   1.0000         rwNov
 16.0000    0    6.000   1.0000          NULL 
 22.0000    1    2.000   1.0000         rwRep
 24.0000    0    4.000   1.0000          NULL 
 28.0000    1    2.000   1.0000         rwRep
 30.0000    3    2.000   1.0000         rwNov
 32.0000    2    2.000   1.0000         rwOrt
 34.0000    0    2.000   1.0000          NULL 
 36.0000    6    2.000   1.0000         pwNov
 38.0000    1    2.000   1.0000         rwRep
 40.0000    2    2.000   1.0000         rwOrt
 42.0000    0    2.000   1.0000          NULL 
 44.0000    3    2.000   1.0000         rwNov
 46.0000    0    2.000   1.0000          NULL 
 48.0000    2    2.000   1.0000         rwOrt
 50.0000    2    2.000   1.0000         rwOrt
 52.0000    2    2.000   1.0000         rwOrt
 54.0000    1    2.000   1.0000         rwRep
 56.0000    0    2.000   1.0000          NULL 
 58.0000    2    2.000   1.0000         rwOrt
 60.0000    0    4.000   1.0000          NULL 
 64.0000    2    2.000   1.0000         rwOrt
 66.0000    0    2.000   1.0000          NULL 
 68.0000    2    2.000   1.0000         rwOrt
 70.0000    6    2.000   1.0000         pwNov
 72.0000    2    2.000   1.0000         rwOrt
 74.0000    6    2.000   1.0000         pwNov
 76.0000    0    4.000   1.0000          NULL 
 80.0000    4    2.000   1.0000         pwRep
 82.0000    5    2.000   1.0000         pwOrt
 84.0000    1    2.000   1.0000         rwRep
 86.0000    6    2.000   1.0000         pwNov
 88.0000    0    4.000   1.0000          NULL 
 92.0000    4    2.000   1.0000         pwRep
 94.0000    4    2.000   1.0000         pwRep
 96.0000    6    2.000   1.0000         pwNov
 98.0000    4    2.000   1.0000         pwRep
100.0000    3    2.000   1.0000         rwNov
102.0000    0    2.000   1.0000          NULL 
104.0000    1    2.000   1.0000         rwRep
106.0000    1    2.000   1.0000         rwRep
108.0000    1    2.000   1.0000         rwRep
110.0000    6    2.000   1.0000         pwNov
112.0000    4    2.000   1.0000         pwRep
114.0000    4    2.000   1.0000         pwRep
116.0000    0    2.000   1.0000          NULL 
118.0000    5    2.000   1.0000         pwOrt
120.0000    0    4.000   1.0000          NULL 
124.0000    3    2.000   1.0000         rwNov
126.0000    6    2.000   1.0000         pwNov
128.0000    0    2.000   1.0000          NULL 
130.0000    6    2.000   1.0000         pwNov
132.0000    4    2.000   1.0000         pwRep
134.0000    3    2.000   1.0000         rwNov
136.0000    5    2.000   1.0000         pwOrt
138.0000    1    2.000   1.0000         rwRep
140.0000    2    2.000   1.0000         rwOrt
142.0000    0    8.000   1.0000          NULL 
150.0000    3    2.000   1.0000         rwNov
152.0000    0    2.000   1.0000          NULL 
154.0000    5    2.000   1.0000         pwOrt
156.0000    4    2.000   1.0000         pwRep
158.0000    0    2.000   1.0000          NULL 
160.0000    4    2.000   1.0000         pwRep
162.0000    0    2.000   1.0000          NULL 
164.0000    5    2.000   1.0000         pwOrt
166.0000    0    2.000   1.0000          NULL 
168.0000    2    2.000   1.0000         rwOrt
170.0000    5    2.000   1.0000         pwOrt
172.0000    4    2.000   1.0000         pwRep
174.0000    0    2.000   1.0000          NULL 
176.0000    5    2.000   1.0000         pwOrt
178.0000    4    2.000   1.0000         pwRep
180.0000    4    2.000   1.0000         pwRep
182.0000    3    2.000   1.0000         rwNov
184.0000    1    2.000   1.0000         rwRep
186.0000    0    2.000   1.0000          NULL 
188.0000    3    2.000   1.0000         rwNov
190.0000    2    2.000   1.0000         rwOrt
192.0000    5    2.000   1.0000         pwOrt
194.0000    5    2.000   1.0000         pwOrt
196.0000    0    2.000   1.0000          NULL 
198.0000    4    2.000   1.0000         pwRep
200.0000    4    2.000   1.0000         pwRep
202.0000    3    2.000   1.0000         rwNov
204.0000    0    2.000   1.0000          NULL 
206.0000    1    2.000   1.0000         rwRep
208.0000    0    2.000   1.0000          NULL 
210.0000    6    2.000   1.0000         pwNov
212.0000    1    2.000   1.0000         rwRep
214.0000    5    2.000   1.0000         pwOrt
216.0000    6    2.000   1.0000         pwNov
218.0000    0    2.000   1.0000          NULL 
220.0000    1    2.000   1.0000         rwRep
222.0000    6    2.000   1.0000         pwNov
224.0000    6    2.000   1.0000         pwNov
226.0000    0    2.000   1.0000          NULL 
228.0000    4    2.000   1.0000         pwRep
230.0000    2    2.000   1.0000         rwOrt
232.0000    5    2.000   1.0000         pwOrt
234.0000    6    2.000   1.0000         pwNov
236.0000    5    2.000   1.0000         pwOrt
238.0000    1    2.000   1.0000         rwRep
240.0000    0    6.000   1.0000          NULL 
246.0000    6    2.000   1.0000         pwNov
248.0000    1    2.000   1.0000         rwRep
250.0000    0    2.000   1.0000          NULL 
252.0000    1    2.000   1.0000         rwRep
254.0000    5    2.000   1.0000         pwOrt
256.0000    0    2.000   1.0000          NULL 
258.0000    6    2.000   1.0000         pwNov
260.0000    4    2.000   1.0000         pwRep
262.0000    0    2.000   1.0000          NULL 
264.0000    5    2.000   1.0000         pwOrt
266.0000    6    2.000   1.0000         pwNov
268.0000    0    6.000   1.0000          NULL 
274.0000    3    2.000   1.0000         rwNov
276.0000    4    2.000   1.0000         pwRep
278.0000    0    2.000   1.0000          NULL 
280.0000    1    2.000   1.0000         rwRep
282.0000    0    2.000   1.0000          NULL 
284.0000    2    2.000   1.0000         rwOrt
286.0000    2    2.000   1.0000         rwOrt
288.0000    3    2.000   1.0000         rwNov
290.0000    1    2.000   1.0000         rwRep
292.0000    2    2.000   1.0000         rwOrt
294.0000    3    2.000   1.0000         rwNov
296.0000    0    4.000   1.0000          NULL 
300.0000    3    2.000   1.0000         rwNov
302.0000    3    2.000   1.0000         rwNov
304.0000    6    2.000   1.0000         pwNov
306.0000    0    2.000   1.0000          NULL 
308.0000    4    2.000   1.0000         pwRep
310.0000    5    2.000   1.0000         pwOrt
312.0000    0    2.000   1.0000          NULL 
314.0000    1    2.000   1.0000         rwRep
316.0000    4    2.000   1.0000         pwRep
318.0000    5    2.000   1.0000         pwOrt
320.0000    2    2.000   1.0000         rwOrt
322.0000    0    4.000   1.0000          NULL 
326.0000    4    2.000   1.0000         pwRep
328.0000    0    2.000   1.0000          NULL 
330.0000    2    2.000   1.0000         rwOrt
332.0000    2    2.000   1.0000         rwOrt
334.0000    6    2.000   1.0000         pwNov
336.0000    6    2.000   1.0000         pwNov
338.0000    5    2.000   1.0000         pwOrt
340.0000    0    2.000   1.0000          NULL 
342.0000    5    2.000   1.0000         pwOrt
344.0000    6    2.000   1.0000         pwNov
346.0000    1    2.000   1.0000         rwRep
348.0000    0    2.000   1.0000          NULL 
350.0000    2    2.000   1.0000         rwOrt
352.0000    0    2.000   1.0000          NULL 
354.0000    3    2.000   1.0000         rwNov
356.0000    3    2.000   1.0000         rwNov
358.0000    0    2.000   1.0000          NULL 
