  0.0000    6    2.000   1.0000         pwNov
  2.0000    1    2.000   1.0000         rwRep
  4.0000    6    2.000   1.0000         pwNov
  6.0000    0    2.000   1.0000          NULL 
  8.0000    2    2.000   1.0000         rwOrt
 10.0000    5    2.000   1.0000         pwOrt
 12.0000    5    2.000   1.0000         pwOrt
 14.0000    0    4.000   1.0000          NULL 
 18.0000    6    2.000   1.0000         pwNov
 20.0000    1    2.000   1.0000         rwRep
 22.0000    5    2.000   1.0000         pwOrt
 24.0000    0    4.000   1.0000          NULL 
 28.0000    1    2.000   1.0000         rwRep
 30.0000    6    2.000   1.0000         pwNov
 32.0000    0    4.000   1.0000          NULL 
 36.0000    3    2.000   1.0000         rwNov
 38.0000    0    2.000   1.0000          NULL 
 40.0000    5    2.000   1.0000         pwOrt
 42.0000    0    2.000   1.0000          NULL 
 44.0000    6    2.000   1.0000         pwNov
 46.0000    6    2.000   1.0000         pwNov
 48.0000    2    2.000   1.0000         rwOrt
 50.0000    0    2.000   1.0000          NULL 
 52.0000    6    2.000   1.0000         pwNov
 54.0000    4    2.000   1.0000         pwRep
 56.0000    2    2.000   1.0000         rwOrt
 58.0000    3    2.000   1.0000         rwNov
 60.0000    2    2.000   1.0000         rwOrt
 62.0000    0    2.000   1.0000          NULL 
 64.0000    6    2.000   1.0000         pwNov
 66.0000    4    2.000   1.0000         pwRep
 68.0000    3    2.000   1.0000         rwNov
 70.0000    4    2.000   1.0000         pwRep
 72.0000    6    2.000   1.0000         pwNov
 74.0000    3    2.000   1.0000         rwNov
 76.0000    3    2.000   1.0000         rwNov
 78.0000    0    4.000   1.0000          NULL 
 82.0000    6    2.000   1.0000         pwNov
 84.0000    2    2.000   1.0000         rwOrt
 86.0000    0    2.000   1.0000          NULL 
 88.0000    1    2.000   1.0000         rwRep
 90.0000    5    2.000   1.0000         pwOrt
 92.0000    3    2.000   1.0000         rwNov
 94.0000    5    2.000   1.0000         pwOrt
 96.0000    0    2.000   1.0000          NULL 
 98.0000    4    2.000   1.0000         pwRep
100.0000    0    4.000   1.0000          NULL 
104.0000    3    2.000   1.0000         rwNov
106.0000    1    2.000   1.0000         rwRep
108.0000    4    2.000   1.0000         pwRep
110.0000    0    2.000   1.0000          NULL 
112.0000    2    2.000   1.0000         rwOrt
114.0000    0    2.000   1.0000          NULL 
116.0000    4    2.000   1.0000         pwRep
118.0000    0    4.000   1.0000          NULL 
122.0000    1    2.000   1.0000         rwRep
124.0000    0    4.000   1.0000          NULL 
128.0000    1    2.000   1.0000         rwRep
130.0000    0    2.000   1.0000          NULL 
132.0000    4    2.000   1.0000         pwRep
134.0000    5    2.000   1.0000         pwOrt
136.0000    3    2.000   1.0000         rwNov
138.0000    0    2.000   1.0000          NULL 
140.0000    5    2.000   1.0000         pwOrt
142.0000    2    2.000   1.0000         rwOrt
144.0000    0    4.000   1.0000          NULL 
148.0000    2    2.000   1.0000         rwOrt
150.0000    0    2.000   1.0000          NULL 
152.0000    5    2.000   1.0000         pwOrt
154.0000    6    2.000   1.0000         pwNov
156.0000    5    2.000   1.0000         pwOrt
158.0000    0    4.000   1.0000          NULL 
162.0000    5    2.000   1.0000         pwOrt
164.0000    3    2.000   1.0000         rwNov
166.0000    2    2.000   1.0000         rwOrt
168.0000    0    4.000   1.0000          NULL 
172.0000    1    2.000   1.0000         rwRep
174.0000    0    2.000   1.0000          NULL 
176.0000    1    2.000   1.0000         rwRep
178.0000    3    2.000   1.0000         rwNov
180.0000    4    2.000   1.0000         pwRep
182.0000    4    2.000   1.0000         pwRep
184.0000    2    2.000   1.0000         rwOrt
186.0000    5    2.000   1.0000         pwOrt
188.0000    5    2.000   1.0000         pwOrt
190.0000    4    2.000   1.0000         pwRep
192.0000    3    2.000   1.0000         rwNov
194.0000    0    6.000   1.0000          NULL 
200.0000    4    2.000   1.0000         pwRep
202.0000    4    2.000   1.0000         pwRep
204.0000    1    2.000   1.0000         rwRep
206.0000    3    2.000   1.0000         rwNov
208.0000    2    2.000   1.0000         rwOrt
210.0000    6    2.000   1.0000         pwNov
212.0000    4    2.000   1.0000         pwRep
214.0000    0    2.000   1.0000          NULL 
216.0000    5    2.000   1.0000         pwOrt
218.0000    0    2.000   1.0000          NULL 
220.0000    1    2.000   1.0000         rwRep
222.0000    1    2.000   1.0000         rwRep
224.0000    0    2.000   1.0000          NULL 
226.0000    5    2.000   1.0000         pwOrt
228.0000    0    2.000   1.0000          NULL 
230.0000    2    2.000   1.0000         rwOrt
232.0000    3    2.000   1.0000         rwNov
234.0000    2    2.000   1.0000         rwOrt
236.0000    3    2.000   1.0000         rwNov
238.0000    3    2.000   1.0000         rwNov
240.0000    0    2.000   1.0000          NULL 
242.0000    6    2.000   1.0000         pwNov
244.0000    0    4.000   1.0000          NULL 
248.0000    3    2.000   1.0000         rwNov
250.0000    6    2.000   1.0000         pwNov
252.0000    2    2.000   1.0000         rwOrt
254.0000    1    2.000   1.0000         rwRep
256.0000    0    2.000   1.0000          NULL 
258.0000    3    2.000   1.0000         rwNov
260.0000    0    4.000   1.0000          NULL 
264.0000    4    2.000   1.0000         pwRep
266.0000    0    2.000   1.0000          NULL 
268.0000    5    2.000   1.0000         pwOrt
270.0000    0    2.000   1.0000          NULL 
272.0000    4    2.000   1.0000         pwRep
274.0000    4    2.000   1.0000         pwRep
276.0000    4    2.000   1.0000         pwRep
278.0000    0    2.000   1.0000          NULL 
280.0000    5    2.000   1.0000         pwOrt
282.0000    0    2.000   1.0000          NULL 
284.0000    1    2.000   1.0000         rwRep
286.0000    5    2.000   1.0000         pwOrt
288.0000    4    2.000   1.0000         pwRep
290.0000    0    4.000   1.0000          NULL 
294.0000    4    2.000   1.0000         pwRep
296.0000    6    2.000   1.0000         pwNov
298.0000    2    2.000   1.0000         rwOrt
300.0000    6    2.000   1.0000         pwNov
302.0000    5    2.000   1.0000         pwOrt
304.0000    0    4.000   1.0000          NULL 
308.0000    1    2.000   1.0000         rwRep
310.0000    1    2.000   1.0000         rwRep
312.0000    0    4.000   1.0000          NULL 
316.0000    3    2.000   1.0000         rwNov
318.0000    1    2.000   1.0000         rwRep
320.0000    3    2.000   1.0000         rwNov
322.0000    1    2.000   1.0000         rwRep
324.0000    4    2.000   1.0000         pwRep
326.0000    5    2.000   1.0000         pwOrt
328.0000    6    2.000   1.0000         pwNov
330.0000    6    2.000   1.0000         pwNov
332.0000    6    2.000   1.0000         pwNov
334.0000    6    2.000   1.0000         pwNov
336.0000    2    2.000   1.0000         rwOrt
338.0000    1    2.000   1.0000         rwRep
340.0000    2    2.000   1.0000         rwOrt
342.0000    0    6.000   1.0000          NULL 
348.0000    2    2.000   1.0000         rwOrt
350.0000    2    2.000   1.0000         rwOrt
352.0000    2    2.000   1.0000         rwOrt
354.0000    0    2.000   1.0000          NULL 
356.0000    1    2.000   1.0000         rwRep
358.0000    3    2.000   1.0000         rwNov
