  0.0000    4    2.000   1.0000         pwRep
  2.0000    1    2.000   1.0000         rwRep
  4.0000    4    2.000   1.0000         pwRep
  6.0000    4    2.000   1.0000         pwRep
  8.0000    0    4.000   1.0000          NULL 
 12.0000    4    2.000   1.0000         pwRep
 14.0000    6    2.000   1.0000         pwNov
 16.0000    3    2.000   1.0000         rwNov
 18.0000    3    2.000   1.0000         rwNov
 20.0000    5    2.000   1.0000         pwOrt
 22.0000    0    4.000   1.0000          NULL 
 26.0000    1    2.000   1.0000         rwRep
 28.0000    2    2.000   1.0000         rwOrt
 30.0000    0    2.000   1.0000          NULL 
 32.0000    3    2.000   1.0000         rwNov
 34.0000    6    2.000   1.0000         pwNov
 36.0000    0    2.000   1.0000          NULL 
 38.0000    5    2.000   1.0000         pwOrt
 40.0000    6    2.000   1.0000         pwNov
 42.0000    3    2.000   1.0000         rwNov
 44.0000    5    2.000   1.0000         pwOrt
 46.0000    6    2.000   1.0000         pwNov
 48.0000    5    2.000   1.0000         pwOrt
 50.0000    2    2.000   1.0000         rwOrt
 52.0000    2    2.000   1.0000         rwOrt
 54.0000    0    8.000   1.0000          NULL 
 62.0000    3    2.000   1.0000         rwNov
 64.0000    6    2.000   1.0000         pwNov
 66.0000    4    2.000   1.0000         pwRep
 68.0000    2    2.000   1.0000         rwOrt
 70.0000    3    2.000   1.0000         rwNov
 72.0000    3    2.000   1.0000         rwNov
 74.0000    0    2.000   1.0000          NULL 
 76.0000    3    2.000   1.0000         rwNov
 78.0000    1    2.000   1.0000         rwRep
 80.0000    1    2.000   1.0000         rwRep
 82.0000    0    2.000   1.0000          NULL 
 84.0000    2    2.000   1.0000         rwOrt
 86.0000    6    2.000   1.0000         pwNov
 88.0000    4    2.000   1.0000         pwRep
 90.0000    0    4.000   1.0000          NULL 
 94.0000    1    2.000   1.0000         rwRep
 96.0000    3    2.000   1.0000         rwNov
 98.0000    0    4.000   1.0000          NULL 
102.0000    6    2.000   1.0000         pwNov
104.0000    6    2.000   1.0000         pwNov
106.0000    0    2.000   1.0000          NULL 
108.0000    5    2.000   1.0000         pwOrt
110.0000    0    4.000   1.0000          NULL 
114.0000    5    2.000   1.0000         pwOrt
116.0000    4    2.000   1.0000         pwRep
118.0000    6    2.000   1.0000         pwNov
120.0000    6    2.000   1.0000         pwNov
122.0000    1    2.000   1.0000         rwRep
124.0000    0    2.000   1.0000          NULL 
126.0000    3    2.000   1.0000         rwNov
128.0000    5    2.000   1.0000         pwOrt
130.0000    6    2.000   1.0000         pwNov
132.0000    5    2.000   1.0000         pwOrt
134.0000    4    2.000   1.0000         pwRep
136.0000    0    2.000   1.0000          NULL 
138.0000    6    2.000   1.0000         pwNov
140.0000    6    2.000   1.0000         pwNov
142.0000    0    2.000   1.0000          NULL 
144.0000    2    2.000   1.0000         rwOrt
146.0000    3    2.000   1.0000         rwNov
148.0000    6    2.000   1.0000         pwNov
150.0000    6    2.000   1.0000         pwNov
152.0000    4    2.000   1.0000         pwRep
154.0000    3    2.000   1.0000         rwNov
156.0000    0    4.000   1.0000          NULL 
160.0000    2    2.000   1.0000         rwOrt
162.0000    1    2.000   1.0000         rwRep
164.0000    0    2.000   1.0000          NULL 
166.0000    4    2.000   1.0000         pwRep
168.0000    1    2.000   1.0000         rwRep
170.0000    5    2.000   1.0000         pwOrt
172.0000    5    2.000   1.0000         pwOrt
174.0000    0    4.000   1.0000          NULL 
178.0000    1    2.000   1.0000         rwRep
180.0000    0    4.000   1.0000          NULL 
184.0000    3    2.000   1.0000         rwNov
186.0000    0    4.000   1.0000          NULL 
190.0000    2    2.000   1.0000         rwOrt
192.0000    2    2.000   1.0000         rwOrt
194.0000    3    2.000   1.0000         rwNov
196.0000    0    2.000   1.0000          NULL 
198.0000    2    2.000   1.0000         rwOrt
200.0000    2    2.000   1.0000         rwOrt
202.0000    4    2.000   1.0000         pwRep
204.0000    1    2.000   1.0000         rwRep
206.0000    2    2.000   1.0000         rwOrt
208.0000    0    2.000   1.0000          NULL 
210.0000    6    2.000   1.0000         pwNov
212.0000    5    2.000   1.0000         pwOrt
214.0000    3    2.000   1.0000         rwNov
216.0000    3    2.000   1.0000         rwNov
218.0000    0    2.000   1.0000          NULL 
220.0000    6    2.000   1.0000         pwNov
222.0000    5    2.000   1.0000         pwOrt
224.0000    3    2.000   1.0000         rwNov
226.0000    0    2.000   1.0000          NULL 
228.0000    2    2.000   1.0000         rwOrt
230.0000    0    4.000   1.0000          NULL 
234.0000    2    2.000   1.0000         rwOrt
236.0000    0    4.000   1.0000          NULL 
240.0000    1    2.000   1.0000         rwRep
242.0000    6    2.000   1.0000         pwNov
244.0000    4    2.000   1.0000         pwRep
246.0000    6    2.000   1.0000         pwNov
248.0000    1    2.000   1.0000         rwRep
250.0000    0    2.000   1.0000          NULL 
252.0000    4    2.000   1.0000         pwRep
254.0000    0    2.000   1.0000          NULL 
256.0000    2    2.000   1.0000         rwOrt
258.0000    0    2.000   1.0000          NULL 
260.0000    3    2.000   1.0000         rwNov
262.0000    2    2.000   1.0000         rwOrt
264.0000    2    2.000   1.0000         rwOrt
266.0000    1    2.000   1.0000         rwRep
268.0000    5    2.000   1.0000         pwOrt
270.0000    0    2.000   1.0000          NULL 
272.0000    5    2.000   1.0000         pwOrt
274.0000    0    2.000   1.0000          NULL 
276.0000    4    2.000   1.0000         pwRep
278.0000    2    2.000   1.0000         rwOrt
280.0000    0    2.000   1.0000          NULL 
282.0000    2    2.000   1.0000         rwOrt
284.0000    5    2.000   1.0000         pwOrt
286.0000    3    2.000   1.0000         rwNov
288.0000    4    2.000   1.0000         pwRep
290.0000    0    2.000   1.0000          NULL 
292.0000    4    2.000   1.0000         pwRep
294.0000    4    2.000   1.0000         pwRep
296.0000    1    2.000   1.0000         rwRep
298.0000    0    2.000   1.0000          NULL 
300.0000    5    2.000   1.0000         pwOrt
302.0000    4    2.000   1.0000         pwRep
304.0000    0    4.000   1.0000          NULL 
308.0000    1    2.000   1.0000         rwRep
310.0000    4    2.000   1.0000         pwRep
312.0000    5    2.000   1.0000         pwOrt
314.0000    0    2.000   1.0000          NULL 
316.0000    5    2.000   1.0000         pwOrt
318.0000    1    2.000   1.0000         rwRep
320.0000    0    6.000   1.0000          NULL 
326.0000    4    2.000   1.0000         pwRep
328.0000    5    2.000   1.0000         pwOrt
330.0000    0    2.000   1.0000          NULL 
332.0000    1    2.000   1.0000         rwRep
334.0000    3    2.000   1.0000         rwNov
336.0000    6    2.000   1.0000         pwNov
338.0000    1    2.000   1.0000         rwRep
340.0000    0    2.000   1.0000          NULL 
342.0000    5    2.000   1.0000         pwOrt
344.0000    2    2.000   1.0000         rwOrt
346.0000    1    2.000   1.0000         rwRep
348.0000    0   10.000   1.0000          NULL 
358.0000    1    2.000   1.0000         rwRep
