  0.0000    6    2.000   1.0000         pwNov
  2.0000    6    2.000   1.0000         pwNov
  4.0000    3    2.000   1.0000         rwNov
  6.0000    3    2.000   1.0000         rwNov
  8.0000    0    2.000   1.0000          NULL 
 10.0000    2    2.000   1.0000         rwOrt
 12.0000    0    2.000   1.0000          NULL 
 14.0000    2    2.000   1.0000         rwOrt
 16.0000    3    2.000   1.0000         rwNov
 18.0000    1    2.000   1.0000         rwRep
 20.0000    0    4.000   1.0000          NULL 
 24.0000    4    2.000   1.0000         pwRep
 26.0000    3    2.000   1.0000         rwNov
 28.0000    6    2.000   1.0000         pwNov
 30.0000    4    2.000   1.0000         pwRep
 32.0000    2    2.000   1.0000         rwOrt
 34.0000    0    2.000   1.0000          NULL 
 36.0000    5    2.000   1.0000         pwOrt
 38.0000    2    2.000   1.0000         rwOrt
 40.0000    3    2.000   1.0000         rwNov
 42.0000    3    2.000   1.0000         rwNov
 44.0000    5    2.000   1.0000         pwOrt
 46.0000    1    2.000   1.0000         rwRep
 48.0000    5    2.000   1.0000         pwOrt
 50.0000    0    2.000   1.0000          NULL 
 52.0000    2    2.000   1.0000         rwOrt
 54.0000    5    2.000   1.0000         pwOrt
 56.0000    4    2.000   1.0000         pwRep
 58.0000    5    2.000   1.0000         pwOrt
 60.0000    5    2.000   1.0000         pwOrt
 62.0000    6    2.000   1.0000         pwNov
 64.0000    4    2.000   1.0000         pwRep
 66.0000    4    2.000   1.0000         pwRep
 68.0000    0    2.000   1.0000          NULL 
 70.0000    3    2.000   1.0000         rwNov
 72.0000    0    2.000   1.0000          NULL 
 74.0000    5    2.000   1.0000         pwOrt
 76.0000    3    2.000   1.0000         rwNov
 78.0000    2    2.000   1.0000         rwOrt
 80.0000    1    2.000   1.0000         rwRep
 82.0000    3    2.000   1.0000         rwNov
 84.0000    0    2.000   1.0000          NULL 
 86.0000    1    2.000   1.0000         rwRep
 88.0000    4    2.000   1.0000         pwRep
 90.0000    4    2.000   1.0000         pwRep
 92.0000    2    2.000   1.0000         rwOrt
 94.0000    0    4.000   1.0000          NULL 
 98.0000    1    2.000   1.0000         rwRep
100.0000    6    2.000   1.0000         pwNov
102.0000    0    4.000   1.0000          NULL 
106.0000    1    2.000   1.0000         rwRep
108.0000    0    2.000   1.0000          NULL 
110.0000    4    2.000   1.0000         pwRep
112.0000    3    2.000   1.0000         rwNov
114.0000    6    2.000   1.0000         pwNov
116.0000    1    2.000   1.0000         rwRep
118.0000    4    2.000   1.0000         pwRep
120.0000    4    2.000   1.0000         pwRep
122.0000    0    2.000   1.0000          NULL 
124.0000    6    2.000   1.0000         pwNov
126.0000    1    2.000   1.0000         rwRep
128.0000    0    2.000   1.0000          NULL 
130.0000    3    2.000   1.0000         rwNov
132.0000    0    2.000   1.0000          NULL 
134.0000    2    2.000   1.0000         rwOrt
136.0000    4    2.000   1.0000         pwRep
138.0000    0    2.000   1.0000          NULL 
140.0000    2    2.000   1.0000         rwOrt
142.0000    4    2.000   1.0000         pwRep
144.0000    0    6.000   1.0000          NULL 
150.0000    4    2.000   1.0000         pwRep
152.0000    1    2.000   1.0000         rwRep
154.0000    5    2.000   1.0000         pwOrt
156.0000    0    2.000   1.0000          NULL 
158.0000    4    2.000   1.0000         pwRep
160.0000    5    2.000   1.0000         pwOrt
162.0000    4    2.000   1.0000         pwRep
164.0000    5    2.000   1.0000         pwOrt
166.0000    1    2.000   1.0000         rwRep
168.0000    0    2.000   1.0000          NULL 
170.0000    2    2.000   1.0000         rwOrt
172.0000    4    2.000   1.0000         pwRep
174.0000    0    8.000   1.0000          NULL 
182.0000    2    2.000   1.0000         rwOrt
184.0000    1    2.000   1.0000         rwRep
186.0000    0    4.000   1.0000          NULL 
190.0000    5    2.000   1.0000         pwOrt
192.0000    0    4.000   1.0000          NULL 
196.0000    3    2.000   1.0000         rwNov
198.0000    3    2.000   1.0000         rwNov
200.0000    6    2.000   1.0000         pwNov
202.0000    0    2.000   1.0000          NULL 
204.0000    3    2.000   1.0000         rwNov
206.0000    0    2.000   1.0000          NULL 
208.0000    2    2.000   1.0000         rwOrt
210.0000    6    2.000   1.0000         pwNov
212.0000    0    4.000   1.0000          NULL 
216.0000    4    2.000   1.0000         pwRep
218.0000    0    2.000   1.0000          NULL 
220.0000    3    2.000   1.0000         rwNov
222.0000    0    2.000   1.0000          NULL 
224.0000    5    2.000   1.0000         pwOrt
226.0000    0    2.000   1.0000          NULL 
228.0000    6    2.000   1.0000         pwNov
230.0000    4    2.000   1.0000         pwRep
232.0000    0    2.000   1.0000          NULL 
234.0000    6    2.000   1.0000         pwNov
236.0000    1    2.000   1.0000         rwRep
238.0000    6    2.000   1.0000         pwNov
240.0000    6    2.000   1.0000         pwNov
242.0000    0    2.000   1.0000          NULL 
244.0000    5    2.000   1.0000         pwOrt
246.0000    6    2.000   1.0000         pwNov
248.0000    0    4.000   1.0000          NULL 
252.0000    1    2.000   1.0000         rwRep
254.0000    0    2.000   1.0000          NULL 
256.0000    3    2.000   1.0000         rwNov
258.0000    0    2.000   1.0000          NULL 
260.0000    1    2.000   1.0000         rwRep
262.0000    3    2.000   1.0000         rwNov
264.0000    2    2.000   1.0000         rwOrt
266.0000    4    2.000   1.0000         pwRep
268.0000    3    2.000   1.0000         rwNov
270.0000    0    2.000   1.0000          NULL 
272.0000    4    2.000   1.0000         pwRep
274.0000    6    2.000   1.0000         pwNov
276.0000    1    2.000   1.0000         rwRep
278.0000    5    2.000   1.0000         pwOrt
280.0000    0    2.000   1.0000          NULL 
282.0000    5    2.000   1.0000         pwOrt
284.0000    2    2.000   1.0000         rwOrt
286.0000    1    2.000   1.0000         rwRep
288.0000    2    2.000   1.0000         rwOrt
290.0000    0    4.000   1.0000          NULL 
294.0000    6    2.000   1.0000         pwNov
296.0000    2    2.000   1.0000         rwOrt
298.0000    1    2.000   1.0000         rwRep
300.0000    6    2.000   1.0000         pwNov
302.0000    6    2.000   1.0000         pwNov
304.0000    0    2.000   1.0000          NULL 
306.0000    5    2.000   1.0000         pwOrt
308.0000    5    2.000   1.0000         pwOrt
310.0000    1    2.000   1.0000         rwRep
312.0000    3    2.000   1.0000         rwNov
314.0000    5    2.000   1.0000         pwOrt
316.0000    5    2.000   1.0000         pwOrt
318.0000    0    2.000   1.0000          NULL 
320.0000    2    2.000   1.0000         rwOrt
322.0000    0    2.000   1.0000          NULL 
324.0000    5    2.000   1.0000         pwOrt
326.0000    0    4.000   1.0000          NULL 
330.0000    6    2.000   1.0000         pwNov
332.0000    0    6.000   1.0000          NULL 
338.0000    6    2.000   1.0000         pwNov
340.0000    0    2.000   1.0000          NULL 
342.0000    2    2.000   1.0000         rwOrt
344.0000    2    2.000   1.0000         rwOrt
346.0000    3    2.000   1.0000         rwNov
348.0000    2    2.000   1.0000         rwOrt
350.0000    1    2.000   1.0000         rwRep
352.0000    0    4.000   1.0000          NULL 
356.0000    1    2.000   1.0000         rwRep
358.0000    0    2.000   1.0000          NULL 
