  0.0000    1    2.000   1.0000         rwRep
  2.0000    1    2.000   1.0000         rwRep
  4.0000    3    2.000   1.0000         rwNov
  6.0000    3    2.000   1.0000         rwNov
  8.0000    5    2.000   1.0000         pwOrt
 10.0000    0    2.000   1.0000          NULL 
 12.0000    2    2.000   1.0000         rwOrt
 14.0000    5    2.000   1.0000         pwOrt
 16.0000    2    2.000   1.0000         rwOrt
 18.0000    1    2.000   1.0000         rwRep
 20.0000    0    2.000   1.0000          NULL 
 22.0000    5    2.000   1.0000         pwOrt
 24.0000    3    2.000   1.0000         rwNov
 26.0000    2    2.000   1.0000         rwOrt
 28.0000    0    2.000   1.0000          NULL 
 30.0000    3    2.000   1.0000         rwNov
 32.0000    0    2.000   1.0000          NULL 
 34.0000    5    2.000   1.0000         pwOrt
 36.0000    5    2.000   1.0000         pwOrt
 38.0000    4    2.000   1.0000         pwRep
 40.0000    3    2.000   1.0000         rwNov
 42.0000    3    2.000   1.0000         rwNov
 44.0000    2    2.000   1.0000         rwOrt
 46.0000    4    2.000   1.0000         pwRep
 48.0000    1    2.000   1.0000         rwRep
 50.0000    6    2.000   1.0000         pwNov
 52.0000    2    2.000   1.0000         rwOrt
 54.0000    0    2.000   1.0000          NULL 
 56.0000    6    2.000   1.0000         pwNov
 58.0000    1    2.000   1.0000         rwRep
 60.0000    0    4.000   1.0000          NULL 
 64.0000    2    2.000   1.0000         rwOrt
 66.0000    0    2.000   1.0000          NULL 
 68.0000    3    2.000   1.0000         rwNov
 70.0000    0    2.000   1.0000          NULL 
 72.0000    4    2.000   1.0000         pwRep
 74.0000    2    2.000   1.0000         rwOrt
 76.0000    4    2.000   1.0000         pwRep
 78.0000    0    2.000   1.0000          NULL 
 80.0000    4    2.000   1.0000         pwRep
 82.0000    4    2.000   1.0000         pwRep
 84.0000    5    2.000   1.0000         pwOrt
 86.0000    3    2.000   1.0000         rwNov
 88.0000    0    4.000   1.0000          NULL 
 92.0000    4    2.000   1.0000         pwRep
 94.0000    6    2.000   1.0000         pwNov
 96.0000    5    2.000   1.0000         pwOrt
 98.0000    0    4.000   1.0000          NULL 
102.0000    6    2.000   1.0000         pwNov
104.0000    1    2.000   1.0000         rwRep
106.0000    2    2.000   1.0000         rwOrt
108.0000    5    2.000   1.0000         pwOrt
110.0000    6    2.000   1.0000         pwNov
112.0000    4    2.000   1.0000         pwRep
114.0000    5    2.000   1.0000         pwOrt
116.0000    1    2.000   1.0000         rwRep
118.0000    3    2.000   1.0000         rwNov
120.0000    0    2.000   1.0000          NULL 
122.0000    2    2.000   1.0000         rwOrt
124.0000    0    6.000   1.0000          NULL 
130.0000    3    2.000   1.0000         rwNov
132.0000    4    2.000   1.0000         pwRep
134.0000    6    2.000   1.0000         pwNov
136.0000    1    2.000   1.0000         rwRep
138.0000    6    2.000   1.0000         pwNov
140.0000    6    2.000   1.0000         pwNov
142.0000    5    2.000   1.0000         pwOrt
144.0000    1    2.000   1.0000         rwRep
146.0000    2    2.000   1.0000         rwOrt
148.0000    5    2.000   1.0000         pwOrt
150.0000    0    2.000   1.0000          NULL 
152.0000    4    2.000   1.0000         pwRep
154.0000    2    2.000   1.0000         rwOrt
156.0000    2    2.000   1.0000         rwOrt
158.0000    0    2.000   1.0000          NULL 
160.0000    2    2.000   1.0000         rwOrt
162.0000    2    2.000   1.0000         rwOrt
164.0000    0    4.000   1.0000          NULL 
168.0000    6    2.000   1.0000         pwNov
170.0000    1    2.000   1.0000         rwRep
172.0000    4    2.000   1.0000         pwRep
174.0000    0    4.000   1.0000          NULL 
178.0000    4    2.000   1.0000         pwRep
180.0000    3    2.000   1.0000         rwNov
182.0000    0    2.000   1.0000          NULL 
184.0000    5    2.000   1.0000         pwOrt
186.0000    5    2.000   1.0000         pwOrt
188.0000    2    2.000   1.0000         rwOrt
190.0000    4    2.000   1.0000         pwRep
192.0000    1    2.000   1.0000         rwRep
194.0000    2    2.000   1.0000         rwOrt
196.0000    6    2.000   1.0000         pwNov
198.0000    3    2.000   1.0000         rwNov
200.0000    0    2.000   1.0000          NULL 
202.0000    3    2.000   1.0000         rwNov
204.0000    0    6.000   1.0000          NULL 
210.0000    3    2.000   1.0000         rwNov
212.0000    0    6.000   1.0000          NULL 
218.0000    3    2.000   1.0000         rwNov
220.0000    1    2.000   1.0000         rwRep
222.0000    0    4.000   1.0000          NULL 
226.0000    2    2.000   1.0000         rwOrt
228.0000    0    2.000   1.0000          NULL 
230.0000    4    2.000   1.0000         pwRep
232.0000    4    2.000   1.0000         pwRep
234.0000    0    2.000   1.0000          NULL 
236.0000    3    2.000   1.0000         rwNov
238.0000    5    2.000   1.0000         pwOrt
240.0000    0    2.000   1.0000          NULL 
242.0000    5    2.000   1.0000         pwOrt
244.0000    0    2.000   1.0000          NULL 
246.0000    6    2.000   1.0000         pwNov
248.0000    2    2.000   1.0000         rwOrt
250.0000    0    2.000   1.0000          NULL 
252.0000    5    2.000   1.0000         pwOrt
254.0000    6    2.000   1.0000         pwNov
256.0000    1    2.000   1.0000         rwRep
258.0000    2    2.000   1.0000         rwOrt
260.0000    6    2.000   1.0000         pwNov
262.0000    0    2.000   1.0000          NULL 
264.0000    6    2.000   1.0000         pwNov
266.0000    0    2.000   1.0000          NULL 
268.0000    6    2.000   1.0000         pwNov
270.0000    5    2.000   1.0000         pwOrt
272.0000    2    2.000   1.0000         rwOrt
274.0000    5    2.000   1.0000         pwOrt
276.0000    0    8.000   1.0000          NULL 
284.0000    1    2.000   1.0000         rwRep
286.0000    3    2.000   1.0000         rwNov
288.0000    4    2.000   1.0000         pwRep
290.0000    1    2.000   1.0000         rwRep
292.0000    6    2.000   1.0000         pwNov
294.0000    0    2.000   1.0000          NULL 
296.0000    1    2.000   1.0000         rwRep
298.0000    0    2.000   1.0000          NULL 
300.0000    1    2.000   1.0000         rwRep
302.0000    6    2.000   1.0000         pwNov
304.0000    1    2.000   1.0000         rwRep
306.0000    5    2.000   1.0000         pwOrt
308.0000    0    2.000   1.0000          NULL 
310.0000    5    2.000   1.0000         pwOrt
312.0000    3    2.000   1.0000         rwNov
314.0000    4    2.000   1.0000         pwRep
316.0000    0    2.000   1.0000          NULL 
318.0000    3    2.000   1.0000         rwNov
320.0000    4    2.000   1.0000         pwRep
322.0000    0    2.000   1.0000          NULL 
324.0000    6    2.000   1.0000         pwNov
326.0000    1    2.000   1.0000         rwRep
328.0000    0    2.000   1.0000          NULL 
330.0000    4    2.000   1.0000         pwRep
332.0000    0    6.000   1.0000          NULL 
338.0000    6    2.000   1.0000         pwNov
340.0000    0    8.000   1.0000          NULL 
348.0000    1    2.000   1.0000         rwRep
350.0000    0    4.000   1.0000          NULL 
354.0000    3    2.000   1.0000         rwNov
356.0000    6    2.000   1.0000         pwNov
358.0000    4    2.000   1.0000         pwRep
