  0.0000    2    2.000   1.0000         rwOrt
  2.0000    1    2.000   1.0000         rwRep
  4.0000    6    2.000   1.0000         pwNov
  6.0000    0    2.000   1.0000          NULL 
  8.0000    1    2.000   1.0000         rwRep
 10.0000    0    2.000   1.0000          NULL 
 12.0000    2    2.000   1.0000         rwOrt
 14.0000    0    4.000   1.0000          NULL 
 18.0000    3    2.000   1.0000         rwNov
 20.0000    0    2.000   1.0000          NULL 
 22.0000    5    2.000   1.0000         pwOrt
 24.0000    0    4.000   1.0000          NULL 
 28.0000    6    2.000   1.0000         pwNov
 30.0000    1    2.000   1.0000         rwRep
 32.0000    3    2.000   1.0000         rwNov
 34.0000    2    2.000   1.0000         rwOrt
 36.0000    0    2.000   1.0000          NULL 
 38.0000    2    2.000   1.0000         rwOrt
 40.0000    3    2.000   1.0000         rwNov
 42.0000    0    4.000   1.0000          NULL 
 46.0000    1    2.000   1.0000         rwRep
 48.0000    4    2.000   1.0000         pwRep
 50.0000    3    2.000   1.0000         rwNov
 52.0000    4    2.000   1.0000         pwRep
 54.0000    2    2.000   1.0000         rwOrt
 56.0000    0    2.000   1.0000          NULL 
 58.0000    2    2.000   1.0000         rwOrt
 60.0000    5    2.000   1.0000         pwOrt
 62.0000    1    2.000   1.0000         rwRep
 64.0000    0    4.000   1.0000          NULL 
 68.0000    1    2.000   1.0000         rwRep
 70.0000    1    2.000   1.0000         rwRep
 72.0000    6    2.000   1.0000         pwNov
 74.0000    2    2.000   1.0000         rwOrt
 76.0000    2    2.000   1.0000         rwOrt
 78.0000    2    2.000   1.0000         rwOrt
 80.0000    1    2.000   1.0000         rwRep
 82.0000    0    4.000   1.0000          NULL 
 86.0000    5    2.000   1.0000         pwOrt
 88.0000    6    2.000   1.0000         pwNov
 90.0000    0    2.000   1.0000          NULL 
 92.0000    4    2.000   1.0000         pwRep
 94.0000    0    2.000   1.0000          NULL 
 96.0000    2    2.000   1.0000         rwOrt
 98.0000    1    2.000   1.0000         rwRep
100.0000    3    2.000   1.0000         rwNov
102.0000    6    2.000   1.0000         pwNov
104.0000    3    2.000   1.0000         rwNov
106.0000    4    2.000   1.0000         pwRep
108.0000    0    2.000   1.0000          NULL 
110.0000    2    2.000   1.0000         rwOrt
112.0000    2    2.000   1.0000         rwOrt
114.0000    0    2.000   1.0000          NULL 
116.0000    5    2.000   1.0000         pwOrt
118.0000    6    2.000   1.0000         pwNov
120.0000    0    2.000   1.0000          NULL 
122.0000    1    2.000   1.0000         rwRep
124.0000    0    2.000   1.0000          NULL 
126.0000    3    2.000   1.0000         rwNov
128.0000    0    2.000   1.0000          NULL 
130.0000    3    2.000   1.0000         rwNov
132.0000    2    2.000   1.0000         rwOrt
134.0000    0    6.000   1.0000          NULL 
140.0000    6    2.000   1.0000         pwNov
142.0000    5    2.000   1.0000         pwOrt
144.0000    3    2.000   1.0000         rwNov
146.0000    3    2.000   1.0000         rwNov
148.0000    2    2.000   1.0000         rwOrt
150.0000    0    2.000   1.0000          NULL 
152.0000    5    2.000   1.0000         pwOrt
154.0000    0    2.000   1.0000          NULL 
156.0000    4    2.000   1.0000         pwRep
158.0000    6    2.000   1.0000         pwNov
160.0000    5    2.000   1.0000         pwOrt
162.0000    1    2.000   1.0000         rwRep
164.0000    1    2.000   1.0000         rwRep
166.0000    0    4.000   1.0000          NULL 
170.0000    5    2.000   1.0000         pwOrt
172.0000    0    2.000   1.0000          NULL 
174.0000    2    2.000   1.0000         rwOrt
176.0000    0    2.000   1.0000          NULL 
178.0000    1    2.000   1.0000         rwRep
180.0000    3    2.000   1.0000         rwNov
182.0000    4    2.000   1.0000         pwRep
184.0000    0    2.000   1.0000          NULL 
186.0000    4    2.000   1.0000         pwRep
188.0000    0    4.000   1.0000          NULL 
192.0000    3    2.000   1.0000         rwNov
194.0000    1    2.000   1.0000         rwRep
196.0000    0    2.000   1.0000          NULL 
198.0000    1    2.000   1.0000         rwRep
200.0000    5    2.000   1.0000         pwOrt
202.0000    4    2.000   1.0000         pwRep
204.0000    6    2.000   1.0000         pwNov
206.0000    6    2.000   1.0000         pwNov
208.0000    0    2.000   1.0000          NULL 
210.0000    4    2.000   1.0000         pwRep
212.0000    0    2.000   1.0000          NULL 
214.0000    4    2.000   1.0000         pwRep
216.0000    3    2.000   1.0000         rwNov
218.0000    3    2.000   1.0000         rwNov
220.0000    0    6.000   1.0000          NULL 
226.0000    4    2.000   1.0000         pwRep
228.0000    4    2.000   1.0000         pwRep
230.0000    6    2.000   1.0000         pwNov
232.0000    5    2.000   1.0000         pwOrt
234.0000    2    2.000   1.0000         rwOrt
236.0000    5    2.000   1.0000         pwOrt
238.0000    1    2.000   1.0000         rwRep
240.0000    5    2.000   1.0000         pwOrt
242.0000    0    2.000   1.0000          NULL 
244.0000    4    2.000   1.0000         pwRep
246.0000    0    4.000   1.0000          NULL 
250.0000    5    2.000   1.0000         pwOrt
252.0000    5    2.000   1.0000         pwOrt
254.0000    6    2.000   1.0000         pwNov
256.0000    2    2.000   1.0000         rwOrt
258.0000    4    2.000   1.0000         pwRep
260.0000    0    2.000   1.0000          NULL 
262.0000    2    2.000   1.0000         rwOrt
264.0000    5    2.000   1.0000         pwOrt
266.0000    0    2.000   1.0000          NULL 
268.0000    1    2.000   1.0000         rwRep
270.0000    4    2.000   1.0000         pwRep
272.0000    0    2.000   1.0000          NULL 
274.0000    3    2.000   1.0000         rwNov
276.0000    0    2.000   1.0000          NULL 
278.0000    6    2.000   1.0000         pwNov
280.0000    3    2.000   1.0000         rwNov
282.0000    6    2.000   1.0000         pwNov
284.0000    6    2.000   1.0000         pwNov
286.0000    0    4.000   1.0000          NULL 
290.0000    3    2.000   1.0000         rwNov
292.0000    0    2.000   1.0000          NULL 
294.0000    4    2.000   1.0000         pwRep
296.0000    4    2.000   1.0000         pwRep
298.0000    1    2.000   1.0000         rwRep
300.0000    0    2.000   1.0000          NULL 
302.0000    1    2.000   1.0000         rwRep
304.0000    0    4.000   1.0000          NULL 
308.0000    4    2.000   1.0000         pwRep
310.0000    3    2.000   1.0000         rwNov
312.0000    0    4.000   1.0000          NULL 
316.0000    2    2.000   1.0000         rwOrt
318.0000    3    2.000   1.0000         rwNov
320.0000    6    2.000   1.0000         pwNov
322.0000    3    2.000   1.0000         rwNov
324.0000    0    4.000   1.0000          NULL 
328.0000    6    2.000   1.0000         pwNov
330.0000    0    2.000   1.0000          NULL 
332.0000    2    2.000   1.0000         rwOrt
334.0000    6    2.000   1.0000         pwNov
336.0000    4    2.000   1.0000         pwRep
338.0000    5    2.000   1.0000         pwOrt
340.0000    0    2.000   1.0000          NULL 
342.0000    5    2.000   1.0000         pwOrt
344.0000    5    2.000   1.0000         pwOrt
346.0000    6    2.000   1.0000         pwNov
348.0000    1    2.000   1.0000         rwRep
350.0000    0    2.000   1.0000          NULL 
352.0000    6    2.000   1.0000         pwNov
354.0000    5    2.000   1.0000         pwOrt
356.0000    5    2.000   1.0000         pwOrt
358.0000    4    2.000   1.0000         pwRep
