  0.0000    1    2.000   1.0000         rwRep
  2.0000    2    2.000   1.0000         rwOrt
  4.0000    5    2.000   1.0000         pwOrt
  6.0000    4    2.000   1.0000         pwRep
  8.0000    5    2.000   1.0000         pwOrt
 10.0000    4    2.000   1.0000         pwRep
 12.0000    4    2.000   1.0000         pwRep
 14.0000    5    2.000   1.0000         pwOrt
 16.0000    0    4.000   1.0000          NULL 
 20.0000    3    2.000   1.0000         rwNov
 22.0000    3    2.000   1.0000         rwNov
 24.0000    1    2.000   1.0000         rwRep
 26.0000    1    2.000   1.0000         rwRep
 28.0000    0    4.000   1.0000          NULL 
 32.0000    3    2.000   1.0000         rwNov
 34.0000    4    2.000   1.0000         pwRep
 36.0000    0    8.000   1.0000          NULL 
 44.0000    5    2.000   1.0000         pwOrt
 46.0000    0    2.000   1.0000          NULL 
 48.0000    3    2.000   1.0000         rwNov
 50.0000    6    2.000   1.0000         pwNov
 52.0000    3    2.000   1.0000         rwNov
 54.0000    0    2.000   1.0000          NULL 
 56.0000    5    2.000   1.0000         pwOrt
 58.0000    6    2.000   1.0000         pwNov
 60.0000    3    2.000   1.0000         rwNov
 62.0000    0    2.000   1.0000          NULL 
 64.0000    3    2.000   1.0000         rwNov
 66.0000    4    2.000   1.0000         pwRep
 68.0000    0    2.000   1.0000          NULL 
 70.0000    5    2.000   1.0000         pwOrt
 72.0000    3    2.000   1.0000         rwNov
 74.0000    0    2.000   1.0000          NULL 
 76.0000    1    2.000   1.0000         rwRep
 78.0000    1    2.000   1.0000         rwRep
 80.0000    6    2.000   1.0000         pwNov
 82.0000    0    2.000   1.0000          NULL 
 84.0000    6    2.000   1.0000         pwNov
 86.0000    2    2.000   1.0000         rwOrt
 88.0000    0    2.000   1.0000          NULL 
 90.0000    1    2.000   1.0000         rwRep
 92.0000    6    2.000   1.0000         pwNov
 94.0000    1    2.000   1.0000         rwRep
 96.0000    5    2.000   1.0000         pwOrt
 98.0000    3    2.000   1.0000         rwNov
100.0000    0    4.000   1.0000          NULL 
104.0000    4    2.000   1.0000         pwRep
106.0000    3    2.000   1.0000         rwNov
108.0000    0    2.000   1.0000          NULL 
110.0000    2    2.000   1.0000         rwOrt
112.0000    0    2.000   1.0000          NULL 
114.0000    1    2.000   1.0000         rwRep
116.0000    0    4.000   1.0000          NULL 
120.0000    6    2.000   1.0000         pwNov
122.0000    0    2.000   1.0000          NULL 
124.0000    3    2.000   1.0000         rwNov
126.0000    1    2.000   1.0000         rwRep
128.0000    2    2.000   1.0000         rwOrt
130.0000    6    2.000   1.0000         pwNov
132.0000    0    2.000   1.0000          NULL 
134.0000    3    2.000   1.0000         rwNov
136.0000    2    2.000   1.0000         rwOrt
138.0000    3    2.000   1.0000         rwNov
140.0000    0    2.000   1.0000          NULL 
142.0000    4    2.000   1.0000         pwRep
144.0000    0    2.000   1.0000          NULL 
146.0000    5    2.000   1.0000         pwOrt
148.0000    2    2.000   1.0000         rwOrt
150.0000    2    2.000   1.0000         rwOrt
152.0000    0    4.000   1.0000          NULL 
156.0000    4    2.000   1.0000         pwRep
158.0000    1    2.000   1.0000         rwRep
160.0000    0    2.000   1.0000          NULL 
162.0000    3    2.000   1.0000         rwNov
164.0000    2    2.000   1.0000         rwOrt
166.0000    6    2.000   1.0000         pwNov
168.0000    2    2.000   1.0000         rwOrt
170.0000    0    2.000   1.0000          NULL 
172.0000    4    2.000   1.0000         pwRep
174.0000    0    2.000   1.0000          NULL 
176.0000    4    2.000   1.0000         pwRep
178.0000    3    2.000   1.0000         rwNov
180.0000    0    4.000   1.0000          NULL 
184.0000    5    2.000   1.0000         pwOrt
186.0000    0    2.000   1.0000          NULL 
188.0000    1    2.000   1.0000         rwRep
190.0000    0    2.000   1.0000          NULL 
192.0000    2    2.000   1.0000         rwOrt
194.0000    4    2.000   1.0000         pwRep
196.0000    0    2.000   1.0000          NULL 
198.0000    1    2.000   1.0000         rwRep
200.0000    3    2.000   1.0000         rwNov
202.0000    4    2.000   1.0000         pwRep
204.0000    1    2.000   1.0000         rwRep
206.0000    1    2.000   1.0000         rwRep
208.0000    6    2.000   1.0000         pwNov
210.0000    4    2.000   1.0000         pwRep
212.0000    0    4.000   1.0000          NULL 
216.0000    5    2.000   1.0000         pwOrt
218.0000    0    2.000   1.0000          NULL 
220.0000    2    2.000   1.0000         rwOrt
222.0000    3    2.000   1.0000         rwNov
224.0000    4    2.000   1.0000         pwRep
226.0000    6    2.000   1.0000         pwNov
228.0000    2    2.000   1.0000         rwOrt
230.0000    4    2.000   1.0000         pwRep
232.0000    5    2.000   1.0000         pwOrt
234.0000    0    2.000   1.0000          NULL 
236.0000    2    2.000   1.0000         rwOrt
238.0000    5    2.000   1.0000         pwOrt
240.0000    2    2.000   1.0000         rwOrt
242.0000    1    2.000   1.0000         rwRep
244.0000    1    2.000   1.0000         rwRep
246.0000    6    2.000   1.0000         pwNov
248.0000    5    2.000   1.0000         pwOrt
250.0000    0    6.000   1.0000          NULL 
256.0000    5    2.000   1.0000         pwOrt
258.0000    0    4.000   1.0000          NULL 
262.0000    3    2.000   1.0000         rwNov
264.0000    6    2.000   1.0000         pwNov
266.0000    4    2.000   1.0000         pwRep
268.0000    6    2.000   1.0000         pwNov
270.0000    0    2.000   1.0000          NULL 
272.0000    5    2.000   1.0000         pwOrt
274.0000    4    2.000   1.0000         pwRep
276.0000    0    2.000   1.0000          NULL 
278.0000    6    2.000   1.0000         pwNov
280.0000    3    2.000   1.0000         rwNov
282.0000    1    2.000   1.0000         rwRep
284.0000    6    2.000   1.0000         pwNov
286.0000    4    2.000   1.0000         pwRep
288.0000    0    4.000   1.0000          NULL 
292.0000    2    2.000   1.0000         rwOrt
294.0000    0    6.000   1.0000          NULL 
300.0000    2    2.000   1.0000         rwOrt
302.0000    1    2.000   1.0000         rwRep
304.0000    6    2.000   1.0000         pwNov
306.0000    0    6.000   1.0000          NULL 
312.0000    6    2.000   1.0000         pwNov
314.0000    5    2.000   1.0000         pwOrt
316.0000    0    2.000   1.0000          NULL 
318.0000    2    2.000   1.0000         rwOrt
320.0000    1    2.000   1.0000         rwRep
322.0000    0    2.000   1.0000          NULL 
324.0000    6    2.000   1.0000         pwNov
326.0000    1    2.000   1.0000         rwRep
328.0000    5    2.000   1.0000         pwOrt
330.0000    2    2.000   1.0000         rwOrt
332.0000    5    2.000   1.0000         pwOrt
334.0000    3    2.000   1.0000         rwNov
336.0000    5    2.000   1.0000         pwOrt
338.0000    6    2.000   1.0000         pwNov
340.0000    0    2.000   1.0000          NULL 
342.0000    2    2.000   1.0000         rwOrt
344.0000    0    4.000   1.0000          NULL 
348.0000    4    2.000   1.0000         pwRep
350.0000    0    2.000   1.0000          NULL 
352.0000    2    2.000   1.0000         rwOrt
354.0000    5    2.000   1.0000         pwOrt
356.0000    6    2.000   1.0000         pwNov
358.0000    4    2.000   1.0000         pwRep
