  0.0000    1    2.000   1.0000         rwRep
  2.0000    5    2.000   1.0000         pwOrt
  4.0000    2    2.000   1.0000         rwOrt
  6.0000    2    2.000   1.0000         rwOrt
  8.0000    4    2.000   1.0000         pwRep
 10.0000    4    2.000   1.0000         pwRep
 12.0000    0    2.000   1.0000          NULL 
 14.0000    1    2.000   1.0000         rwRep
 16.0000    5    2.000   1.0000         pwOrt
 18.0000    4    2.000   1.0000         pwRep
 20.0000    0    2.000   1.0000          NULL 
 22.0000    3    2.000   1.0000         rwNov
 24.0000    2    2.000   1.0000         rwOrt
 26.0000    4    2.000   1.0000         pwRep
 28.0000    1    2.000   1.0000         rwRep
 30.0000    1    2.000   1.0000         rwRep
 32.0000    5    2.000   1.0000         pwOrt
 34.0000    5    2.000   1.0000         pwOrt
 36.0000    0    4.000   1.0000          NULL 
 40.0000    2    2.000   1.0000         rwOrt
 42.0000    3    2.000   1.0000         rwNov
 44.0000    2    2.000   1.0000         rwOrt
 46.0000    5    2.000   1.0000         pwOrt
 48.0000    3    2.000   1.0000         rwNov
 50.0000    5    2.000   1.0000         pwOrt
 52.0000    0    2.000   1.0000          NULL 
 54.0000    6    2.000   1.0000         pwNov
 56.0000    0    2.000   1.0000          NULL 
 58.0000    6    2.000   1.0000         pwNov
 60.0000    1    2.000   1.0000         rwRep
 62.0000    0    8.000   1.0000          NULL 
 70.0000    4    2.000   1.0000         pwRep
 72.0000    1    2.000   1.0000         rwRep
 74.0000    2    2.000   1.0000         rwOrt
 76.0000    1    2.000   1.0000         rwRep
 78.0000    6    2.000   1.0000         pwNov
 80.0000    0    2.000   1.0000          NULL 
 82.0000    2    2.000   1.0000         rwOrt
 84.0000    0    2.000   1.0000          NULL 
 86.0000    4    2.000   1.0000         pwRep
 88.0000    3    2.000   1.0000         rwNov
 90.0000    4    2.000   1.0000         pwRep
 92.0000    0    2.000   1.0000          NULL 
 94.0000    4    2.000   1.0000         pwRep
 96.0000    0    4.000   1.0000          NULL 
100.0000    6    2.000   1.0000         pwNov
102.0000    3    2.000   1.0000         rwNov
104.0000    5    2.000   1.0000         pwOrt
106.0000    2    2.000   1.0000         rwOrt
108.0000    0    2.000   1.0000          NULL 
110.0000    6    2.000   1.0000         pwNov
112.0000    0    4.000   1.0000          NULL 
116.0000    3    2.000   1.0000         rwNov
118.0000    0    4.000   1.0000          NULL 
122.0000    3    2.000   1.0000         rwNov
124.0000    6    2.000   1.0000         pwNov
126.0000    0    2.000   1.0000          NULL 
128.0000    2    2.000   1.0000         rwOrt
130.0000    3    2.000   1.0000         rwNov
132.0000    3    2.000   1.0000         rwNov
134.0000    4    2.000   1.0000         pwRep
136.0000    5    2.000   1.0000         pwOrt
138.0000    0    2.000   1.0000          NULL 
140.0000    3    2.000   1.0000         rwNov
142.0000    1    2.000   1.0000         rwRep
144.0000    6    2.000   1.0000         pwNov
146.0000    6    2.000   1.0000         pwNov
148.0000    4    2.000   1.0000         pwRep
150.0000    0    4.000   1.0000          NULL 
154.0000    4    2.000   1.0000         pwRep
156.0000    0    2.000   1.0000          NULL 
158.0000    3    2.000   1.0000         rwNov
160.0000    0    2.000   1.0000          NULL 
162.0000    2    2.000   1.0000         rwOrt
164.0000    0    2.000   1.0000          NULL 
166.0000    5    2.000   1.0000         pwOrt
168.0000    0    4.000   1.0000          NULL 
172.0000    4    2.000   1.0000         pwRep
174.0000    2    2.000   1.0000         rwOrt
176.0000    2    2.000   1.0000         rwOrt
178.0000    0    2.000   1.0000          NULL 
180.0000    2    2.000   1.0000         rwOrt
182.0000    2    2.000   1.0000         rwOrt
184.0000    3    2.000   1.0000         rwNov
186.0000    5    2.000   1.0000         pwOrt
188.0000    0    2.000   1.0000          NULL 
190.0000    5    2.000   1.0000         pwOrt
192.0000    4    2.000   1.0000         pwRep
194.0000    0    2.000   1.0000          NULL 
196.0000    3    2.000   1.0000         rwNov
198.0000    0    2.000   1.0000          NULL 
200.0000    1    2.000   1.0000         rwRep
202.0000    1    2.000   1.0000         rwRep
204.0000    3    2.000   1.0000         rwNov
206.0000    3    2.000   1.0000         rwNov
208.0000    0    2.000   1.0000          NULL 
210.0000    1    2.000   1.0000         rwRep
212.0000    1    2.000   1.0000         rwRep
214.0000    0    2.000   1.0000          NULL 
216.0000    2    2.000   1.0000         rwOrt
218.0000    0    4.000   1.0000          NULL 
222.0000    5    2.000   1.0000         pwOrt
224.0000    6    2.000   1.0000         pwNov
226.0000    0    2.000   1.0000          NULL 
228.0000    6    2.000   1.0000         pwNov
230.0000    5    2.000   1.0000         pwOrt
232.0000    0    2.000   1.0000          NULL 
234.0000    4    2.000   1.0000         pwRep
236.0000    6    2.000   1.0000         pwNov
238.0000    5    2.000   1.0000         pwOrt
240.0000    5    2.000   1.0000         pwOrt
242.0000    6    2.000   1.0000         pwNov
244.0000    1    2.000   1.0000         rwRep
246.0000    6    2.000   1.0000         pwNov
248.0000    1    2.000   1.0000         rwRep
250.0000    4    2.000   1.0000         pwRep
252.0000    5    2.000   1.0000         pwOrt
254.0000    2    2.000   1.0000         rwOrt
256.0000    4    2.000   1.0000         pwRep
258.0000    3    2.000   1.0000         rwNov
260.0000    0    2.000   1.0000          NULL 
262.0000    3    2.000   1.0000         rwNov
264.0000    0    2.000   1.0000          NULL 
266.0000    6    2.000   1.0000         pwNov
268.0000    4    2.000   1.0000         pwRep
270.0000    1    2.000   1.0000         rwRep
272.0000    6    2.000   1.0000         pwNov
274.0000    6    2.000   1.0000         pwNov
276.0000    0    6.000   1.0000          NULL 
282.0000    6    2.000   1.0000         pwNov
284.0000    0    2.000   1.0000          NULL 
286.0000    2    2.000   1.0000         rwOrt
288.0000    0    2.000   1.0000          NULL 
290.0000    6    2.000   1.0000         pwNov
292.0000    2    2.000   1.0000         rwOrt
294.0000    0    4.000   1.0000          NULL 
298.0000    1    2.000   1.0000         rwRep
300.0000    2    2.000   1.0000         rwOrt
302.0000    4    2.000   1.0000         pwRep
304.0000    5    2.000   1.0000         pwOrt
306.0000    1    2.000   1.0000         rwRep
308.0000    3    2.000   1.0000         rwNov
310.0000    3    2.000   1.0000         rwNov
312.0000    0    4.000   1.0000          NULL 
316.0000    6    2.000   1.0000         pwNov
318.0000    1    2.000   1.0000         rwRep
320.0000    0    2.000   1.0000          NULL 
322.0000    5    2.000   1.0000         pwOrt
324.0000    4    2.000   1.0000         pwRep
326.0000    1    2.000   1.0000         rwRep
328.0000    0    8.000   1.0000          NULL 
336.0000    6    2.000   1.0000         pwNov
338.0000    0    2.000   1.0000          NULL 
340.0000    5    2.000   1.0000         pwOrt
342.0000    2    2.000   1.0000         rwOrt
344.0000    5    2.000   1.0000         pwOrt
346.0000    0    6.000   1.0000          NULL 
352.0000    3    2.000   1.0000         rwNov
354.0000    0    2.000   1.0000          NULL 
356.0000    1    2.000   1.0000         rwRep
358.0000    4    2.000   1.0000         pwRep
