  0.0000    5    2.000   1.0000         pwOrt
  2.0000    6    2.000   1.0000         pwNov
  4.0000    4    2.000   1.0000         pwRep
  6.0000    4    2.000   1.0000         pwRep
  8.0000    0    2.000   1.0000          NULL 
 10.0000    1    2.000   1.0000         rwRep
 12.0000    6    2.000   1.0000         pwNov
 14.0000    4    2.000   1.0000         pwRep
 16.0000    0    4.000   1.0000          NULL 
 20.0000    1    2.000   1.0000         rwRep
 22.0000    1    2.000   1.0000         rwRep
 24.0000    6    2.000   1.0000         pwNov
 26.0000    0    2.000   1.0000          NULL 
 28.0000    1    2.000   1.0000         rwRep
 30.0000    2    2.000   1.0000         rwOrt
 32.0000    2    2.000   1.0000         rwOrt
 34.0000    5    2.000   1.0000         pwOrt
 36.0000    1    2.000   1.0000         rwRep
 38.0000    2    2.000   1.0000         rwOrt
 40.0000    2    2.000   1.0000         rwOrt
 42.0000    0    2.000   1.0000          NULL 
 44.0000    3    2.000   1.0000         rwNov
 46.0000    0    2.000   1.0000          NULL 
 48.0000    4    2.000   1.0000         pwRep
 50.0000    5    2.000   1.0000         pwOrt
 52.0000    1    2.000   1.0000         rwRep
 54.0000    2    2.000   1.0000         rwOrt
 56.0000    2    2.000   1.0000         rwOrt
 58.0000    0    2.000   1.0000          NULL 
 60.0000    2    2.000   1.0000         rwOrt
 62.0000    0    2.000   1.0000          NULL 
 64.0000    3    2.000   1.0000         rwNov
 66.0000    1    2.000   1.0000         rwRep
 68.0000    3    2.000   1.0000         rwNov
 70.0000    0    2.000   1.0000          NULL 
 72.0000    5    2.000   1.0000         pwOrt
 74.0000    2    2.000   1.0000         rwOrt
 76.0000    6    2.000   1.0000         pwNov
 78.0000    0    2.000   1.0000          NULL 
 80.0000    4    2.000   1.0000         pwRep
 82.0000    4    2.000   1.0000         pwRep
 84.0000    0    2.000   1.0000          NULL 
 86.0000    2    2.000   1.0000         rwOrt
 88.0000    1    2.000   1.0000         rwRep
 90.0000    1    2.000   1.0000         rwRep
 92.0000    5    2.000   1.0000         pwOrt
 94.0000    5    2.000   1.0000         pwOrt
 96.0000    0    6.000   1.0000          NULL 
102.0000    5    2.000   1.0000         pwOrt
104.0000    3    2.000   1.0000         rwNov
106.0000    0    2.000   1.0000          NULL 
108.0000    5    2.000   1.0000         pwOrt
110.0000    3    2.000   1.0000         rwNov
112.0000    3    2.000   1.0000         rwNov
114.0000    6    2.000   1.0000         pwNov
116.0000    5    2.000   1.0000         pwOrt
118.0000    6    2.000   1.0000         pwNov
120.0000    3    2.000   1.0000         rwNov
122.0000    6    2.000   1.0000         pwNov
124.0000    3    2.000   1.0000         rwNov
126.0000    0    2.000   1.0000          NULL 
128.0000    6    2.000   1.0000         pwNov
130.0000    0    2.000   1.0000          NULL 
132.0000    1    2.000   1.0000         rwRep
134.0000    0    2.000   1.0000          NULL 
136.0000    2    2.000   1.0000         rwOrt
138.0000    6    2.000   1.0000         pwNov
140.0000    0    2.000   1.0000          NULL 
142.0000    6    2.000   1.0000         pwNov
144.0000    0    8.000   1.0000          NULL 
152.0000    2    2.000   1.0000         rwOrt
154.0000    4    2.000   1.0000         pwRep
156.0000    3    2.000   1.0000         rwNov
158.0000    0    2.000   1.0000          NULL 
160.0000    6    2.000   1.0000         pwNov
162.0000    6    2.000   1.0000         pwNov
164.0000    5    2.000   1.0000         pwOrt
166.0000    6    2.000   1.0000         pwNov
168.0000    0    4.000   1.0000          NULL 
172.0000    4    2.000   1.0000         pwRep
174.0000    2    2.000   1.0000         rwOrt
176.0000    6    2.000   1.0000         pwNov
178.0000    6    2.000   1.0000         pwNov
180.0000    3    2.000   1.0000         rwNov
182.0000    5    2.000   1.0000         pwOrt
184.0000    5    2.000   1.0000         pwOrt
186.0000    4    2.000   1.0000         pwRep
188.0000    0    4.000   1.0000          NULL 
192.0000    6    2.000   1.0000         pwNov
194.0000    2    2.000   1.0000         rwOrt
196.0000    2    2.000   1.0000         rwOrt
198.0000    3    2.000   1.0000         rwNov
200.0000    5    2.000   1.0000         pwOrt
202.0000    0    2.000   1.0000          NULL 
204.0000    2    2.000   1.0000         rwOrt
206.0000    6    2.000   1.0000         pwNov
208.0000    4    2.000   1.0000         pwRep
210.0000    0    2.000   1.0000          NULL 
212.0000    1    2.000   1.0000         rwRep
214.0000    4    2.000   1.0000         pwRep
216.0000    0    2.000   1.0000          NULL 
218.0000    1    2.000   1.0000         rwRep
220.0000    3    2.000   1.0000         rwNov
222.0000    0    4.000   1.0000          NULL 
226.0000    3    2.000   1.0000         rwNov
228.0000    0    4.000   1.0000          NULL 
232.0000    4    2.000   1.0000         pwRep
234.0000    6    2.000   1.0000         pwNov
236.0000    3    2.000   1.0000         rwNov
238.0000    3    2.000   1.0000         rwNov
240.0000    5    2.000   1.0000         pwOrt
242.0000    0    2.000   1.0000          NULL 
244.0000    4    2.000   1.0000         pwRep
246.0000    0    2.000   1.0000          NULL 
248.0000    6    2.000   1.0000         pwNov
250.0000    0    2.000   1.0000          NULL 
252.0000    3    2.000   1.0000         rwNov
254.0000    5    2.000   1.0000         pwOrt
256.0000    4    2.000   1.0000         pwRep
258.0000    0    4.000   1.0000          NULL 
262.0000    1    2.000   1.0000         rwRep
264.0000    5    2.000   1.0000         pwOrt
266.0000    4    2.000   1.0000         pwRep
268.0000    0    6.000   1.0000          NULL 
274.0000    1    2.000   1.0000         rwRep
276.0000    3    2.000   1.0000         rwNov
278.0000    1    2.000   1.0000         rwRep
280.0000    1    2.000   1.0000         rwRep
282.0000    0    2.000   1.0000          NULL 
284.0000    3    2.000   1.0000         rwNov
286.0000    2    2.000   1.0000         rwOrt
288.0000    2    2.000   1.0000         rwOrt
290.0000    5    2.000   1.0000         pwOrt
292.0000    0    4.000   1.0000          NULL 
296.0000    6    2.000   1.0000         pwNov
298.0000    1    2.000   1.0000         rwRep
300.0000    0    2.000   1.0000          NULL 
302.0000    5    2.000   1.0000         pwOrt
304.0000    5    2.000   1.0000         pwOrt
306.0000    0    2.000   1.0000          NULL 
308.0000    2    2.000   1.0000         rwOrt
310.0000    0    4.000   1.0000          NULL 
314.0000    3    2.000   1.0000         rwNov
316.0000    0    2.000   1.0000          NULL 
318.0000    5    2.000   1.0000         pwOrt
320.0000    0    2.000   1.0000          NULL 
322.0000    2    2.000   1.0000         rwOrt
324.0000    4    2.000   1.0000         pwRep
326.0000    2    2.000   1.0000         rwOrt
328.0000    1    2.000   1.0000         rwRep
330.0000    0    2.000   1.0000          NULL 
332.0000    1    2.000   1.0000         rwRep
334.0000    4    2.000   1.0000         pwRep
336.0000    4    2.000   1.0000         pwRep
338.0000    1    2.000   1.0000         rwRep
340.0000    4    2.000   1.0000         pwRep
342.0000    4    2.000   1.0000         pwRep
344.0000    0    6.000   1.0000          NULL 
350.0000    3    2.000   1.0000         rwNov
352.0000    0    8.000   1.0000          NULL 
