  0.0000    3    2.000   1.0000         rwNov
  2.0000    2    2.000   1.0000         rwOrt
  4.0000    5    2.000   1.0000         pwOrt
  6.0000    1    2.000   1.0000         rwRep
  8.0000    0    2.000   1.0000          NULL 
 10.0000    1    2.000   1.0000         rwRep
 12.0000    1    2.000   1.0000         rwRep
 14.0000    0    4.000   1.0000          NULL 
 18.0000    3    2.000   1.0000         rwNov
 20.0000    2    2.000   1.0000         rwOrt
 22.0000    2    2.000   1.0000         rwOrt
 24.0000    2    2.000   1.0000         rwOrt
 26.0000    0    4.000   1.0000          NULL 
 30.0000    3    2.000   1.0000         rwNov
 32.0000    0    2.000   1.0000          NULL 
 34.0000    6    2.000   1.0000         pwNov
 36.0000    3    2.000   1.0000         rwNov
 38.0000    1    2.000   1.0000         rwRep
 40.0000    2    2.000   1.0000         rwOrt
 42.0000    6    2.000   1.0000         pwNov
 44.0000    6    2.000   1.0000         pwNov
 46.0000    1    2.000   1.0000         rwRep
 48.0000    0    2.000   1.0000          NULL 
 50.0000    1    2.000   1.0000         rwRep
 52.0000    4    2.000   1.0000         pwRep
 54.0000    0    6.000   1.0000          NULL 
 60.0000    2    2.000   1.0000         rwOrt
 62.0000    0    2.000   1.0000          NULL 
 64.0000    6    2.000   1.0000         pwNov
 66.0000    2    2.000   1.0000         rwOrt
 68.0000    5    2.000   1.0000         pwOrt
 70.0000    3    2.000   1.0000         rwNov
 72.0000    1    2.000   1.0000         rwRep
 74.0000    3    2.000   1.0000         rwNov
 76.0000    0    2.000   1.0000          NULL 
 78.0000    6    2.000   1.0000         pwNov
 80.0000    0    2.000   1.0000          NULL 
 82.0000    3    2.000   1.0000         rwNov
 84.0000    4    2.000   1.0000         pwRep
 86.0000    2    2.000   1.0000         rwOrt
 88.0000    1    2.000   1.0000         rwRep
 90.0000    1    2.000   1.0000         rwRep
 92.0000    5    2.000   1.0000         pwOrt
 94.0000    3    2.000   1.0000         rwNov
 96.0000    0    4.000   1.0000          NULL 
100.0000    2    2.000   1.0000         rwOrt
102.0000    2    2.000   1.0000         rwOrt
104.0000    6    2.000   1.0000         pwNov
106.0000    0    4.000   1.0000          NULL 
110.0000    2    2.000   1.0000         rwOrt
112.0000    4    2.000   1.0000         pwRep
114.0000    1    2.000   1.0000         rwRep
116.0000    0    2.000   1.0000          NULL 
118.0000    4    2.000   1.0000         pwRep
120.0000    3    2.000   1.0000         rwNov
122.0000    6    2.000   1.0000         pwNov
124.0000    5    2.000   1.0000         pwOrt
126.0000    0    2.000   1.0000          NULL 
128.0000    3    2.000   1.0000         rwNov
130.0000    0    4.000   1.0000          NULL 
134.0000    1    2.000   1.0000         rwRep
136.0000    1    2.000   1.0000         rwRep
138.0000    1    2.000   1.0000         rwRep
140.0000    6    2.000   1.0000         pwNov
142.0000    5    2.000   1.0000         pwOrt
144.0000    0    4.000   1.0000          NULL 
148.0000    5    2.000   1.0000         pwOrt
150.0000    4    2.000   1.0000         pwRep
152.0000    3    2.000   1.0000         rwNov
154.0000    5    2.000   1.0000         pwOrt
156.0000    0    4.000   1.0000          NULL 
160.0000    5    2.000   1.0000         pwOrt
162.0000    0    2.000   1.0000          NULL 
164.0000    1    2.000   1.0000         rwRep
166.0000    6    2.000   1.0000         pwNov
168.0000    1    2.000   1.0000         rwRep
170.0000    0    2.000   1.0000          NULL 
172.0000    4    2.000   1.0000         pwRep
174.0000    0    4.000   1.0000          NULL 
178.0000    4    2.000   1.0000         pwRep
180.0000    3    2.000   1.0000         rwNov
182.0000    5    2.000   1.0000         pwOrt
184.0000    0    2.000   1.0000          NULL 
186.0000    6    2.000   1.0000         pwNov
188.0000    0    2.000   1.0000          NULL 
190.0000    4    2.000   1.0000         pwRep
192.0000    5    2.000   1.0000         pwOrt
194.0000    2    2.000   1.0000         rwOrt
196.0000    0    2.000   1.0000          NULL 
198.0000    3    2.000   1.0000         rwNov
200.0000    2    2.000   1.0000         rwOrt
202.0000    2    2.000   1.0000         rwOrt
204.0000    0    4.000   1.0000          NULL 
208.0000    5    2.000   1.0000         pwOrt
210.0000    0    4.000   1.0000          NULL 
214.0000    2    2.000   1.0000         rwOrt
216.0000    6    2.000   1.0000         pwNov
218.0000    0    2.000   1.0000          NULL 
220.0000    2    2.000   1.0000         rwOrt
222.0000    5    2.000   1.0000         pwOrt
224.0000    4    2.000   1.0000         pwRep
226.0000    3    2.000   1.0000         rwNov
228.0000    0    6.000   1.0000          NULL 
234.0000    1    2.000   1.0000         rwRep
236.0000    6    2.000   1.0000         pwNov
238.0000    4    2.000   1.0000         pwRep
240.0000    0    2.000   1.0000          NULL 
242.0000    6    2.000   1.0000         pwNov
244.0000    3    2.000   1.0000         rwNov
246.0000    0    2.000   1.0000          NULL 
248.0000    2    2.000   1.0000         rwOrt
250.0000    0    2.000   1.0000          NULL 
252.0000    4    2.000   1.0000         pwRep
254.0000    0    2.000   1.0000          NULL 
256.0000    5    2.000   1.0000         pwOrt
258.0000    6    2.000   1.0000         pwNov
260.0000    3    2.000   1.0000         rwNov
262.0000    4    2.000   1.0000         pwRep
264.0000    4    2.000   1.0000         pwRep
266.0000    0    4.000   1.0000          NULL 
270.0000    1    2.000   1.0000         rwRep
272.0000    4    2.000   1.0000         pwRep
274.0000    5    2.000   1.0000         pwOrt
276.0000    0    2.000   1.0000          NULL 
278.0000    4    2.000   1.0000         pwRep
280.0000    0    2.000   1.0000          NULL 
282.0000    5    2.000   1.0000         pwOrt
284.0000    1    2.000   1.0000         rwRep
286.0000    5    2.000   1.0000         pwOrt
288.0000    6    2.000   1.0000         pwNov
290.0000    6    2.000   1.0000         pwNov
292.0000    0    2.000   1.0000          NULL 
294.0000    6    2.000   1.0000         pwNov
296.0000    6    2.000   1.0000         pwNov
298.0000    0    4.000   1.0000          NULL 
302.0000    4    2.000   1.0000         pwRep
304.0000    0    2.000   1.0000          NULL 
306.0000    3    2.000   1.0000         rwNov
308.0000    1    2.000   1.0000         rwRep
310.0000    2    2.000   1.0000         rwOrt
312.0000    5    2.000   1.0000         pwOrt
314.0000    6    2.000   1.0000         pwNov
316.0000    4    2.000   1.0000         pwRep
318.0000    0    4.000   1.0000          NULL 
322.0000    5    2.000   1.0000         pwOrt
324.0000    0    2.000   1.0000          NULL 
326.0000    5    2.000   1.0000         pwOrt
328.0000    1    2.000   1.0000         rwRep
330.0000    0    2.000   1.0000          NULL 
332.0000    6    2.000   1.0000         pwNov
334.0000    3    2.000   1.0000         rwNov
336.0000    3    2.000   1.0000         rwNov
338.0000    0    2.000   1.0000          NULL 
340.0000    5    2.000   1.0000         pwOrt
342.0000    0    2.000   1.0000          NULL 
344.0000    2    2.000   1.0000         rwOrt
346.0000    3    2.000   1.0000         rwNov
348.0000    2    2.000   1.0000         rwOrt
350.0000    0    2.000   1.0000          NULL 
352.0000    4    2.000   1.0000         pwRep
354.0000    4    2.000   1.0000         pwRep
356.0000    0    2.000   1.0000          NULL 
358.0000    4    2.000   1.0000         pwRep
