  0.0000    2    2.000   1.0000         rwOrt
  2.0000    2    2.000   1.0000         rwOrt
  4.0000    3    2.000   1.0000         rwNov
  6.0000    5    2.000   1.0000         pwOrt
  8.0000    0    2.000   1.0000          NULL 
 10.0000    6    2.000   1.0000         pwNov
 12.0000    0    2.000   1.0000          NULL 
 14.0000    3    2.000   1.0000         rwNov
 16.0000    1    2.000   1.0000         rwRep
 18.0000    6    2.000   1.0000         pwNov
 20.0000    2    2.000   1.0000         rwOrt
 22.0000    3    2.000   1.0000         rwNov
 24.0000    0    2.000   1.0000          NULL 
 26.0000    1    2.000   1.0000         rwRep
 28.0000    6    2.000   1.0000         pwNov
 30.0000    5    2.000   1.0000         pwOrt
 32.0000    2    2.000   1.0000         rwOrt
 34.0000    0    2.000   1.0000          NULL 
 36.0000    1    2.000   1.0000         rwRep
 38.0000    0    2.000   1.0000          NULL 
 40.0000    4    2.000   1.0000         pwRep
 42.0000    4    2.000   1.0000         pwRep
 44.0000    5    2.000   1.0000         pwOrt
 46.0000    4    2.000   1.0000         pwRep
 48.0000    5    2.000   1.0000         pwOrt
 50.0000    0    4.000   1.0000          NULL 
 54.0000    2    2.000   1.0000         rwOrt
 56.0000    6    2.000   1.0000         pwNov
 58.0000    6    2.000   1.0000         pwNov
 60.0000    1    2.000   1.0000         rwRep
 62.0000    2    2.000   1.0000         rwOrt
 64.0000    5    2.000   1.0000         pwOrt
 66.0000    2    2.000   1.0000         rwOrt
 68.0000    3    2.000   1.0000         rwNov
 70.0000    4    2.000   1.0000         pwRep
 72.0000    2    2.000   1.0000         rwOrt
 74.0000    3    2.000   1.0000         rwNov
 76.0000    0    2.000   1.0000          NULL 
 78.0000    6    2.000   1.0000         pwNov
 80.0000    5    2.000   1.0000         pwOrt
 82.0000    0    2.000   1.0000          NULL 
 84.0000    5    2.000   1.0000         pwOrt
 86.0000    0    2.000   1.0000          NULL 
 88.0000    4    2.000   1.0000         pwRep
 90.0000    3    2.000   1.0000         rwNov
 92.0000    1    2.000   1.0000         rwRep
 94.0000    5    2.000   1.0000         pwOrt
 96.0000    2    2.000   1.0000         rwOrt
 98.0000    5    2.000   1.0000         pwOrt
100.0000    4    2.000   1.0000         pwRep
102.0000    4    2.000   1.0000         pwRep
104.0000    0    2.000   1.0000          NULL 
106.0000    2    2.000   1.0000         rwOrt
108.0000    0    2.000   1.0000          NULL 
110.0000    3    2.000   1.0000         rwNov
112.0000    1    2.000   1.0000         rwRep
114.0000    3    2.000   1.0000         rwNov
116.0000    6    2.000   1.0000         pwNov
118.0000    0    4.000   1.0000          NULL 
122.0000    6    2.000   1.0000         pwNov
124.0000    6    2.000   1.0000         pwNov
126.0000    0    4.000   1.0000          NULL 
130.0000    1    2.000   1.0000         rwRep
132.0000    4    2.000   1.0000         pwRep
134.0000    3    2.000   1.0000         rwNov
136.0000    5    2.000   1.0000         pwOrt
138.0000    2    2.000   1.0000         rwOrt
140.0000    6    2.000   1.0000         pwNov
142.0000    0    8.000   1.0000          NULL 
150.0000    2    2.000   1.0000         rwOrt
152.0000    0    6.000   1.0000          NULL 
158.0000    5    2.000   1.0000         pwOrt
160.0000    2    2.000   1.0000         rwOrt
162.0000    2    2.000   1.0000         rwOrt
164.0000    0    2.000   1.0000          NULL 
166.0000    4    2.000   1.0000         pwRep
168.0000    2    2.000   1.0000         rwOrt
170.0000    0    4.000   1.0000          NULL 
174.0000    4    2.000   1.0000         pwRep
176.0000    4    2.000   1.0000         pwRep
178.0000    0    2.000   1.0000          NULL 
180.0000    4    2.000   1.0000         pwRep
182.0000    1    2.000   1.0000         rwRep
184.0000    0    2.000   1.0000          NULL 
186.0000    1    2.000   1.0000         rwRep
188.0000    1    2.000   1.0000         rwRep
190.0000    2    2.000   1.0000         rwOrt
192.0000    2    2.000   1.0000         rwOrt
194.0000    6    2.000   1.0000         pwNov
196.0000    0    2.000   1.0000          NULL 
198.0000    5    2.000   1.0000         pwOrt
200.0000    1    2.000   1.0000         rwRep
202.0000    6    2.000   1.0000         pwNov
204.0000    5    2.000   1.0000         pwOrt
206.0000    0    4.000   1.0000          NULL 
210.0000    1    2.000   1.0000         rwRep
212.0000    0    2.000   1.0000          NULL 
214.0000    4    2.000   1.0000         pwRep
216.0000    1    2.000   1.0000         rwRep
218.0000    2    2.000   1.0000         rwOrt
220.0000    0    2.000   1.0000          NULL 
222.0000    4    2.000   1.0000         pwRep
224.0000    5    2.000   1.0000         pwOrt
226.0000    5    2.000   1.0000         pwOrt
228.0000    0    6.000   1.0000          NULL 
234.0000    5    2.000   1.0000         pwOrt
236.0000    0    4.000   1.0000          NULL 
240.0000    2    2.000   1.0000         rwOrt
242.0000    2    2.000   1.0000         rwOrt
244.0000    1    2.000   1.0000         rwRep
246.0000    4    2.000   1.0000         pwRep
248.0000    3    2.000   1.0000         rwNov
250.0000    3    2.000   1.0000         rwNov
252.0000    5    2.000   1.0000         pwOrt
254.0000    0    4.000   1.0000          NULL 
258.0000    4    2.000   1.0000         pwRep
260.0000    0    4.000   1.0000          NULL 
264.0000    3    2.000   1.0000         rwNov
266.0000    0    4.000   1.0000          NULL 
270.0000    3    2.000   1.0000         rwNov
272.0000    0    2.000   1.0000          NULL 
274.0000    1    2.000   1.0000         rwRep
276.0000    0    2.000   1.0000          NULL 
278.0000    6    2.000   1.0000         pwNov
280.0000    0    2.000   1.0000          NULL 
282.0000    3    2.000   1.0000         rwNov
284.0000    3    2.000   1.0000         rwNov
286.0000    3    2.000   1.0000         rwNov
288.0000    6    2.000   1.0000         pwNov
290.0000    4    2.000   1.0000         pwRep
292.0000    1    2.000   1.0000         rwRep
294.0000    1    2.000   1.0000         rwRep
296.0000    6    2.000   1.0000         pwNov
298.0000    3    2.000   1.0000         rwNov
300.0000    6    2.000   1.0000         pwNov
302.0000    4    2.000   1.0000         pwRep
304.0000    0    6.000   1.0000          NULL 
310.0000    6    2.000   1.0000         pwNov
312.0000    1    2.000   1.0000         rwRep
314.0000    6    2.000   1.0000         pwNov
316.0000    0    4.000   1.0000          NULL 
320.0000    6    2.000   1.0000         pwNov
322.0000    0    4.000   1.0000          NULL 
326.0000    3    2.000   1.0000         rwNov
328.0000    5    2.000   1.0000         pwOrt
330.0000    0    2.000   1.0000          NULL 
332.0000    4    2.000   1.0000         pwRep
334.0000    0    2.000   1.0000          NULL 
336.0000    6    2.000   1.0000         pwNov
338.0000    3    2.000   1.0000         rwNov
340.0000    1    2.000   1.0000         rwRep
342.0000    5    2.000   1.0000         pwOrt
344.0000    0    4.000   1.0000          NULL 
348.0000    5    2.000   1.0000         pwOrt
350.0000    0    2.000   1.0000          NULL 
352.0000    4    2.000   1.0000         pwRep
354.0000    0    2.000   1.0000          NULL 
356.0000    3    2.000   1.0000         rwNov
358.0000    1    2.000   1.0000         rwRep
