  0.0000    6    2.000   1.0000         pwNov
  2.0000    5    2.000   1.0000         pwOrt
  4.0000    1    2.000   1.0000         rwRep
  6.0000    0    2.000   1.0000          NULL 
  8.0000    2    2.000   1.0000         rwOrt
 10.0000    0    2.000   1.0000          NULL 
 12.0000    5    2.000   1.0000         pwOrt
 14.0000    2    2.000   1.0000         rwOrt
 16.0000    0    2.000   1.0000          NULL 
 18.0000    4    2.000   1.0000         pwRep
 20.0000    4    2.000   1.0000         pwRep
 22.0000    2    2.000   1.0000         rwOrt
 24.0000    0    2.000   1.0000          NULL 
 26.0000    1    2.000   1.0000         rwRep
 28.0000    4    2.000   1.0000         pwRep
 30.0000    0    4.000   1.0000          NULL 
 34.0000    2    2.000   1.0000         rwOrt
 36.0000    3    2.000   1.0000         rwNov
 38.0000    4    2.000   1.0000         pwRep
 40.0000    3    2.000   1.0000         rwNov
 42.0000    6    2.000   1.0000         pwNov
 44.0000    3    2.000   1.0000         rwNov
 46.0000    0    2.000   1.0000          NULL 
 48.0000    1    2.000   1.0000         rwRep
 50.0000    2    2.000   1.0000         rwOrt
 52.0000    2    2.000   1.0000         rwOrt
 54.0000    0    6.000   1.0000          NULL 
 60.0000    6    2.000   1.0000         pwNov
 62.0000    2    2.000   1.0000         rwOrt
 64.0000    0    2.000   1.0000          NULL 
 66.0000    6    2.000   1.0000         pwNov
 68.0000    0    2.000   1.0000          NULL 
 70.0000    3    2.000   1.0000         rwNov
 72.0000    1    2.000   1.0000         rwRep
 74.0000    0    6.000   1.0000          NULL 
 80.0000    3    2.000   1.0000         rwNov
 82.0000    6    2.000   1.0000         pwNov
 84.0000    6    2.000   1.0000         pwNov
 86.0000    6    2.000   1.0000         pwNov
 88.0000    0    2.000   1.0000          NULL 
 90.0000    1    2.000   1.0000         rwRep
 92.0000    0    2.000   1.0000          NULL 
 94.0000    4    2.000   1.0000         pwRep
 96.0000    2    2.000   1.0000         rwOrt
 98.0000    6    2.000   1.0000         pwNov
100.0000    0    2.000   1.0000          NULL 
102.0000    2    2.000   1.0000         rwOrt
104.0000    6    2.000   1.0000         pwNov
106.0000    0    2.000   1.0000          NULL 
108.0000    6    2.000   1.0000         pwNov
110.0000    0    2.000   1.0000          NULL 
112.0000    2    2.000   1.0000         rwOrt
114.0000    1    2.000   1.0000         rwRep
116.0000    4    2.000   1.0000         pwRep
118.0000    4    2.000   1.0000         pwRep
120.0000    5    2.000   1.0000         pwOrt
122.0000    2    2.000   1.0000         rwOrt
124.0000    0    4.000   1.0000          NULL 
128.0000    4    2.000   1.0000         pwRep
130.0000    5    2.000   1.0000         pwOrt
132.0000    0    2.000   1.0000          NULL 
134.0000    5    2.000   1.0000         pwOrt
136.0000    3    2.000   1.0000         rwNov
138.0000    0    2.000   1.0000          NULL 
140.0000    5    2.000   1.0000         pwOrt
142.0000    4    2.000   1.0000         pwRep
144.0000    0    2.000   1.0000          NULL 
146.0000    1    2.000   1.0000         rwRep
148.0000    4    2.000   1.0000         pwRep
150.0000    0    2.000   1.0000          NULL 
152.0000    4    2.000   1.0000         pwRep
154.0000    6    2.000   1.0000         pwNov
156.0000    5    2.000   1.0000         pwOrt
158.0000    6    2.000   1.0000         pwNov
160.0000    3    2.000   1.0000         rwNov
162.0000    5    2.000   1.0000         pwOrt
164.0000    0    2.000   1.0000          NULL 
166.0000    1    2.000   1.0000         rwRep
168.0000    0    2.000   1.0000          NULL 
170.0000    2    2.000   1.0000         rwOrt
172.0000    1    2.000   1.0000         rwRep
174.0000    0    2.000   1.0000          NULL 
176.0000    6    2.000   1.0000         pwNov
178.0000    2    2.000   1.0000         rwOrt
180.0000    4    2.000   1.0000         pwRep
182.0000    3    2.000   1.0000         rwNov
184.0000    0    2.000   1.0000          NULL 
186.0000    4    2.000   1.0000         pwRep
188.0000    1    2.000   1.0000         rwRep
190.0000    5    2.000   1.0000         pwOrt
192.0000    0    2.000   1.0000          NULL 
194.0000    3    2.000   1.0000         rwNov
196.0000    1    2.000   1.0000         rwRep
198.0000    5    2.000   1.0000         pwOrt
200.0000    0    2.000   1.0000          NULL 
202.0000    2    2.000   1.0000         rwOrt
204.0000    5    2.000   1.0000         pwOrt
206.0000    1    2.000   1.0000         rwRep
208.0000    5    2.000   1.0000         pwOrt
210.0000    0    6.000   1.0000          NULL 
216.0000    4    2.000   1.0000         pwRep
218.0000    6    2.000   1.0000         pwNov
220.0000    0    2.000   1.0000          NULL 
222.0000    3    2.000   1.0000         rwNov
224.0000    5    2.000   1.0000         pwOrt
226.0000    0    2.000   1.0000          NULL 
228.0000    4    2.000   1.0000         pwRep
230.0000    0    2.000   1.0000          NULL 
232.0000    3    2.000   1.0000         rwNov
234.0000    0    6.000   1.0000          NULL 
240.0000    5    2.000   1.0000         pwOrt
242.0000    0    2.000   1.0000          NULL 
244.0000    3    2.000   1.0000         rwNov
246.0000    0    4.000   1.0000          NULL 
250.0000    2    2.000   1.0000         rwOrt
252.0000    2    2.000   1.0000         rwOrt
254.0000    2    2.000   1.0000         rwOrt
256.0000    3    2.000   1.0000         rwNov
258.0000    5    2.000   1.0000         pwOrt
260.0000    0    2.000   1.0000          NULL 
262.0000    1    2.000   1.0000         rwRep
264.0000    1    2.000   1.0000         rwRep
266.0000    3    2.000   1.0000         rwNov
268.0000    2    2.000   1.0000         rwOrt
270.0000    0    2.000   1.0000          NULL 
272.0000    1    2.000   1.0000         rwRep
274.0000    3    2.000   1.0000         rwNov
276.0000    1    2.000   1.0000         rwRep
278.0000    0    2.000   1.0000          NULL 
280.0000    5    2.000   1.0000         pwOrt
282.0000    6    2.000   1.0000         pwNov
284.0000    4    2.000   1.0000         pwRep
286.0000    2    2.000   1.0000         rwOrt
288.0000    0    2.000   1.0000          NULL 
290.0000    5    2.000   1.0000         pwOrt
292.0000    3    2.000   1.0000         rwNov
294.0000    4    2.000   1.0000         pwRep
296.0000    5    2.000   1.0000         pwOrt
298.0000    6    2.000   1.0000         pwNov
300.0000    1    2.000   1.0000         rwRep
302.0000    0    2.000   1.0000          NULL 
304.0000    3    2.000   1.0000         rwNov
306.0000    0    4.000   1.0000          NULL 
310.0000    3    2.000   1.0000         rwNov
312.0000    1    2.000   1.0000         rwRep
314.0000    4    2.000   1.0000         pwRep
316.0000    6    2.000   1.0000         pwNov
318.0000    0    4.000   1.0000          NULL 
322.0000    1    2.000   1.0000         rwRep
324.0000    5    2.000   1.0000         pwOrt
326.0000    0    2.000   1.0000          NULL 
328.0000    5    2.000   1.0000         pwOrt
330.0000    6    2.000   1.0000         pwNov
332.0000    0    2.000   1.0000          NULL 
334.0000    2    2.000   1.0000         rwOrt
336.0000    4    2.000   1.0000         pwRep
338.0000    4    2.000   1.0000         pwRep
340.0000    0    4.000   1.0000          NULL 
344.0000    6    2.000   1.0000         pwNov
346.0000    3    2.000   1.0000         rwNov
348.0000    3    2.000   1.0000         rwNov
350.0000    0    2.000   1.0000          NULL 
352.0000    1    2.000   1.0000         rwRep
354.0000    0    2.000   1.0000          NULL 
356.0000    6    2.000   1.0000         pwNov
358.0000    0    2.000   1.0000          NULL 
