  0.0000    4    2.000   1.0000         pwRep
  2.0000    5    2.000   1.0000         pwOrt
  4.0000    1    2.000   1.0000         rwRep
  6.0000    3    2.000   1.0000         rwNov
  8.0000    0    2.000   1.0000          NULL 
 10.0000    1    2.000   1.0000         rwRep
 12.0000    1    2.000   1.0000         rwRep
 14.0000    2    2.000   1.0000         rwOrt
 16.0000    3    2.000   1.0000         rwNov
 18.0000    3    2.000   1.0000         rwNov
 20.0000    2    2.000   1.0000         rwOrt
 22.0000    0    2.000   1.0000          NULL 
 24.0000    5    2.000   1.0000         pwOrt
 26.0000    4    2.000   1.0000         pwRep
 28.0000    0    2.000   1.0000          NULL 
 30.0000    3    2.000   1.0000         rwNov
 32.0000    0    2.000   1.0000          NULL 
 34.0000    2    2.000   1.0000         rwOrt
 36.0000    0    2.000   1.0000          NULL 
 38.0000    2    2.000   1.0000         rwOrt
 40.0000    5    2.000   1.0000         pwOrt
 42.0000    0    2.000   1.0000          NULL 
 44.0000    3    2.000   1.0000         rwNov
 46.0000    6    2.000   1.0000         pwNov
 48.0000    3    2.000   1.0000         rwNov
 50.0000    1    2.000   1.0000         rwRep
 52.0000    0    2.000   1.0000          NULL 
 54.0000    6    2.000   1.0000         pwNov
 56.0000    5    2.000   1.0000         pwOrt
 58.0000    2    2.000   1.0000         rwOrt
 60.0000    2    2.000   1.0000         rwOrt
 62.0000    4    2.000   1.0000         pwRep
 64.0000    4    2.000   1.0000         pwRep
 66.0000    4    2.000   1.0000         pwRep
 68.0000    6    2.000   1.0000         pwNov
 70.0000    0    2.000   1.0000          NULL 
 72.0000    6    2.000   1.0000         pwNov
 74.0000    0    2.000   1.0000          NULL 
 76.0000    5    2.000   1.0000         pwOrt
 78.0000    4    2.000   1.0000         pwRep
 80.0000    0    6.000   1.0000          NULL 
 86.0000    3    2.000   1.0000         rwNov
 88.0000    3    2.000   1.0000         rwNov
 90.0000    1    2.000   1.0000         rwRep
 92.0000    0    6.000   1.0000          NULL 
 98.0000    5    2.000   1.0000         pwOrt
100.0000    3    2.000   1.0000         rwNov
102.0000    4    2.000   1.0000         pwRep
104.0000    0    4.000   1.0000          NULL 
108.0000    4    2.000   1.0000         pwRep
110.0000    6    2.000   1.0000         pwNov
112.0000    0    2.000   1.0000          NULL 
114.0000    1    2.000   1.0000         rwRep
116.0000    1    2.000   1.0000         rwRep
118.0000    2    2.000   1.0000         rwOrt
120.0000    4    2.000   1.0000         pwRep
122.0000    3    2.000   1.0000         rwNov
124.0000    5    2.000   1.0000         pwOrt
126.0000    0    2.000   1.0000          NULL 
128.0000    6    2.000   1.0000         pwNov
130.0000    6    2.000   1.0000         pwNov
132.0000    2    2.000   1.0000         rwOrt
134.0000    2    2.000   1.0000         rwOrt
136.0000    2    2.000   1.0000         rwOrt
138.0000    0    6.000   1.0000          NULL 
144.0000    4    2.000   1.0000         pwRep
146.0000    1    2.000   1.0000         rwRep
148.0000    0    2.000   1.0000          NULL 
150.0000    3    2.000   1.0000         rwNov
152.0000    4    2.000   1.0000         pwRep
154.0000    1    2.000   1.0000         rwRep
156.0000    0    6.000   1.0000          NULL 
162.0000    5    2.000   1.0000         pwOrt
164.0000    0    2.000   1.0000          NULL 
166.0000    5    2.000   1.0000         pwOrt
168.0000    2    2.000   1.0000         rwOrt
170.0000    5    2.000   1.0000         pwOrt
172.0000    5    2.000   1.0000         pwOrt
174.0000    2    2.000   1.0000         rwOrt
176.0000    0    8.000   1.0000          NULL 
184.0000    1    2.000   1.0000         rwRep
186.0000    6    2.000   1.0000         pwNov
188.0000    1    2.000   1.0000         rwRep
190.0000    5    2.000   1.0000         pwOrt
192.0000    0    2.000   1.0000          NULL 
194.0000    5    2.000   1.0000         pwOrt
196.0000    5    2.000   1.0000         pwOrt
198.0000    0    4.000   1.0000          NULL 
202.0000    5    2.000   1.0000         pwOrt
204.0000    5    2.000   1.0000         pwOrt
206.0000    6    2.000   1.0000         pwNov
208.0000    6    2.000   1.0000         pwNov
210.0000    3    2.000   1.0000         rwNov
212.0000    2    2.000   1.0000         rwOrt
214.0000    3    2.000   1.0000         rwNov
216.0000    6    2.000   1.0000         pwNov
218.0000    3    2.000   1.0000         rwNov
220.0000    0    2.000   1.0000          NULL 
222.0000    1    2.000   1.0000         rwRep
224.0000    2    2.000   1.0000         rwOrt
226.0000    6    2.000   1.0000         pwNov
228.0000    0    6.000   1.0000          NULL 
234.0000    5    2.000   1.0000         pwOrt
236.0000    6    2.000   1.0000         pwNov
238.0000    6    2.000   1.0000         pwNov
240.0000    4    2.000   1.0000         pwRep
242.0000    0    2.000   1.0000          NULL 
244.0000    6    2.000   1.0000         pwNov
246.0000    0    6.000   1.0000          NULL 
252.0000    4    2.000   1.0000         pwRep
254.0000    3    2.000   1.0000         rwNov
256.0000    0    2.000   1.0000          NULL 
258.0000    4    2.000   1.0000         pwRep
260.0000    1    2.000   1.0000         rwRep
262.0000    0    2.000   1.0000          NULL 
264.0000    6    2.000   1.0000         pwNov
266.0000    3    2.000   1.0000         rwNov
268.0000    1    2.000   1.0000         rwRep
270.0000    4    2.000   1.0000         pwRep
272.0000    1    2.000   1.0000         rwRep
274.0000    2    2.000   1.0000         rwOrt
276.0000    2    2.000   1.0000         rwOrt
278.0000    1    2.000   1.0000         rwRep
280.0000    0    2.000   1.0000          NULL 
282.0000    2    2.000   1.0000         rwOrt
284.0000    0    6.000   1.0000          NULL 
290.0000    6    2.000   1.0000         pwNov
292.0000    0    2.000   1.0000          NULL 
294.0000    1    2.000   1.0000         rwRep
296.0000    3    2.000   1.0000         rwNov
298.0000    1    2.000   1.0000         rwRep
300.0000    6    2.000   1.0000         pwNov
302.0000    5    2.000   1.0000         pwOrt
304.0000    0    2.000   1.0000          NULL 
306.0000    1    2.000   1.0000         rwRep
308.0000    0    2.000   1.0000          NULL 
310.0000    6    2.000   1.0000         pwNov
312.0000    4    2.000   1.0000         pwRep
314.0000    0    4.000   1.0000          NULL 
318.0000    2    2.000   1.0000         rwOrt
320.0000    0    2.000   1.0000          NULL 
322.0000    3    2.000   1.0000         rwNov
324.0000    1    2.000   1.0000         rwRep
326.0000    3    2.000   1.0000         rwNov
328.0000    6    2.000   1.0000         pwNov
330.0000    0    2.000   1.0000          NULL 
332.0000    4    2.000   1.0000         pwRep
334.0000    5    2.000   1.0000         pwOrt
336.0000    0    2.000   1.0000          NULL 
338.0000    2    2.000   1.0000         rwOrt
340.0000    3    2.000   1.0000         rwNov
342.0000    0    4.000   1.0000          NULL 
346.0000    2    2.000   1.0000         rwOrt
348.0000    4    2.000   1.0000         pwRep
350.0000    0    4.000   1.0000          NULL 
354.0000    4    2.000   1.0000         pwRep
356.0000    4    2.000   1.0000         pwRep
358.0000    5    2.000   1.0000         pwOrt
