  0.0000    3    2.000   1.0000         rwNov
  2.0000    6    2.000   1.0000         pwNov
  4.0000    1    2.000   1.0000         rwRep
  6.0000    1    2.000   1.0000         rwRep
  8.0000    1    2.000   1.0000         rwRep
 10.0000    0    2.000   1.0000          NULL 
 12.0000    1    2.000   1.0000         rwRep
 14.0000    6    2.000   1.0000         pwNov
 16.0000    1    2.000   1.0000         rwRep
 18.0000    0    2.000   1.0000          NULL 
 20.0000    2    2.000   1.0000         rwOrt
 22.0000    5    2.000   1.0000         pwOrt
 24.0000    4    2.000   1.0000         pwRep
 26.0000    6    2.000   1.0000         pwNov
 28.0000    2    2.000   1.0000         rwOrt
 30.0000    2    2.000   1.0000         rwOrt
 32.0000    0    2.000   1.0000          NULL 
 34.0000    2    2.000   1.0000         rwOrt
 36.0000    4    2.000   1.0000         pwRep
 38.0000    1    2.000   1.0000         rwRep
 40.0000    0    2.000   1.0000          NULL 
 42.0000    5    2.000   1.0000         pwOrt
 44.0000    3    2.000   1.0000         rwNov
 46.0000    6    2.000   1.0000         pwNov
 48.0000    5    2.000   1.0000         pwOrt
 50.0000    0    2.000   1.0000          NULL 
 52.0000    6    2.000   1.0000         pwNov
 54.0000    5    2.000   1.0000         pwOrt
 56.0000    0    4.000   1.0000          NULL 
 60.0000    6    2.000   1.0000         pwNov
 62.0000    6    2.000   1.0000         pwNov
 64.0000    1    2.000   1.0000         rwRep
 66.0000    4    2.000   1.0000         pwRep
 68.0000    0    4.000   1.0000          NULL 
 72.0000    2    2.000   1.0000         rwOrt
 74.0000    3    2.000   1.0000         rwNov
 76.0000    2    2.000   1.0000         rwOrt
 78.0000    0    4.000   1.0000          NULL 
 82.0000    5    2.000   1.0000         pwOrt
 84.0000    2    2.000   1.0000         rwOrt
 86.0000    5    2.000   1.0000         pwOrt
 88.0000    0    2.000   1.0000          NULL 
 90.0000    6    2.000   1.0000         pwNov
 92.0000    4    2.000   1.0000         pwRep
 94.0000    6    2.000   1.0000         pwNov
 96.0000    0    2.000   1.0000          NULL 
 98.0000    4    2.000   1.0000         pwRep
100.0000    5    2.000   1.0000         pwOrt
102.0000    6    2.000   1.0000         pwNov
104.0000    6    2.000   1.0000         pwNov
106.0000    5    2.000   1.0000         pwOrt
108.0000    1    2.000   1.0000         rwRep
110.0000    0    4.000   1.0000          NULL 
114.0000    6    2.000   1.0000         pwNov
116.0000    1    2.000   1.0000         rwRep
118.0000    0    2.000   1.0000          NULL 
120.0000    5    2.000   1.0000         pwOrt
122.0000    5    2.000   1.0000         pwOrt
124.0000    4    2.000   1.0000         pwRep
126.0000    3    2.000   1.0000         rwNov
128.0000    3    2.000   1.0000         rwNov
130.0000    0    2.000   1.0000          NULL 
132.0000    4    2.000   1.0000         pwRep
134.0000    0    2.000   1.0000          NULL 
136.0000    3    2.000   1.0000         rwNov
138.0000    2    2.000   1.0000         rwOrt
140.0000    5    2.000   1.0000         pwOrt
142.0000    6    2.000   1.0000         pwNov
144.0000    5    2.000   1.0000         pwOrt
146.0000    0    2.000   1.0000          NULL 
148.0000    4    2.000   1.0000         pwRep
150.0000    4    2.000   1.0000         pwRep
152.0000    0    2.000   1.0000          NULL 
154.0000    5    2.000   1.0000         pwOrt
156.0000    6    2.000   1.0000         pwNov
158.0000    0    2.000   1.0000          NULL 
160.0000    3    2.000   1.0000         rwNov
162.0000    0    2.000   1.0000          NULL 
164.0000    4    2.000   1.0000         pwRep
166.0000    4    2.000   1.0000         pwRep
168.0000    3    2.000   1.0000         rwNov
170.0000    5    2.000   1.0000         pwOrt
172.0000    0    2.000   1.0000          NULL 
174.0000    5    2.000   1.0000         pwOrt
176.0000    4    2.000   1.0000         pwRep
178.0000    2    2.000   1.0000         rwOrt
180.0000    0    2.000   1.0000          NULL 
182.0000    1    2.000   1.0000         rwRep
184.0000    6    2.000   1.0000         pwNov
186.0000    3    2.000   1.0000         rwNov
188.0000    1    2.000   1.0000         rwRep
190.0000    3    2.000   1.0000         rwNov
192.0000    0    6.000   1.0000          NULL 
198.0000    4    2.000   1.0000         pwRep
200.0000    0    6.000   1.0000          NULL 
206.0000    1    2.000   1.0000         rwRep
208.0000    0    4.000   1.0000          NULL 
212.0000    4    2.000   1.0000         pwRep
214.0000    0    2.000   1.0000          NULL 
216.0000    3    2.000   1.0000         rwNov
218.0000    3    2.000   1.0000         rwNov
220.0000    0    4.000   1.0000          NULL 
224.0000    4    2.000   1.0000         pwRep
226.0000    0    2.000   1.0000          NULL 
228.0000    2    2.000   1.0000         rwOrt
230.0000    6    2.000   1.0000         pwNov
232.0000    3    2.000   1.0000         rwNov
234.0000    3    2.000   1.0000         rwNov
236.0000    0    4.000   1.0000          NULL 
240.0000    2    2.000   1.0000         rwOrt
242.0000    0    2.000   1.0000          NULL 
244.0000    5    2.000   1.0000         pwOrt
246.0000    5    2.000   1.0000         pwOrt
248.0000    0    2.000   1.0000          NULL 
250.0000    6    2.000   1.0000         pwNov
252.0000    1    2.000   1.0000         rwRep
254.0000    2    2.000   1.0000         rwOrt
256.0000    2    2.000   1.0000         rwOrt
258.0000    3    2.000   1.0000         rwNov
260.0000    1    2.000   1.0000         rwRep
262.0000    0    8.000   1.0000          NULL 
270.0000    1    2.000   1.0000         rwRep
272.0000    3    2.000   1.0000         rwNov
274.0000    2    2.000   1.0000         rwOrt
276.0000    0    4.000   1.0000          NULL 
280.0000    6    2.000   1.0000         pwNov
282.0000    0    2.000   1.0000          NULL 
284.0000    3    2.000   1.0000         rwNov
286.0000    3    2.000   1.0000         rwNov
288.0000    3    2.000   1.0000         rwNov
290.0000    6    2.000   1.0000         pwNov
292.0000    0    2.000   1.0000          NULL 
294.0000    2    2.000   1.0000         rwOrt
296.0000    0    2.000   1.0000          NULL 
298.0000    6    2.000   1.0000         pwNov
300.0000    4    2.000   1.0000         pwRep
302.0000    0    2.000   1.0000          NULL 
304.0000    4    2.000   1.0000         pwRep
306.0000    0    4.000   1.0000          NULL 
310.0000    5    2.000   1.0000         pwOrt
312.0000    2    2.000   1.0000         rwOrt
314.0000    1    2.000   1.0000         rwRep
316.0000    0    4.000   1.0000          NULL 
320.0000    3    2.000   1.0000         rwNov
322.0000    0    6.000   1.0000          NULL 
328.0000    1    2.000   1.0000         rwRep
330.0000    2    2.000   1.0000         rwOrt
332.0000    5    2.000   1.0000         pwOrt
334.0000    0    4.000   1.0000          NULL 
338.0000    2    2.000   1.0000         rwOrt
340.0000    1    2.000   1.0000         rwRep
342.0000    1    2.000   1.0000         rwRep
344.0000    4    2.000   1.0000         pwRep
346.0000    2    2.000   1.0000         rwOrt
348.0000    2    2.000   1.0000         rwOrt
350.0000    4    2.000   1.0000         pwRep
352.0000    4    2.000   1.0000         pwRep
354.0000    0    2.000   1.0000          NULL 
356.0000    1    2.000   1.0000         rwRep
358.0000    5    2.000   1.0000         pwOrt
