  0.0000    4    2.000   1.0000         pwRep
  2.0000    6    2.000   1.0000         pwNov
  4.0000    0    2.000   1.0000          NULL 
  6.0000    1    2.000   1.0000         rwRep
  8.0000    0    2.000   1.0000          NULL 
 10.0000    3    2.000   1.0000         rwNov
 12.0000    5    2.000   1.0000         pwOrt
 14.0000    5    2.000   1.0000         pwOrt
 16.0000    5    2.000   1.0000         pwOrt
 18.0000    3    2.000   1.0000         rwNov
 20.0000    4    2.000   1.0000         pwRep
 22.0000    0    2.000   1.0000          NULL 
 24.0000    6    2.000   1.0000         pwNov
 26.0000    0    4.000   1.0000          NULL 
 30.0000    6    2.000   1.0000         pwNov
 32.0000    2    2.000   1.0000         rwOrt
 34.0000    3    2.000   1.0000         rwNov
 36.0000    4    2.000   1.0000         pwRep
 38.0000    2    2.000   1.0000         rwOrt
 40.0000    0    2.000   1.0000          NULL 
 42.0000    2    2.000   1.0000         rwOrt
 44.0000    0    2.000   1.0000          NULL 
 46.0000    6    2.000   1.0000         pwNov
 48.0000    4    2.000   1.0000         pwRep
 50.0000    4    2.000   1.0000         pwRep
 52.0000    3    2.000   1.0000         rwNov
 54.0000    5    2.000   1.0000         pwOrt
 56.0000    3    2.000   1.0000         rwNov
 58.0000    2    2.000   1.0000         rwOrt
 60.0000    0    4.000   1.0000          NULL 
 64.0000    3    2.000   1.0000         rwNov
 66.0000    3    2.000   1.0000         rwNov
 68.0000    1    2.000   1.0000         rwRep
 70.0000    4    2.000   1.0000         pwRep
 72.0000    0    4.000   1.0000          NULL 
 76.0000    3    2.000   1.0000         rwNov
 78.0000    1    2.000   1.0000         rwRep
 80.0000    5    2.000   1.0000         pwOrt
 82.0000    0    2.000   1.0000          NULL 
 84.0000    1    2.000   1.0000         rwRep
 86.0000    6    2.000   1.0000         pwNov
 88.0000    3    2.000   1.0000         rwNov
 90.0000    0    4.000   1.0000          NULL 
 94.0000    4    2.000   1.0000         pwRep
 96.0000    0    2.000   1.0000          NULL 
 98.0000    1    2.000   1.0000         rwRep
100.0000    6    2.000   1.0000         pwNov
102.0000    1    2.000   1.0000         rwRep
104.0000    2    2.000   1.0000         rwOrt
106.0000    1    2.000   1.0000         rwRep
108.0000    5    2.000   1.0000         pwOrt
110.0000    1    2.000   1.0000         rwRep
112.0000    0    2.000   1.0000          NULL 
114.0000    4    2.000   1.0000         pwRep
116.0000    0    2.000   1.0000          NULL 
118.0000    6    2.000   1.0000         pwNov
120.0000    0    2.000   1.0000          NULL 
122.0000    5    2.000   1.0000         pwOrt
124.0000    5    2.000   1.0000         pwOrt
126.0000    4    2.000   1.0000         pwRep
128.0000    0    6.000   1.0000          NULL 
134.0000    6    2.000   1.0000         pwNov
136.0000    0    2.000   1.0000          NULL 
138.0000    5    2.000   1.0000         pwOrt
140.0000    0    4.000   1.0000          NULL 
144.0000    1    2.000   1.0000         rwRep
146.0000    0    2.000   1.0000          NULL 
148.0000    6    2.000   1.0000         pwNov
150.0000    1    2.000   1.0000         rwRep
152.0000    0    2.000   1.0000          NULL 
154.0000    4    2.000   1.0000         pwRep
156.0000    4    2.000   1.0000         pwRep
158.0000    1    2.000   1.0000         rwRep
160.0000    3    2.000   1.0000         rwNov
162.0000    4    2.000   1.0000         pwRep
164.0000    6    2.000   1.0000         pwNov
166.0000    0    4.000   1.0000          NULL 
170.0000    1    2.000   1.0000         rwRep
172.0000    5    2.000   1.0000         pwOrt
174.0000    6    2.000   1.0000         pwNov
176.0000    2    2.000   1.0000         rwOrt
178.0000    0    2.000   1.0000          NULL 
180.0000    3    2.000   1.0000         rwNov
182.0000    1    2.000   1.0000         rwRep
184.0000    0    2.000   1.0000          NULL 
186.0000    1    2.000   1.0000         rwRep
188.0000    2    2.000   1.0000         rwOrt
190.0000    4    2.000   1.0000         pwRep
192.0000    0    4.000   1.0000          NULL 
196.0000    5    2.000   1.0000         pwOrt
198.0000    0    2.000   1.0000          NULL 
200.0000    4    2.000   1.0000         pwRep
202.0000    0    2.000   1.0000          NULL 
204.0000    4    2.000   1.0000         pwRep
206.0000    2    2.000   1.0000         rwOrt
208.0000    6    2.000   1.0000         pwNov
210.0000    3    2.000   1.0000         rwNov
212.0000    4    2.000   1.0000         pwRep
214.0000    0    2.000   1.0000          NULL 
216.0000    3    2.000   1.0000         rwNov
218.0000    0    6.000   1.0000          NULL 
224.0000    2    2.000   1.0000         rwOrt
226.0000    4    2.000   1.0000         pwRep
228.0000    3    2.000   1.0000         rwNov
230.0000    1    2.000   1.0000         rwRep
232.0000    0    2.000   1.0000          NULL 
234.0000    3    2.000   1.0000         rwNov
236.0000    0    4.000   1.0000          NULL 
240.0000    5    2.000   1.0000         pwOrt
242.0000    1    2.000   1.0000         rwRep
244.0000    1    2.000   1.0000         rwRep
246.0000    0    6.000   1.0000          NULL 
252.0000    3    2.000   1.0000         rwNov
254.0000    0    2.000   1.0000          NULL 
256.0000    2    2.000   1.0000         rwOrt
258.0000    0    2.000   1.0000          NULL 
260.0000    1    2.000   1.0000         rwRep
262.0000    4    2.000   1.0000         pwRep
264.0000    0    2.000   1.0000          NULL 
266.0000    4    2.000   1.0000         pwRep
268.0000    5    2.000   1.0000         pwOrt
270.0000    5    2.000   1.0000         pwOrt
272.0000    2    2.000   1.0000         rwOrt
274.0000    5    2.000   1.0000         pwOrt
276.0000    0    4.000   1.0000          NULL 
280.0000    1    2.000   1.0000         rwRep
282.0000    2    2.000   1.0000         rwOrt
284.0000    0    4.000   1.0000          NULL 
288.0000    2    2.000   1.0000         rwOrt
290.0000    6    2.000   1.0000         pwNov
292.0000    6    2.000   1.0000         pwNov
294.0000    1    2.000   1.0000         rwRep
296.0000    0    4.000   1.0000          NULL 
300.0000    5    2.000   1.0000         pwOrt
302.0000    6    2.000   1.0000         pwNov
304.0000    6    2.000   1.0000         pwNov
306.0000    3    2.000   1.0000         rwNov
308.0000    2    2.000   1.0000         rwOrt
310.0000    3    2.000   1.0000         rwNov
312.0000    0    4.000   1.0000          NULL 
316.0000    2    2.000   1.0000         rwOrt
318.0000    3    2.000   1.0000         rwNov
320.0000    2    2.000   1.0000         rwOrt
322.0000    4    2.000   1.0000         pwRep
324.0000    0    2.000   1.0000          NULL 
326.0000    5    2.000   1.0000         pwOrt
328.0000    0    2.000   1.0000          NULL 
330.0000    3    2.000   1.0000         rwNov
332.0000    6    2.000   1.0000         pwNov
334.0000    2    2.000   1.0000         rwOrt
336.0000    5    2.000   1.0000         pwOrt
338.0000    2    2.000   1.0000         rwOrt
340.0000    6    2.000   1.0000         pwNov
342.0000    0    4.000   1.0000          NULL 
346.0000    2    2.000   1.0000         rwOrt
348.0000    5    2.000   1.0000         pwOrt
350.0000    6    2.000   1.0000         pwNov
352.0000    5    2.000   1.0000         pwOrt
354.0000    6    2.000   1.0000         pwNov
356.0000    2    2.000   1.0000         rwOrt
358.0000    0    2.000   1.0000          NULL 
