  0.0000    3    2.000   1.0000         rwNov
  2.0000    5    2.000   1.0000         pwOrt
  4.0000    2    2.000   1.0000         rwOrt
  6.0000    0    2.000   1.0000          NULL 
  8.0000    2    2.000   1.0000         rwOrt
 10.0000    2    2.000   1.0000         rwOrt
 12.0000    0    2.000   1.0000          NULL 
 14.0000    2    2.000   1.0000         rwOrt
 16.0000    3    2.000   1.0000         rwNov
 18.0000    0    4.000   1.0000          NULL 
 22.0000    4    2.000   1.0000         pwRep
 24.0000    5    2.000   1.0000         pwOrt
 26.0000    2    2.000   1.0000         rwOrt
 28.0000    0    6.000   1.0000          NULL 
 34.0000    5    2.000   1.0000         pwOrt
 36.0000    5    2.000   1.0000         pwOrt
 38.0000    0    2.000   1.0000          NULL 
 40.0000    2    2.000   1.0000         rwOrt
 42.0000    4    2.000   1.0000         pwRep
 44.0000    4    2.000   1.0000         pwRep
 46.0000    0    4.000   1.0000          NULL 
 50.0000    3    2.000   1.0000         rwNov
 52.0000    3    2.000   1.0000         rwNov
 54.0000    3    2.000   1.0000         rwNov
 56.0000    0    4.000   1.0000          NULL 
 60.0000    4    2.000   1.0000         pwRep
 62.0000    2    2.000   1.0000         rwOrt
 64.0000    0    2.000   1.0000          NULL 
 66.0000    4    2.000   1.0000         pwRep
 68.0000    0    4.000   1.0000          NULL 
 72.0000    5    2.000   1.0000         pwOrt
 74.0000    1    2.000   1.0000         rwRep
 76.0000    4    2.000   1.0000         pwRep
 78.0000    6    2.000   1.0000         pwNov
 80.0000    0    2.000   1.0000          NULL 
 82.0000    6    2.000   1.0000         pwNov
 84.0000    1    2.000   1.0000         rwRep
 86.0000    2    2.000   1.0000         rwOrt
 88.0000    6    2.000   1.0000         pwNov
 90.0000    4    2.000   1.0000         pwRep
 92.0000    0    2.000   1.0000          NULL 
 94.0000    3    2.000   1.0000         rwNov
 96.0000    0    2.000   1.0000          NULL 
 98.0000    2    2.000   1.0000         rwOrt
100.0000    5    2.000   1.0000         pwOrt
102.0000    0    2.000   1.0000          NULL 
104.0000    4    2.000   1.0000         pwRep
106.0000    0    2.000   1.0000          NULL 
108.0000    6    2.000   1.0000         pwNov
110.0000    1    2.000   1.0000         rwRep
112.0000    4    2.000   1.0000         pwRep
114.0000    0    2.000   1.0000          NULL 
116.0000    4    2.000   1.0000         pwRep
118.0000    1    2.000   1.0000         rwRep
120.0000    0    4.000   1.0000          NULL 
124.0000    2    2.000   1.0000         rwOrt
126.0000    3    2.000   1.0000         rwNov
128.0000    0    6.000   1.0000          NULL 
134.0000    1    2.000   1.0000         rwRep
136.0000    4    2.000   1.0000         pwRep
138.0000    3    2.000   1.0000         rwNov
140.0000    3    2.000   1.0000         rwNov
142.0000    6    2.000   1.0000         pwNov
144.0000    0    2.000   1.0000          NULL 
146.0000    5    2.000   1.0000         pwOrt
148.0000    1    2.000   1.0000         rwRep
150.0000    3    2.000   1.0000         rwNov
152.0000    6    2.000   1.0000         pwNov
154.0000    0    6.000   1.0000          NULL 
160.0000    4    2.000   1.0000         pwRep
162.0000    2    2.000   1.0000         rwOrt
164.0000    6    2.000   1.0000         pwNov
166.0000    2    2.000   1.0000         rwOrt
168.0000    4    2.000   1.0000         pwRep
170.0000    5    2.000   1.0000         pwOrt
172.0000    1    2.000   1.0000         rwRep
174.0000    5    2.000   1.0000         pwOrt
176.0000    6    2.000   1.0000         pwNov
178.0000    0    2.000   1.0000          NULL 
180.0000    1    2.000   1.0000         rwRep
182.0000    1    2.000   1.0000         rwRep
184.0000    0    2.000   1.0000          NULL 
186.0000    1    2.000   1.0000         rwRep
188.0000    4    2.000   1.0000         pwRep
190.0000    4    2.000   1.0000         pwRep
192.0000    6    2.000   1.0000         pwNov
194.0000    1    2.000   1.0000         rwRep
196.0000    6    2.000   1.0000         pwNov
198.0000    0    4.000   1.0000          NULL 
202.0000    4    2.000   1.0000         pwRep
204.0000    3    2.000   1.0000         rwNov
206.0000    0    4.000   1.0000          NULL 
210.0000    6    2.000   1.0000         pwNov
212.0000    6    2.000   1.0000         pwNov
214.0000    0    4.000   1.0000          NULL 
218.0000    2    2.000   1.0000         rwOrt
220.0000    0    2.000   1.0000          NULL 
222.0000    4    2.000   1.0000         pwRep
224.0000    6    2.000   1.0000         pwNov
226.0000    2    2.000   1.0000         rwOrt
228.0000    0    4.000   1.0000          NULL 
232.0000    1    2.000   1.0000         rwRep
234.0000    0    4.000   1.0000          NULL 
238.0000    5    2.000   1.0000         pwOrt
240.0000    3    2.000   1.0000         rwNov
242.0000    3    2.000   1.0000         rwNov
244.0000    6    2.000   1.0000         pwNov
246.0000    0    2.000   1.0000          NULL 
248.0000    2    2.000   1.0000         rwOrt
250.0000    0    2.000   1.0000          NULL 
252.0000    4    2.000   1.0000         pwRep
254.0000    5    2.000   1.0000         pwOrt
256.0000    1    2.000   1.0000         rwRep
258.0000    5    2.000   1.0000         pwOrt
260.0000    0    2.000   1.0000          NULL 
262.0000    2    2.000   1.0000         rwOrt
264.0000    6    2.000   1.0000         pwNov
266.0000    5    2.000   1.0000         pwOrt
268.0000    3    2.000   1.0000         rwNov
270.0000    1    2.000   1.0000         rwRep
272.0000    5    2.000   1.0000         pwOrt
274.0000    0    6.000   1.0000          NULL 
280.0000    6    2.000   1.0000         pwNov
282.0000    2    2.000   1.0000         rwOrt
284.0000    2    2.000   1.0000         rwOrt
286.0000    0    2.000   1.0000          NULL 
288.0000    3    2.000   1.0000         rwNov
290.0000    0    2.000   1.0000          NULL 
292.0000    3    2.000   1.0000         rwNov
294.0000    1    2.000   1.0000         rwRep
296.0000    4    2.000   1.0000         pwRep
298.0000    5    2.000   1.0000         pwOrt
300.0000    0    2.000   1.0000          NULL 
302.0000    3    2.000   1.0000         rwNov
304.0000    0    2.000   1.0000          NULL 
306.0000    1    2.000   1.0000         rwRep
308.0000    3    2.000   1.0000         rwNov
310.0000    5    2.000   1.0000         pwOrt
312.0000    0    2.000   1.0000          NULL 
314.0000    6    2.000   1.0000         pwNov
316.0000    0    2.000   1.0000          NULL 
318.0000    1    2.000   1.0000         rwRep
320.0000    1    2.000   1.0000         rwRep
322.0000    1    2.000   1.0000         rwRep
324.0000    2    2.000   1.0000         rwOrt
326.0000    0    2.000   1.0000          NULL 
328.0000    6    2.000   1.0000         pwNov
330.0000    5    2.000   1.0000         pwOrt
332.0000    6    2.000   1.0000         pwNov
334.0000    1    2.000   1.0000         rwRep
336.0000    5    2.000   1.0000         pwOrt
338.0000    0    2.000   1.0000          NULL 
340.0000    2    2.000   1.0000         rwOrt
342.0000    3    2.000   1.0000         rwNov
344.0000    0    2.000   1.0000          NULL 
346.0000    3    2.000   1.0000         rwNov
348.0000    5    2.000   1.0000         pwOrt
350.0000    4    2.000   1.0000         pwRep
352.0000    6    2.000   1.0000         pwNov
354.0000    0    2.000   1.0000          NULL 
356.0000    5    2.000   1.0000         pwOrt
358.0000    0    2.000   1.0000          NULL 
