  0.0000    5    2.000   1.0000         pwOrt
  2.0000    5    2.000   1.0000         pwOrt
  4.0000    0    2.000   1.0000          NULL 
  6.0000    5    2.000   1.0000         pwOrt
  8.0000    4    2.000   1.0000         pwRep
 10.0000    6    2.000   1.0000         pwNov
 12.0000    2    2.000   1.0000         rwOrt
 14.0000    2    2.000   1.0000         rwOrt
 16.0000    5    2.000   1.0000         pwOrt
 18.0000    0    4.000   1.0000          NULL 
 22.0000    3    2.000   1.0000         rwNov
 24.0000    1    2.000   1.0000         rwRep
 26.0000    4    2.000   1.0000         pwRep
 28.0000    0    2.000   1.0000          NULL 
 30.0000    2    2.000   1.0000         rwOrt
 32.0000    0    2.000   1.0000          NULL 
 34.0000    3    2.000   1.0000         rwNov
 36.0000    2    2.000   1.0000         rwOrt
 38.0000    3    2.000   1.0000         rwNov
 40.0000    4    2.000   1.0000         pwRep
 42.0000    0    4.000   1.0000          NULL 
 46.0000    6    2.000   1.0000         pwNov
 48.0000    2    2.000   1.0000         rwOrt
 50.0000    0    6.000   1.0000          NULL 
 56.0000    1    2.000   1.0000         rwRep
 58.0000    2    2.000   1.0000         rwOrt
 60.0000    5    2.000   1.0000         pwOrt
 62.0000    3    2.000   1.0000         rwNov
 64.0000    1    2.000   1.0000         rwRep
 66.0000    2    2.000   1.0000         rwOrt
 68.0000    6    2.000   1.0000         pwNov
 70.0000    0    4.000   1.0000          NULL 
 74.0000    2    2.000   1.0000         rwOrt
 76.0000    3    2.000   1.0000         rwNov
 78.0000    0    2.000   1.0000          NULL 
 80.0000    4    2.000   1.0000         pwRep
 82.0000    0    2.000   1.0000          NULL 
 84.0000    4    2.000   1.0000         pwRep
 86.0000    0    4.000   1.0000          NULL 
 90.0000    6    2.000   1.0000         pwNov
 92.0000    2    2.000   1.0000         rwOrt
 94.0000    3    2.000   1.0000         rwNov
 96.0000    5    2.000   1.0000         pwOrt
 98.0000    6    2.000   1.0000         pwNov
100.0000    3    2.000   1.0000         rwNov
102.0000    0    2.000   1.0000          NULL 
104.0000    6    2.000   1.0000         pwNov
106.0000    2    2.000   1.0000         rwOrt
108.0000    5    2.000   1.0000         pwOrt
110.0000    2    2.000   1.0000         rwOrt
112.0000    3    2.000   1.0000         rwNov
114.0000    4    2.000   1.0000         pwRep
116.0000    1    2.000   1.0000         rwRep
118.0000    0    2.000   1.0000          NULL 
120.0000    4    2.000   1.0000         pwRep
122.0000    1    2.000   1.0000         rwRep
124.0000    3    2.000   1.0000         rwNov
126.0000    0    6.000   1.0000          NULL 
132.0000    6    2.000   1.0000         pwNov
134.0000    0    4.000   1.0000          NULL 
138.0000    3    2.000   1.0000         rwNov
140.0000    2    2.000   1.0000         rwOrt
142.0000    1    2.000   1.0000         rwRep
144.0000    3    2.000   1.0000         rwNov
146.0000    0    2.000   1.0000          NULL 
148.0000    5    2.000   1.0000         pwOrt
150.0000    6    2.000   1.0000         pwNov
152.0000    4    2.000   1.0000         pwRep
154.0000    5    2.000   1.0000         pwOrt
156.0000    0    6.000   1.0000          NULL 
162.0000    4    2.000   1.0000         pwRep
164.0000    6    2.000   1.0000         pwNov
166.0000    0    2.000   1.0000          NULL 
168.0000    2    2.000   1.0000         rwOrt
170.0000    0    2.000   1.0000          NULL 
172.0000    4    2.000   1.0000         pwRep
174.0000    3    2.000   1.0000         rwNov
176.0000    1    2.000   1.0000         rwRep
178.0000    0    2.000   1.0000          NULL 
180.0000    2    2.000   1.0000         rwOrt
182.0000    1    2.000   1.0000         rwRep
184.0000    6    2.000   1.0000         pwNov
186.0000    4    2.000   1.0000         pwRep
188.0000    0    2.000   1.0000          NULL 
190.0000    4    2.000   1.0000         pwRep
192.0000    0    2.000   1.0000          NULL 
194.0000    3    2.000   1.0000         rwNov
196.0000    1    2.000   1.0000         rwRep
198.0000    5    2.000   1.0000         pwOrt
200.0000    0    4.000   1.0000          NULL 
204.0000    4    2.000   1.0000         pwRep
206.0000    5    2.000   1.0000         pwOrt
208.0000    0    2.000   1.0000          NULL 
210.0000    5    2.000   1.0000         pwOrt
212.0000    4    2.000   1.0000         pwRep
214.0000    6    2.000   1.0000         pwNov
216.0000    6    2.000   1.0000         pwNov
218.0000    0    2.000   1.0000          NULL 
220.0000    3    2.000   1.0000         rwNov
222.0000    5    2.000   1.0000         pwOrt
224.0000    0    4.000   1.0000          NULL 
228.0000    3    2.000   1.0000         rwNov
230.0000    3    2.000   1.0000         rwNov
232.0000    0    2.000   1.0000          NULL 
234.0000    6    2.000   1.0000         pwNov
236.0000    5    2.000   1.0000         pwOrt
238.0000    2    2.000   1.0000         rwOrt
240.0000    6    2.000   1.0000         pwNov
242.0000    0    2.000   1.0000          NULL 
244.0000    3    2.000   1.0000         rwNov
246.0000    5    2.000   1.0000         pwOrt
248.0000    0    4.000   1.0000          NULL 
252.0000    1    2.000   1.0000         rwRep
254.0000    0    2.000   1.0000          NULL 
256.0000    3    2.000   1.0000         rwNov
258.0000    5    2.000   1.0000         pwOrt
260.0000    0    2.000   1.0000          NULL 
262.0000    1    2.000   1.0000         rwRep
264.0000    1    2.000   1.0000         rwRep
266.0000    0    2.000   1.0000          NULL 
268.0000    2    2.000   1.0000         rwOrt
270.0000    0    2.000   1.0000          NULL 
272.0000    6    2.000   1.0000         pwNov
274.0000    5    2.000   1.0000         pwOrt
276.0000    0    2.000   1.0000          NULL 
278.0000    1    2.000   1.0000         rwRep
280.0000    0    4.000   1.0000          NULL 
284.0000    6    2.000   1.0000         pwNov
286.0000    0    2.000   1.0000          NULL 
288.0000    1    2.000   1.0000         rwRep
290.0000    4    2.000   1.0000         pwRep
292.0000    1    2.000   1.0000         rwRep
294.0000    0    2.000   1.0000          NULL 
296.0000    4    2.000   1.0000         pwRep
298.0000    3    2.000   1.0000         rwNov
300.0000    0    2.000   1.0000          NULL 
302.0000    5    2.000   1.0000         pwOrt
304.0000    0    2.000   1.0000          NULL 
306.0000    1    2.000   1.0000         rwRep
308.0000    1    2.000   1.0000         rwRep
310.0000    6    2.000   1.0000         pwNov
312.0000    1    2.000   1.0000         rwRep
314.0000    4    2.000   1.0000         pwRep
316.0000    4    2.000   1.0000         pwRep
318.0000    0    2.000   1.0000          NULL 
320.0000    1    2.000   1.0000         rwRep
322.0000    1    2.000   1.0000         rwRep
324.0000    0    2.000   1.0000          NULL 
326.0000    3    2.000   1.0000         rwNov
328.0000    0    2.000   1.0000          NULL 
330.0000    5    2.000   1.0000         pwOrt
332.0000    5    2.000   1.0000         pwOrt
334.0000    2    2.000   1.0000         rwOrt
336.0000    6    2.000   1.0000         pwNov
338.0000    2    2.000   1.0000         rwOrt
340.0000    4    2.000   1.0000         pwRep
342.0000    0    4.000   1.0000          NULL 
346.0000    6    2.000   1.0000         pwNov
348.0000    2    2.000   1.0000         rwOrt
350.0000    0    2.000   1.0000          NULL 
352.0000    4    2.000   1.0000         pwRep
354.0000    0    2.000   1.0000          NULL 
356.0000    2    2.000   1.0000         rwOrt
358.0000    6    2.000   1.0000         pwNov
