  0.0000    6    2.000   1.0000         pwNov
  2.0000    0    2.000   1.0000          NULL 
  4.0000    3    2.000   1.0000         rwNov
  6.0000    1    2.000   1.0000         rwRep
  8.0000    6    2.000   1.0000         pwNov
 10.0000    5    2.000   1.0000         pwOrt
 12.0000    6    2.000   1.0000         pwNov
 14.0000    4    2.000   1.0000         pwRep
 16.0000    6    2.000   1.0000         pwNov
 18.0000    0    2.000   1.0000          NULL 
 20.0000    4    2.000   1.0000         pwRep
 22.0000    2    2.000   1.0000         rwOrt
 24.0000    0    2.000   1.0000          NULL 
 26.0000    4    2.000   1.0000         pwRep
 28.0000    3    2.000   1.0000         rwNov
 30.0000    1    2.000   1.0000         rwRep
 32.0000    0    4.000   1.0000          NULL 
 36.0000    6    2.000   1.0000         pwNov
 38.0000    3    2.000   1.0000         rwNov
 40.0000    5    2.000   1.0000         pwOrt
 42.0000    6    2.000   1.0000         pwNov
 44.0000    4    2.000   1.0000         pwRep
 46.0000    1    2.000   1.0000         rwRep
 48.0000    2    2.000   1.0000         rwOrt
 50.0000    6    2.000   1.0000         pwNov
 52.0000    0    2.000   1.0000          NULL 
 54.0000    6    2.000   1.0000         pwNov
 56.0000    1    2.000   1.0000         rwRep
 58.0000    0    2.000   1.0000          NULL 
 60.0000    3    2.000   1.0000         rwNov
 62.0000    0    4.000   1.0000          NULL 
 66.0000    2    2.000   1.0000         rwOrt
 68.0000    1    2.000   1.0000         rwRep
 70.0000    5    2.000   1.0000         pwOrt
 72.0000    0    4.000   1.0000          NULL 
 76.0000    2    2.000   1.0000         rwOrt
 78.0000    3    2.000   1.0000         rwNov
 80.0000    3    2.000   1.0000         rwNov
 82.0000    3    2.000   1.0000         rwNov
 84.0000    1    2.000   1.0000         rwRep
 86.0000    2    2.000   1.0000         rwOrt
 88.0000    4    2.000   1.0000         pwRep
 90.0000    0    2.000   1.0000          NULL 
 92.0000    5    2.000   1.0000         pwOrt
 94.0000    2    2.000   1.0000         rwOrt
 96.0000    3    2.000   1.0000         rwNov
 98.0000    0    4.000   1.0000          NULL 
102.0000    5    2.000   1.0000         pwOrt
104.0000    0    2.000   1.0000          NULL 
106.0000    5    2.000   1.0000         pwOrt
108.0000    3    2.000   1.0000         rwNov
110.0000    4    2.000   1.0000         pwRep
112.0000    1    2.000   1.0000         rwRep
114.0000    0    2.000   1.0000          NULL 
116.0000    1    2.000   1.0000         rwRep
118.0000    2    2.000   1.0000         rwOrt
120.0000    3    2.000   1.0000         rwNov
122.0000    2    2.000   1.0000         rwOrt
124.0000    0    2.000   1.0000          NULL 
126.0000    2    2.000   1.0000         rwOrt
128.0000    5    2.000   1.0000         pwOrt
130.0000    0    2.000   1.0000          NULL 
132.0000    1    2.000   1.0000         rwRep
134.0000    6    2.000   1.0000         pwNov
136.0000    5    2.000   1.0000         pwOrt
138.0000    0    2.000   1.0000          NULL 
140.0000    1    2.000   1.0000         rwRep
142.0000    0    2.000   1.0000          NULL 
144.0000    4    2.000   1.0000         pwRep
146.0000    0    4.000   1.0000          NULL 
150.0000    4    2.000   1.0000         pwRep
152.0000    0    2.000   1.0000          NULL 
154.0000    2    2.000   1.0000         rwOrt
156.0000    0    2.000   1.0000          NULL 
158.0000    4    2.000   1.0000         pwRep
160.0000    3    2.000   1.0000         rwNov
162.0000    5    2.000   1.0000         pwOrt
164.0000    4    2.000   1.0000         pwRep
166.0000    3    2.000   1.0000         rwNov
168.0000    0    2.000   1.0000          NULL 
170.0000    6    2.000   1.0000         pwNov
172.0000    6    2.000   1.0000         pwNov
174.0000    2    2.000   1.0000         rwOrt
176.0000    1    2.000   1.0000         rwRep
178.0000    0    4.000   1.0000          NULL 
182.0000    3    2.000   1.0000         rwNov
184.0000    4    2.000   1.0000         pwRep
186.0000    2    2.000   1.0000         rwOrt
188.0000    0    2.000   1.0000          NULL 
190.0000    5    2.000   1.0000         pwOrt
192.0000    4    2.000   1.0000         pwRep
194.0000    3    2.000   1.0000         rwNov
196.0000    0    2.000   1.0000          NULL 
198.0000    1    2.000   1.0000         rwRep
200.0000    0    2.000   1.0000          NULL 
202.0000    1    2.000   1.0000         rwRep
204.0000    5    2.000   1.0000         pwOrt
206.0000    1    2.000   1.0000         rwRep
208.0000    4    2.000   1.0000         pwRep
210.0000    0    2.000   1.0000          NULL 
212.0000    1    2.000   1.0000         rwRep
214.0000    1    2.000   1.0000         rwRep
216.0000    0    2.000   1.0000          NULL 
218.0000    2    2.000   1.0000         rwOrt
220.0000    0    2.000   1.0000          NULL 
222.0000    5    2.000   1.0000         pwOrt
224.0000    4    2.000   1.0000         pwRep
226.0000    0    2.000   1.0000          NULL 
228.0000    3    2.000   1.0000         rwNov
230.0000    6    2.000   1.0000         pwNov
232.0000    0    6.000   1.0000          NULL 
238.0000    4    2.000   1.0000         pwRep
240.0000    6    2.000   1.0000         pwNov
242.0000    1    2.000   1.0000         rwRep
244.0000    3    2.000   1.0000         rwNov
246.0000    5    2.000   1.0000         pwOrt
248.0000    5    2.000   1.0000         pwOrt
250.0000    4    2.000   1.0000         pwRep
252.0000    0    2.000   1.0000          NULL 
254.0000    6    2.000   1.0000         pwNov
256.0000    5    2.000   1.0000         pwOrt
258.0000    3    2.000   1.0000         rwNov
260.0000    0    2.000   1.0000          NULL 
262.0000    3    2.000   1.0000         rwNov
264.0000    6    2.000   1.0000         pwNov
266.0000    0    4.000   1.0000          NULL 
270.0000    5    2.000   1.0000         pwOrt
272.0000    0    2.000   1.0000          NULL 
274.0000    2    2.000   1.0000         rwOrt
276.0000    6    2.000   1.0000         pwNov
278.0000    3    2.000   1.0000         rwNov
280.0000    0    8.000   1.0000          NULL 
288.0000    4    2.000   1.0000         pwRep
290.0000    0    2.000   1.0000          NULL 
292.0000    2    2.000   1.0000         rwOrt
294.0000    5    2.000   1.0000         pwOrt
296.0000    6    2.000   1.0000         pwNov
298.0000    6    2.000   1.0000         pwNov
300.0000    2    2.000   1.0000         rwOrt
302.0000    0    8.000   1.0000          NULL 
310.0000    5    2.000   1.0000         pwOrt
312.0000    0    2.000   1.0000          NULL 
314.0000    3    2.000   1.0000         rwNov
316.0000    0    2.000   1.0000          NULL 
318.0000    2    2.000   1.0000         rwOrt
320.0000    2    2.000   1.0000         rwOrt
322.0000    0    2.000   1.0000          NULL 
324.0000    6    2.000   1.0000         pwNov
326.0000    0    4.000   1.0000          NULL 
330.0000    1    2.000   1.0000         rwRep
332.0000    6    2.000   1.0000         pwNov
334.0000    5    2.000   1.0000         pwOrt
336.0000    5    2.000   1.0000         pwOrt
338.0000    0    2.000   1.0000          NULL 
340.0000    1    2.000   1.0000         rwRep
342.0000    0    4.000   1.0000          NULL 
346.0000    1    2.000   1.0000         rwRep
348.0000    4    2.000   1.0000         pwRep
350.0000    2    2.000   1.0000         rwOrt
352.0000    4    2.000   1.0000         pwRep
354.0000    0    2.000   1.0000          NULL 
356.0000    2    2.000   1.0000         rwOrt
358.0000    4    2.000   1.0000         pwRep
