  0.0000    6    2.000   1.0000         pwNov
  2.0000    0    6.000   1.0000          NULL 
  8.0000    6    2.000   1.0000         pwNov
 10.0000    0    2.000   1.0000          NULL 
 12.0000    2    2.000   1.0000         rwOrt
 14.0000    2    2.000   1.0000         rwOrt
 16.0000    2    2.000   1.0000         rwOrt
 18.0000    5    2.000   1.0000         pwOrt
 20.0000    5    2.000   1.0000         pwOrt
 22.0000    1    2.000   1.0000         rwRep
 24.0000    5    2.000   1.0000         pwOrt
 26.0000    4    2.000   1.0000         pwRep
 28.0000    4    2.000   1.0000         pwRep
 30.0000    0    2.000   1.0000          NULL 
 32.0000    2    2.000   1.0000         rwOrt
 34.0000    0    2.000   1.0000          NULL 
 36.0000    1    2.000   1.0000         rwRep
 38.0000    2    2.000   1.0000         rwOrt
 40.0000    2    2.000   1.0000         rwOrt
 42.0000    6    2.000   1.0000         pwNov
 44.0000    0    4.000   1.0000          NULL 
 48.0000    3    2.000   1.0000         rwNov
 50.0000    4    2.000   1.0000         pwRep
 52.0000    0    2.000   1.0000          NULL 
 54.0000    5    2.000   1.0000         pwOrt
 56.0000    1    2.000   1.0000         rwRep
 58.0000    0    2.000   1.0000          NULL 
 60.0000    6    2.000   1.0000         pwNov
 62.0000    6    2.000   1.0000         pwNov
 64.0000    1    2.000   1.0000         rwRep
 66.0000    3    2.000   1.0000         rwNov
 68.0000    0    4.000   1.0000          NULL 
 72.0000    1    2.000   1.0000         rwRep
 74.0000    0    2.000   1.0000          NULL 
 76.0000    2    2.000   1.0000         rwOrt
 78.0000    5    2.000   1.0000         pwOrt
 80.0000    3    2.000   1.0000         rwNov
 82.0000    4    2.000   1.0000         pwRep
 84.0000    1    2.000   1.0000         rwRep
 86.0000    3    2.000   1.0000         rwNov
 88.0000    1    2.000   1.0000         rwRep
 90.0000    6    2.000   1.0000         pwNov
 92.0000    0    2.000   1.0000          NULL 
 94.0000    5    2.000   1.0000         pwOrt
 96.0000    0    2.000   1.0000          NULL 
 98.0000    3    2.000   1.0000         rwNov
100.0000    4    2.000   1.0000         pwRep
102.0000    5    2.000   1.0000         pwOrt
104.0000    2    2.000   1.0000         rwOrt
106.0000    0   10.000   1.0000          NULL 
116.0000    6    2.000   1.0000         pwNov
118.0000    2    2.000   1.0000         rwOrt
120.0000    1    2.000   1.0000         rwRep
122.0000    1    2.000   1.0000         rwRep
124.0000    5    2.000   1.0000         pwOrt
126.0000    2    2.000   1.0000         rwOrt
128.0000    0    6.000   1.0000          NULL 
134.0000    5    2.000   1.0000         pwOrt
136.0000    0    2.000   1.0000          NULL 
138.0000    6    2.000   1.0000         pwNov
140.0000    3    2.000   1.0000         rwNov
142.0000    0    2.000   1.0000          NULL 
144.0000    4    2.000   1.0000         pwRep
146.0000    3    2.000   1.0000         rwNov
148.0000    0    2.000   1.0000          NULL 
150.0000    2    2.000   1.0000         rwOrt
152.0000    4    2.000   1.0000         pwRep
154.0000    4    2.000   1.0000         pwRep
156.0000    1    2.000   1.0000         rwRep
158.0000    0    2.000   1.0000          NULL 
160.0000    3    2.000   1.0000         rwNov
162.0000    0    2.000   1.0000          NULL 
164.0000    6    2.000   1.0000         pwNov
166.0000    4    2.000   1.0000         pwRep
168.0000    3    2.000   1.0000         rwNov
170.0000    6    2.000   1.0000         pwNov
172.0000    0    2.000   1.0000          NULL 
174.0000    4    2.000   1.0000         pwRep
176.0000    6    2.000   1.0000         pwNov
178.0000    4    2.000   1.0000         pwRep
180.0000    6    2.000   1.0000         pwNov
182.0000    0    2.000   1.0000          NULL 
184.0000    2    2.000   1.0000         rwOrt
186.0000    0    2.000   1.0000          NULL 
188.0000    1    2.000   1.0000         rwRep
190.0000    4    2.000   1.0000         pwRep
192.0000    0    2.000   1.0000          NULL 
194.0000    4    2.000   1.0000         pwRep
196.0000    6    2.000   1.0000         pwNov
198.0000    1    2.000   1.0000         rwRep
200.0000    3    2.000   1.0000         rwNov
202.0000    0    6.000   1.0000          NULL 
208.0000    5    2.000   1.0000         pwOrt
210.0000    0    2.000   1.0000          NULL 
212.0000    3    2.000   1.0000         rwNov
214.0000    0    2.000   1.0000          NULL 
216.0000    2    2.000   1.0000         rwOrt
218.0000    4    2.000   1.0000         pwRep
220.0000    0    2.000   1.0000          NULL 
222.0000    5    2.000   1.0000         pwOrt
224.0000    5    2.000   1.0000         pwOrt
226.0000    6    2.000   1.0000         pwNov
228.0000    0    2.000   1.0000          NULL 
230.0000    3    2.000   1.0000         rwNov
232.0000    6    2.000   1.0000         pwNov
234.0000    3    2.000   1.0000         rwNov
236.0000    0    2.000   1.0000          NULL 
238.0000    4    2.000   1.0000         pwRep
240.0000    1    2.000   1.0000         rwRep
242.0000    0    6.000   1.0000          NULL 
248.0000    5    2.000   1.0000         pwOrt
250.0000    2    2.000   1.0000         rwOrt
252.0000    4    2.000   1.0000         pwRep
254.0000    6    2.000   1.0000         pwNov
256.0000    0    2.000   1.0000          NULL 
258.0000    2    2.000   1.0000         rwOrt
260.0000    3    2.000   1.0000         rwNov
262.0000    6    2.000   1.0000         pwNov
264.0000    1    2.000   1.0000         rwRep
266.0000    0    6.000   1.0000          NULL 
272.0000    2    2.000   1.0000         rwOrt
274.0000    1    2.000   1.0000         rwRep
276.0000    0    2.000   1.0000          NULL 
278.0000    3    2.000   1.0000         rwNov
280.0000    2    2.000   1.0000         rwOrt
282.0000    3    2.000   1.0000         rwNov
284.0000    5    2.000   1.0000         pwOrt
286.0000    1    2.000   1.0000         rwRep
288.0000    6    2.000   1.0000         pwNov
290.0000    0    4.000   1.0000          NULL 
294.0000    2    2.000   1.0000         rwOrt
296.0000    0    2.000   1.0000          NULL 
298.0000    2    2.000   1.0000         rwOrt
300.0000    0    2.000   1.0000          NULL 
302.0000    3    2.000   1.0000         rwNov
304.0000    3    2.000   1.0000         rwNov
306.0000    0    2.000   1.0000          NULL 
308.0000    4    2.000   1.0000         pwRep
310.0000    0    4.000   1.0000          NULL 
314.0000    5    2.000   1.0000         pwOrt
316.0000    5    2.000   1.0000         pwOrt
318.0000    3    2.000   1.0000         rwNov
320.0000    0    2.000   1.0000          NULL 
322.0000    5    2.000   1.0000         pwOrt
324.0000    6    2.000   1.0000         pwNov
326.0000    0    2.000   1.0000          NULL 
328.0000    1    2.000   1.0000         rwRep
330.0000    1    2.000   1.0000         rwRep
332.0000    5    2.000   1.0000         pwOrt
334.0000    4    2.000   1.0000         pwRep
336.0000    5    2.000   1.0000         pwOrt
338.0000    3    2.000   1.0000         rwNov
340.0000    5    2.000   1.0000         pwOrt
342.0000    0    4.000   1.0000          NULL 
346.0000    4    2.000   1.0000         pwRep
348.0000    1    2.000   1.0000         rwRep
350.0000    4    2.000   1.0000         pwRep
352.0000    6    2.000   1.0000         pwNov
354.0000    1    2.000   1.0000         rwRep
356.0000    2    2.000   1.0000         rwOrt
358.0000    0    2.000   1.0000          NULL 
