  0.0000    6    2.000   1.0000         pwNov
  2.0000    6    2.000   1.0000         pwNov
  4.0000    6    2.000   1.0000         pwNov
  6.0000    3    2.000   1.0000         rwNov
  8.0000    0    2.000   1.0000          NULL 
 10.0000    6    2.000   1.0000         pwNov
 12.0000    0    2.000   1.0000          NULL 
 14.0000    3    2.000   1.0000         rwNov
 16.0000    2    2.000   1.0000         rwOrt
 18.0000    1    2.000   1.0000         rwRep
 20.0000    0    2.000   1.0000          NULL 
 22.0000    1    2.000   1.0000         rwRep
 24.0000    4    2.000   1.0000         pwRep
 26.0000    2    2.000   1.0000         rwOrt
 28.0000    1    2.000   1.0000         rwRep
 30.0000    1    2.000   1.0000         rwRep
 32.0000    4    2.000   1.0000         pwRep
 34.0000    3    2.000   1.0000         rwNov
 36.0000    0    2.000   1.0000          NULL 
 38.0000    1    2.000   1.0000         rwRep
 40.0000    1    2.000   1.0000         rwRep
 42.0000    3    2.000   1.0000         rwNov
 44.0000    4    2.000   1.0000         pwRep
 46.0000    0    2.000   1.0000          NULL 
 48.0000    4    2.000   1.0000         pwRep
 50.0000    0    2.000   1.0000          NULL 
 52.0000    4    2.000   1.0000         pwRep
 54.0000    5    2.000   1.0000         pwOrt
 56.0000    0    2.000   1.0000          NULL 
 58.0000    3    2.000   1.0000         rwNov
 60.0000    3    2.000   1.0000         rwNov
 62.0000    3    2.000   1.0000         rwNov
 64.0000    2    2.000   1.0000         rwOrt
 66.0000    5    2.000   1.0000         pwOrt
 68.0000    1    2.000   1.0000         rwRep
 70.0000    2    2.000   1.0000         rwOrt
 72.0000    5    2.000   1.0000         pwOrt
 74.0000    3    2.000   1.0000         rwNov
 76.0000    0    2.000   1.0000          NULL 
 78.0000    3    2.000   1.0000         rwNov
 80.0000    4    2.000   1.0000         pwRep
 82.0000    6    2.000   1.0000         pwNov
 84.0000    1    2.000   1.0000         rwRep
 86.0000    2    2.000   1.0000         rwOrt
 88.0000    5    2.000   1.0000         pwOrt
 90.0000    2    2.000   1.0000         rwOrt
 92.0000    4    2.000   1.0000         pwRep
 94.0000    3    2.000   1.0000         rwNov
 96.0000    0    4.000   1.0000          NULL 
100.0000    6    2.000   1.0000         pwNov
102.0000    4    2.000   1.0000         pwRep
104.0000    0    2.000   1.0000          NULL 
106.0000    2    2.000   1.0000         rwOrt
108.0000    3    2.000   1.0000         rwNov
110.0000    0    2.000   1.0000          NULL 
112.0000    2    2.000   1.0000         rwOrt
114.0000    0    2.000   1.0000          NULL 
116.0000    2    2.000   1.0000         rwOrt
118.0000    0    2.000   1.0000          NULL 
120.0000    1    2.000   1.0000         rwRep
122.0000    0    6.000   1.0000          NULL 
128.0000    3    2.000   1.0000         rwNov
130.0000    2    2.000   1.0000         rwOrt
132.0000    5    2.000   1.0000         pwOrt
134.0000    3    2.000   1.0000         rwNov
136.0000    3    2.000   1.0000         rwNov
138.0000    6    2.000   1.0000         pwNov
140.0000    3    2.000   1.0000         rwNov
142.0000    1    2.000   1.0000         rwRep
144.0000    4    2.000   1.0000         pwRep
146.0000    0    2.000   1.0000          NULL 
148.0000    3    2.000   1.0000         rwNov
150.0000    5    2.000   1.0000         pwOrt
152.0000    1    2.000   1.0000         rwRep
154.0000    0    2.000   1.0000          NULL 
156.0000    1    2.000   1.0000         rwRep
158.0000    5    2.000   1.0000         pwOrt
160.0000    2    2.000   1.0000         rwOrt
162.0000    0    4.000   1.0000          NULL 
166.0000    2    2.000   1.0000         rwOrt
168.0000    0    2.000   1.0000          NULL 
170.0000    6    2.000   1.0000         pwNov
172.0000    2    2.000   1.0000         rwOrt
174.0000    1    2.000   1.0000         rwRep
176.0000    4    2.000   1.0000         pwRep
178.0000    0    2.000   1.0000          NULL 
180.0000    6    2.000   1.0000         pwNov
182.0000    4    2.000   1.0000         pwRep
184.0000    3    2.000   1.0000         rwNov
186.0000    0    2.000   1.0000          NULL 
188.0000    2    2.000   1.0000         rwOrt
190.0000    5    2.000   1.0000         pwOrt
192.0000    1    2.000   1.0000         rwRep
194.0000    2    2.000   1.0000         rwOrt
196.0000    6    2.000   1.0000         pwNov
198.0000    0    2.000   1.0000          NULL 
200.0000    6    2.000   1.0000         pwNov
202.0000    0    2.000   1.0000          NULL 
204.0000    4    2.000   1.0000         pwRep
206.0000    4    2.000   1.0000         pwRep
208.0000    0    4.000   1.0000          NULL 
212.0000    4    2.000   1.0000         pwRep
214.0000    0    8.000   1.0000          NULL 
222.0000    5    2.000   1.0000         pwOrt
224.0000    3    2.000   1.0000         rwNov
226.0000    0    2.000   1.0000          NULL 
228.0000    4    2.000   1.0000         pwRep
230.0000    1    2.000   1.0000         rwRep
232.0000    5    2.000   1.0000         pwOrt
234.0000    0    2.000   1.0000          NULL 
236.0000    6    2.000   1.0000         pwNov
238.0000    6    2.000   1.0000         pwNov
240.0000    3    2.000   1.0000         rwNov
242.0000    0    2.000   1.0000          NULL 
244.0000    5    2.000   1.0000         pwOrt
246.0000    0    6.000   1.0000          NULL 
252.0000    5    2.000   1.0000         pwOrt
254.0000    6    2.000   1.0000         pwNov
256.0000    6    2.000   1.0000         pwNov
258.0000    5    2.000   1.0000         pwOrt
260.0000    6    2.000   1.0000         pwNov
262.0000    1    2.000   1.0000         rwRep
264.0000    0    2.000   1.0000          NULL 
266.0000    5    2.000   1.0000         pwOrt
268.0000    0   10.000   1.0000          NULL 
278.0000    2    2.000   1.0000         rwOrt
280.0000    0    2.000   1.0000          NULL 
282.0000    3    2.000   1.0000         rwNov
284.0000    0    2.000   1.0000          NULL 
286.0000    2    2.000   1.0000         rwOrt
288.0000    0    2.000   1.0000          NULL 
290.0000    5    2.000   1.0000         pwOrt
292.0000    5    2.000   1.0000         pwOrt
294.0000    0    2.000   1.0000          NULL 
296.0000    2    2.000   1.0000         rwOrt
298.0000    0    4.000   1.0000          NULL 
302.0000    4    2.000   1.0000         pwRep
304.0000    1    2.000   1.0000         rwRep
306.0000    6    2.000   1.0000         pwNov
308.0000    4    2.000   1.0000         pwRep
310.0000    1    2.000   1.0000         rwRep
312.0000    0    2.000   1.0000          NULL 
314.0000    6    2.000   1.0000         pwNov
316.0000    0    6.000   1.0000          NULL 
322.0000    4    2.000   1.0000         pwRep
324.0000    5    2.000   1.0000         pwOrt
326.0000    1    2.000   1.0000         rwRep
328.0000    6    2.000   1.0000         pwNov
330.0000    4    2.000   1.0000         pwRep
332.0000    4    2.000   1.0000         pwRep
334.0000    0    4.000   1.0000          NULL 
338.0000    5    2.000   1.0000         pwOrt
340.0000    2    2.000   1.0000         rwOrt
342.0000    0    2.000   1.0000          NULL 
344.0000    6    2.000   1.0000         pwNov
346.0000    0    2.000   1.0000          NULL 
348.0000    5    2.000   1.0000         pwOrt
350.0000    1    2.000   1.0000         rwRep
352.0000    5    2.000   1.0000         pwOrt
354.0000    0    2.000   1.0000          NULL 
356.0000    2    2.000   1.0000         rwOrt
358.0000    0    2.000   1.0000          NULL 
