  0.0000    4    2.000   1.0000         pwRep
  2.0000    1    2.000   1.0000         rwRep
  4.0000    3    2.000   1.0000         rwNov
  6.0000    0    6.000   1.0000          NULL 
 12.0000    1    2.000   1.0000         rwRep
 14.0000    2    2.000   1.0000         rwOrt
 16.0000    3    2.000   1.0000         rwNov
 18.0000    5    2.000   1.0000         pwOrt
 20.0000    2    2.000   1.0000         rwOrt
 22.0000    0    2.000   1.0000          NULL 
 24.0000    1    2.000   1.0000         rwRep
 26.0000    3    2.000   1.0000         rwNov
 28.0000    6    2.000   1.0000         pwNov
 30.0000    3    2.000   1.0000         rwNov
 32.0000    2    2.000   1.0000         rwOrt
 34.0000    4    2.000   1.0000         pwRep
 36.0000    5    2.000   1.0000         pwOrt
 38.0000    2    2.000   1.0000         rwOrt
 40.0000    0    2.000   1.0000          NULL 
 42.0000    5    2.000   1.0000         pwOrt
 44.0000    0    2.000   1.0000          NULL 
 46.0000    4    2.000   1.0000         pwRep
 48.0000    3    2.000   1.0000         rwNov
 50.0000    6    2.000   1.0000         pwNov
 52.0000    2    2.000   1.0000         rwOrt
 54.0000    2    2.000   1.0000         rwOrt
 56.0000    1    2.000   1.0000         rwRep
 58.0000    0    2.000   1.0000          NULL 
 60.0000    6    2.000   1.0000         pwNov
 62.0000    1    2.000   1.0000         rwRep
 64.0000    0    2.000   1.0000          NULL 
 66.0000    4    2.000   1.0000         pwRep
 68.0000    0    2.000   1.0000          NULL 
 70.0000    1    2.000   1.0000         rwRep
 72.0000    1    2.000   1.0000         rwRep
 74.0000    0    4.000   1.0000          NULL 
 78.0000    2    2.000   1.0000         rwOrt
 80.0000    2    2.000   1.0000         rwOrt
 82.0000    5    2.000   1.0000         pwOrt
 84.0000    6    2.000   1.0000         pwNov
 86.0000    3    2.000   1.0000         rwNov
 88.0000    0    2.000   1.0000          NULL 
 90.0000    2    2.000   1.0000         rwOrt
 92.0000    3    2.000   1.0000         rwNov
 94.0000    5    2.000   1.0000         pwOrt
 96.0000    0    2.000   1.0000          NULL 
 98.0000    6    2.000   1.0000         pwNov
100.0000    4    2.000   1.0000         pwRep
102.0000    0    4.000   1.0000          NULL 
106.0000    5    2.000   1.0000         pwOrt
108.0000    2    2.000   1.0000         rwOrt
110.0000    1    2.000   1.0000         rwRep
112.0000    2    2.000   1.0000         rwOrt
114.0000    1    2.000   1.0000         rwRep
116.0000    5    2.000   1.0000         pwOrt
118.0000    2    2.000   1.0000         rwOrt
120.0000    4    2.000   1.0000         pwRep
122.0000    0    2.000   1.0000          NULL 
124.0000    2    2.000   1.0000         rwOrt
126.0000    0    2.000   1.0000          NULL 
128.0000    2    2.000   1.0000         rwOrt
130.0000    0    2.000   1.0000          NULL 
132.0000    3    2.000   1.0000         rwNov
134.0000    0    2.000   1.0000          NULL 
136.0000    3    2.000   1.0000         rwNov
138.0000    5    2.000   1.0000         pwOrt
140.0000    0    6.000   1.0000          NULL 
146.0000    2    2.000   1.0000         rwOrt
148.0000    6    2.000   1.0000         pwNov
150.0000    0    2.000   1.0000          NULL 
152.0000    1    2.000   1.0000         rwRep
154.0000    5    2.000   1.0000         pwOrt
156.0000    4    2.000   1.0000         pwRep
158.0000    4    2.000   1.0000         pwRep
160.0000    1    2.000   1.0000         rwRep
162.0000    0    2.000   1.0000          NULL 
164.0000    5    2.000   1.0000         pwOrt
166.0000    0    4.000   1.0000          NULL 
170.0000    5    2.000   1.0000         pwOrt
172.0000    1    2.000   1.0000         rwRep
174.0000    0    2.000   1.0000          NULL 
176.0000    2    2.000   1.0000         rwOrt
178.0000    0    2.000   1.0000          NULL 
180.0000    4    2.000   1.0000         pwRep
182.0000    3    2.000   1.0000         rwNov
184.0000    0    4.000   1.0000          NULL 
188.0000    3    2.000   1.0000         rwNov
190.0000    5    2.000   1.0000         pwOrt
192.0000    6    2.000   1.0000         pwNov
194.0000    0    2.000   1.0000          NULL 
196.0000    5    2.000   1.0000         pwOrt
198.0000    0    2.000   1.0000          NULL 
200.0000    1    2.000   1.0000         rwRep
202.0000    0    2.000   1.0000          NULL 
204.0000    1    2.000   1.0000         rwRep
206.0000    1    2.000   1.0000         rwRep
208.0000    4    2.000   1.0000         pwRep
210.0000    0    6.000   1.0000          NULL 
216.0000    4    2.000   1.0000         pwRep
218.0000    5    2.000   1.0000         pwOrt
220.0000    0    6.000   1.0000          NULL 
226.0000    3    2.000   1.0000         rwNov
228.0000    4    2.000   1.0000         pwRep
230.0000    5    2.000   1.0000         pwOrt
232.0000    3    2.000   1.0000         rwNov
234.0000    6    2.000   1.0000         pwNov
236.0000    3    2.000   1.0000         rwNov
238.0000    6    2.000   1.0000         pwNov
240.0000    1    2.000   1.0000         rwRep
242.0000    1    2.000   1.0000         rwRep
244.0000    3    2.000   1.0000         rwNov
246.0000    5    2.000   1.0000         pwOrt
248.0000    0    2.000   1.0000          NULL 
250.0000    4    2.000   1.0000         pwRep
252.0000    0    2.000   1.0000          NULL 
254.0000    2    2.000   1.0000         rwOrt
256.0000    5    2.000   1.0000         pwOrt
258.0000    0    2.000   1.0000          NULL 
260.0000    6    2.000   1.0000         pwNov
262.0000    6    2.000   1.0000         pwNov
264.0000    4    2.000   1.0000         pwRep
266.0000    6    2.000   1.0000         pwNov
268.0000    5    2.000   1.0000         pwOrt
270.0000    4    2.000   1.0000         pwRep
272.0000    1    2.000   1.0000         rwRep
274.0000    6    2.000   1.0000         pwNov
276.0000    2    2.000   1.0000         rwOrt
278.0000    0    4.000   1.0000          NULL 
282.0000    2    2.000   1.0000         rwOrt
284.0000    0    2.000   1.0000          NULL 
286.0000    6    2.000   1.0000         pwNov
288.0000    0    2.000   1.0000          NULL 
290.0000    6    2.000   1.0000         pwNov
292.0000    1    2.000   1.0000         rwRep
294.0000    0    2.000   1.0000          NULL 
296.0000    6    2.000   1.0000         pwNov
298.0000    6    2.000   1.0000         pwNov
300.0000    6    2.000   1.0000         pwNov
302.0000    0    4.000   1.0000          NULL 
306.0000    3    2.000   1.0000         rwNov
308.0000    0    6.000   1.0000          NULL 
314.0000    6    2.000   1.0000         pwNov
316.0000    5    2.000   1.0000         pwOrt
318.0000    4    2.000   1.0000         pwRep
320.0000    5    2.000   1.0000         pwOrt
322.0000    0    2.000   1.0000          NULL 
324.0000    3    2.000   1.0000         rwNov
326.0000    0    2.000   1.0000          NULL 
328.0000    4    2.000   1.0000         pwRep
330.0000    0    2.000   1.0000          NULL 
332.0000    3    2.000   1.0000         rwNov
334.0000    4    2.000   1.0000         pwRep
336.0000    2    2.000   1.0000         rwOrt
338.0000    4    2.000   1.0000         pwRep
340.0000    4    2.000   1.0000         pwRep
342.0000    0    6.000   1.0000          NULL 
348.0000    3    2.000   1.0000         rwNov
350.0000    3    2.000   1.0000         rwNov
352.0000    1    2.000   1.0000         rwRep
354.0000    0    4.000   1.0000          NULL 
358.0000    6    2.000   1.0000         pwNov
