  0.0000    6    2.000   1.0000         pwNov
  2.0000    0    2.000   1.0000          NULL 
  4.0000    4    2.000   1.0000         pwRep
  6.0000    4    2.000   1.0000         pwRep
  8.0000    1    2.000   1.0000         rwRep
 10.0000    6    2.000   1.0000         pwNov
 12.0000    1    2.000   1.0000         rwRep
 14.0000    0    2.000   1.0000          NULL 
 16.0000    3    2.000   1.0000         rwNov
 18.0000    4    2.000   1.0000         pwRep
 20.0000    0    2.000   1.0000          NULL 
 22.0000    2    2.000   1.0000         rwOrt
 24.0000    1    2.000   1.0000         rwRep
 26.0000    2    2.000   1.0000         rwOrt
 28.0000    0    4.000   1.0000          NULL 
 32.0000    4    2.000   1.0000         pwRep
 34.0000    1    2.000   1.0000         rwRep
 36.0000    2    2.000   1.0000         rwOrt
 38.0000    0    2.000   1.0000          NULL 
 40.0000    1    2.000   1.0000         rwRep
 42.0000    1    2.000   1.0000         rwRep
 44.0000    0    2.000   1.0000          NULL 
 46.0000    6    2.000   1.0000         pwNov
 48.0000    2    2.000   1.0000         rwOrt
 50.0000    6    2.000   1.0000         pwNov
 52.0000    1    2.000   1.0000         rwRep
 54.0000    2    2.000   1.0000         rwOrt
 56.0000    2    2.000   1.0000         rwOrt
 58.0000    1    2.000   1.0000         rwRep
 60.0000    0    6.000   1.0000          NULL 
 66.0000    1    2.000   1.0000         rwRep
 68.0000    3    2.000   1.0000         rwNov
 70.0000    5    2.000   1.0000         pwOrt
 72.0000    0    2.000   1.0000          NULL 
 74.0000    5    2.000   1.0000         pwOrt
 76.0000    3    2.000   1.0000         rwNov
 78.0000    5    2.000   1.0000         pwOrt
 80.0000    2    2.000   1.0000         rwOrt
 82.0000    0    2.000   1.0000          NULL 
 84.0000    4    2.000   1.0000         pwRep
 86.0000    0    6.000   1.0000          NULL 
 92.0000    3    2.000   1.0000         rwNov
 94.0000    6    2.000   1.0000         pwNov
 96.0000    6    2.000   1.0000         pwNov
 98.0000    0    2.000   1.0000          NULL 
100.0000    3    2.000   1.0000         rwNov
102.0000    0    2.000   1.0000          NULL 
104.0000    4    2.000   1.0000         pwRep
106.0000    1    2.000   1.0000         rwRep
108.0000    0    4.000   1.0000          NULL 
112.0000    3    2.000   1.0000         rwNov
114.0000    5    2.000   1.0000         pwOrt
116.0000    5    2.000   1.0000         pwOrt
118.0000    4    2.000   1.0000         pwRep
120.0000    2    2.000   1.0000         rwOrt
122.0000    6    2.000   1.0000         pwNov
124.0000    5    2.000   1.0000         pwOrt
126.0000    0    2.000   1.0000          NULL 
128.0000    4    2.000   1.0000         pwRep
130.0000    4    2.000   1.0000         pwRep
132.0000    2    2.000   1.0000         rwOrt
134.0000    0    2.000   1.0000          NULL 
136.0000    4    2.000   1.0000         pwRep
138.0000    6    2.000   1.0000         pwNov
140.0000    5    2.000   1.0000         pwOrt
142.0000    2    2.000   1.0000         rwOrt
144.0000    6    2.000   1.0000         pwNov
146.0000    6    2.000   1.0000         pwNov
148.0000    2    2.000   1.0000         rwOrt
150.0000    0    2.000   1.0000          NULL 
152.0000    5    2.000   1.0000         pwOrt
154.0000    5    2.000   1.0000         pwOrt
156.0000    6    2.000   1.0000         pwNov
158.0000    0    2.000   1.0000          NULL 
160.0000    5    2.000   1.0000         pwOrt
162.0000    0    6.000   1.0000          NULL 
168.0000    1    2.000   1.0000         rwRep
170.0000    1    2.000   1.0000         rwRep
172.0000    4    2.000   1.0000         pwRep
174.0000    4    2.000   1.0000         pwRep
176.0000    3    2.000   1.0000         rwNov
178.0000    2    2.000   1.0000         rwOrt
180.0000    5    2.000   1.0000         pwOrt
182.0000    4    2.000   1.0000         pwRep
184.0000    0    2.000   1.0000          NULL 
186.0000    6    2.000   1.0000         pwNov
188.0000    5    2.000   1.0000         pwOrt
190.0000    5    2.000   1.0000         pwOrt
192.0000    0    8.000   1.0000          NULL 
200.0000    6    2.000   1.0000         pwNov
202.0000    1    2.000   1.0000         rwRep
204.0000    0    2.000   1.0000          NULL 
206.0000    1    2.000   1.0000         rwRep
208.0000    0    2.000   1.0000          NULL 
210.0000    3    2.000   1.0000         rwNov
212.0000    3    2.000   1.0000         rwNov
214.0000    2    2.000   1.0000         rwOrt
216.0000    1    2.000   1.0000         rwRep
218.0000    0    4.000   1.0000          NULL 
222.0000    5    2.000   1.0000         pwOrt
224.0000    0    2.000   1.0000          NULL 
226.0000    4    2.000   1.0000         pwRep
228.0000    4    2.000   1.0000         pwRep
230.0000    0    6.000   1.0000          NULL 
236.0000    5    2.000   1.0000         pwOrt
238.0000    3    2.000   1.0000         rwNov
240.0000    5    2.000   1.0000         pwOrt
242.0000    3    2.000   1.0000         rwNov
244.0000    0    8.000   1.0000          NULL 
252.0000    1    2.000   1.0000         rwRep
254.0000    3    2.000   1.0000         rwNov
256.0000    6    2.000   1.0000         pwNov
258.0000    0    2.000   1.0000          NULL 
260.0000    2    2.000   1.0000         rwOrt
262.0000    0    2.000   1.0000          NULL 
264.0000    3    2.000   1.0000         rwNov
266.0000    3    2.000   1.0000         rwNov
268.0000    4    2.000   1.0000         pwRep
270.0000    2    2.000   1.0000         rwOrt
272.0000    1    2.000   1.0000         rwRep
274.0000    6    2.000   1.0000         pwNov
276.0000    0    2.000   1.0000          NULL 
278.0000    1    2.000   1.0000         rwRep
280.0000    0    4.000   1.0000          NULL 
284.0000    2    2.000   1.0000         rwOrt
286.0000    0    4.000   1.0000          NULL 
290.0000    6    2.000   1.0000         pwNov
292.0000    2    2.000   1.0000         rwOrt
294.0000    3    2.000   1.0000         rwNov
296.0000    4    2.000   1.0000         pwRep
298.0000    3    2.000   1.0000         rwNov
300.0000    0    2.000   1.0000          NULL 
302.0000    2    2.000   1.0000         rwOrt
304.0000    0    2.000   1.0000          NULL 
306.0000    2    2.000   1.0000         rwOrt
308.0000    4    2.000   1.0000         pwRep
310.0000    1    2.000   1.0000         rwRep
312.0000    4    2.000   1.0000         pwRep
314.0000    3    2.000   1.0000         rwNov
316.0000    6    2.000   1.0000         pwNov
318.0000    6    2.000   1.0000         pwNov
320.0000    6    2.000   1.0000         pwNov
322.0000    0    4.000   1.0000          NULL 
326.0000    3    2.000   1.0000         rwNov
328.0000    0    4.000   1.0000          NULL 
332.0000    3    2.000   1.0000         rwNov
334.0000    4    2.000   1.0000         pwRep
336.0000    5    2.000   1.0000         pwOrt
338.0000    0    6.000   1.0000          NULL 
344.0000    5    2.000   1.0000         pwOrt
346.0000    5    2.000   1.0000         pwOrt
348.0000    5    2.000   1.0000         pwOrt
350.0000    1    2.000   1.0000         rwRep
352.0000    6    2.000   1.0000         pwNov
354.0000    3    2.000   1.0000         rwNov
356.0000    2    2.000   1.0000         rwOrt
358.0000    0    2.000   1.0000          NULL 
