  0.0000    3    2.000   1.0000         rwNov
  2.0000    0    2.000   1.0000          NULL 
  4.0000    6    2.000   1.0000         pwNov
  6.0000    0    2.000   1.0000          NULL 
  8.0000    2    2.000   1.0000         rwOrt
 10.0000    2    2.000   1.0000         rwOrt
 12.0000    2    2.000   1.0000         rwOrt
 14.0000    2    2.000   1.0000         rwOrt
 16.0000    0    2.000   1.0000          NULL 
 18.0000    3    2.000   1.0000         rwNov
 20.0000    0    2.000   1.0000          NULL 
 22.0000    3    2.000   1.0000         rwNov
 24.0000    6    2.000   1.0000         pwNov
 26.0000    1    2.000   1.0000         rwRep
 28.0000    3    2.000   1.0000         rwNov
 30.0000    3    2.000   1.0000         rwNov
 32.0000    1    2.000   1.0000         rwRep
 34.0000    1    2.000   1.0000         rwRep
 36.0000    2    2.000   1.0000         rwOrt
 38.0000    0    4.000   1.0000          NULL 
 42.0000    6    2.000   1.0000         pwNov
 44.0000    0    2.000   1.0000          NULL 
 46.0000    6    2.000   1.0000         pwNov
 48.0000    0    2.000   1.0000          NULL 
 50.0000    3    2.000   1.0000         rwNov
 52.0000    2    2.000   1.0000         rwOrt
 54.0000    0    2.000   1.0000          NULL 
 56.0000    6    2.000   1.0000         pwNov
 58.0000    1    2.000   1.0000         rwRep
 60.0000    2    2.000   1.0000         rwOrt
 62.0000    2    2.000   1.0000         rwOrt
 64.0000    0    4.000   1.0000          NULL 
 68.0000    2    2.000   1.0000         rwOrt
 70.0000    0    4.000   1.0000          NULL 
 74.0000    2    2.000   1.0000         rwOrt
 76.0000    0    2.000   1.0000          NULL 
 78.0000    1    2.000   1.0000         rwRep
 80.0000    1    2.000   1.0000         rwRep
 82.0000    1    2.000   1.0000         rwRep
 84.0000    4    2.000   1.0000         pwRep
 86.0000    1    2.000   1.0000         rwRep
 88.0000    2    2.000   1.0000         rwOrt
 90.0000    0    2.000   1.0000          NULL 
 92.0000    5    2.000   1.0000         pwOrt
 94.0000    4    2.000   1.0000         pwRep
 96.0000    1    2.000   1.0000         rwRep
 98.0000    3    2.000   1.0000         rwNov
100.0000    4    2.000   1.0000         pwRep
102.0000    0    2.000   1.0000          NULL 
104.0000    4    2.000   1.0000         pwRep
106.0000    4    2.000   1.0000         pwRep
108.0000    0    4.000   1.0000          NULL 
112.0000    5    2.000   1.0000         pwOrt
114.0000    2    2.000   1.0000         rwOrt
116.0000    0    2.000   1.0000          NULL 
118.0000    4    2.000   1.0000         pwRep
120.0000    3    2.000   1.0000         rwNov
122.0000    5    2.000   1.0000         pwOrt
124.0000    1    2.000   1.0000         rwRep
126.0000    6    2.000   1.0000         pwNov
128.0000    0    2.000   1.0000          NULL 
130.0000    4    2.000   1.0000         pwRep
132.0000    1    2.000   1.0000         rwRep
134.0000    4    2.000   1.0000         pwRep
136.0000    4    2.000   1.0000         pwRep
138.0000    0    2.000   1.0000          NULL 
140.0000    3    2.000   1.0000         rwNov
142.0000    6    2.000   1.0000         pwNov
144.0000    4    2.000   1.0000         pwRep
146.0000    0    2.000   1.0000          NULL 
148.0000    5    2.000   1.0000         pwOrt
150.0000    2    2.000   1.0000         rwOrt
152.0000    1    2.000   1.0000         rwRep
154.0000    0    2.000   1.0000          NULL 
156.0000    1    2.000   1.0000         rwRep
158.0000    3    2.000   1.0000         rwNov
160.0000    0    2.000   1.0000          NULL 
162.0000    6    2.000   1.0000         pwNov
164.0000    4    2.000   1.0000         pwRep
166.0000    5    2.000   1.0000         pwOrt
168.0000    6    2.000   1.0000         pwNov
170.0000    0    4.000   1.0000          NULL 
174.0000    5    2.000   1.0000         pwOrt
176.0000    6    2.000   1.0000         pwNov
178.0000    0    2.000   1.0000          NULL 
180.0000    3    2.000   1.0000         rwNov
182.0000    5    2.000   1.0000         pwOrt
184.0000    2    2.000   1.0000         rwOrt
186.0000    5    2.000   1.0000         pwOrt
188.0000    1    2.000   1.0000         rwRep
190.0000    0    2.000   1.0000          NULL 
192.0000    5    2.000   1.0000         pwOrt
194.0000    6    2.000   1.0000         pwNov
196.0000    0    4.000   1.0000          NULL 
200.0000    1    2.000   1.0000         rwRep
202.0000    5    2.000   1.0000         pwOrt
204.0000    3    2.000   1.0000         rwNov
206.0000    4    2.000   1.0000         pwRep
208.0000    5    2.000   1.0000         pwOrt
210.0000    0    4.000   1.0000          NULL 
214.0000    4    2.000   1.0000         pwRep
216.0000    0    2.000   1.0000          NULL 
218.0000    3    2.000   1.0000         rwNov
220.0000    0    2.000   1.0000          NULL 
222.0000    2    2.000   1.0000         rwOrt
224.0000    0    6.000   1.0000          NULL 
230.0000    1    2.000   1.0000         rwRep
232.0000    4    2.000   1.0000         pwRep
234.0000    5    2.000   1.0000         pwOrt
236.0000    5    2.000   1.0000         pwOrt
238.0000    4    2.000   1.0000         pwRep
240.0000    6    2.000   1.0000         pwNov
242.0000    0    4.000   1.0000          NULL 
246.0000    3    2.000   1.0000         rwNov
248.0000    0    6.000   1.0000          NULL 
254.0000    3    2.000   1.0000         rwNov
256.0000    4    2.000   1.0000         pwRep
258.0000    5    2.000   1.0000         pwOrt
260.0000    0    2.000   1.0000          NULL 
262.0000    3    2.000   1.0000         rwNov
264.0000    6    2.000   1.0000         pwNov
266.0000    2    2.000   1.0000         rwOrt
268.0000    5    2.000   1.0000         pwOrt
270.0000    0    2.000   1.0000          NULL 
272.0000    4    2.000   1.0000         pwRep
274.0000    3    2.000   1.0000         rwNov
276.0000    4    2.000   1.0000         pwRep
278.0000    2    2.000   1.0000         rwOrt
280.0000    0    8.000   1.0000          NULL 
288.0000    2    2.000   1.0000         rwOrt
290.0000    6    2.000   1.0000         pwNov
292.0000    6    2.000   1.0000         pwNov
294.0000    1    2.000   1.0000         rwRep
296.0000    4    2.000   1.0000         pwRep
298.0000    0    2.000   1.0000          NULL 
300.0000    6    2.000   1.0000         pwNov
302.0000    5    2.000   1.0000         pwOrt
304.0000    0    4.000   1.0000          NULL 
308.0000    3    2.000   1.0000         rwNov
310.0000    0    2.000   1.0000          NULL 
312.0000    6    2.000   1.0000         pwNov
314.0000    2    2.000   1.0000         rwOrt
316.0000    0    2.000   1.0000          NULL 
318.0000    5    2.000   1.0000         pwOrt
320.0000    3    2.000   1.0000         rwNov
322.0000    1    2.000   1.0000         rwRep
324.0000    5    2.000   1.0000         pwOrt
326.0000    4    2.000   1.0000         pwRep
328.0000    0    6.000   1.0000          NULL 
334.0000    3    2.000   1.0000         rwNov
336.0000    5    2.000   1.0000         pwOrt
338.0000    1    2.000   1.0000         rwRep
340.0000    1    2.000   1.0000         rwRep
342.0000    6    2.000   1.0000         pwNov
344.0000    5    2.000   1.0000         pwOrt
346.0000    2    2.000   1.0000         rwOrt
348.0000    0    4.000   1.0000          NULL 
352.0000    6    2.000   1.0000         pwNov
354.0000    0    4.000   1.0000          NULL 
358.0000    6    2.000   1.0000         pwNov
