  0.0000    5    2.000   1.0000         pwOrt
  2.0000    6    2.000   1.0000         pwNov
  4.0000    4    2.000   1.0000         pwRep
  6.0000    1    2.000   1.0000         rwRep
  8.0000    4    2.000   1.0000         pwRep
 10.0000    0    4.000   1.0000          NULL 
 14.0000    3    2.000   1.0000         rwNov
 16.0000    0    4.000   1.0000          NULL 
 20.0000    6    2.000   1.0000         pwNov
 22.0000    3    2.000   1.0000         rwNov
 24.0000    4    2.000   1.0000         pwRep
 26.0000    5    2.000   1.0000         pwOrt
 28.0000    4    2.000   1.0000         pwRep
 30.0000    1    2.000   1.0000         rwRep
 32.0000    3    2.000   1.0000         rwNov
 34.0000    6    2.000   1.0000         pwNov
 36.0000    1    2.000   1.0000         rwRep
 38.0000    3    2.000   1.0000         rwNov
 40.0000    2    2.000   1.0000         rwOrt
 42.0000    0    4.000   1.0000          NULL 
 46.0000    2    2.000   1.0000         rwOrt
 48.0000    2    2.000   1.0000         rwOrt
 50.0000    4    2.000   1.0000         pwRep
 52.0000    0    6.000   1.0000          NULL 
 58.0000    2    2.000   1.0000         rwOrt
 60.0000    6    2.000   1.0000         pwNov
 62.0000    2    2.000   1.0000         rwOrt
 64.0000    0    4.000   1.0000          NULL 
 68.0000    5    2.000   1.0000         pwOrt
 70.0000    3    2.000   1.0000         rwNov
 72.0000    2    2.000   1.0000         rwOrt
 74.0000    3    2.000   1.0000         rwNov
 76.0000    0    2.000   1.0000          NULL 
 78.0000    4    2.000   1.0000         pwRep
 80.0000    0    2.000   1.0000          NULL 
 82.0000    4    2.000   1.0000         pwRep
 84.0000    2    2.000   1.0000         rwOrt
 86.0000    3    2.000   1.0000         rwNov
 88.0000    5    2.000   1.0000         pwOrt
 90.0000    3    2.000   1.0000         rwNov
 92.0000    6    2.000   1.0000         pwNov
 94.0000    0    4.000   1.0000          NULL 
 98.0000    3    2.000   1.0000         rwNov
100.0000    2    2.000   1.0000         rwOrt
102.0000    4    2.000   1.0000         pwRep
104.0000    6    2.000   1.0000         pwNov
106.0000    4    2.000   1.0000         pwRep
108.0000    0    4.000   1.0000          NULL 
112.0000    3    2.000   1.0000         rwNov
114.0000    4    2.000   1.0000         pwRep
116.0000    0    8.000   1.0000          NULL 
124.0000    1    2.000   1.0000         rwRep
126.0000    3    2.000   1.0000         rwNov
128.0000    3    2.000   1.0000         rwNov
130.0000    4    2.000   1.0000         pwRep
132.0000    2    2.000   1.0000         rwOrt
134.0000    3    2.000   1.0000         rwNov
136.0000    0    4.000   1.0000          NULL 
140.0000    5    2.000   1.0000         pwOrt
142.0000    0    2.000   1.0000          NULL 
144.0000    3    2.000   1.0000         rwNov
146.0000    0    2.000   1.0000          NULL 
148.0000    5    2.000   1.0000         pwOrt
150.0000    1    2.000   1.0000         rwRep
152.0000    6    2.000   1.0000         pwNov
154.0000    0    2.000   1.0000          NULL 
156.0000    1    2.000   1.0000         rwRep
158.0000    6    2.000   1.0000         pwNov
160.0000    4    2.000   1.0000         pwRep
162.0000    0    2.000   1.0000          NULL 
164.0000    6    2.000   1.0000         pwNov
166.0000    0    2.000   1.0000          NULL 
168.0000    1    2.000   1.0000         rwRep
170.0000    4    2.000   1.0000         pwRep
172.0000    6    2.000   1.0000         pwNov
174.0000    5    2.000   1.0000         pwOrt
176.0000    6    2.000   1.0000         pwNov
178.0000    0    6.000   1.0000          NULL 
184.0000    4    2.000   1.0000         pwRep
186.0000    5    2.000   1.0000         pwOrt
188.0000    0    4.000   1.0000          NULL 
192.0000    2    2.000   1.0000         rwOrt
194.0000    0    2.000   1.0000          NULL 
196.0000    5    2.000   1.0000         pwOrt
198.0000    0    2.000   1.0000          NULL 
200.0000    6    2.000   1.0000         pwNov
202.0000    0    2.000   1.0000          NULL 
204.0000    4    2.000   1.0000         pwRep
206.0000    3    2.000   1.0000         rwNov
208.0000    0    2.000   1.0000          NULL 
210.0000    2    2.000   1.0000         rwOrt
212.0000    5    2.000   1.0000         pwOrt
214.0000    3    2.000   1.0000         rwNov
216.0000    5    2.000   1.0000         pwOrt
218.0000    1    2.000   1.0000         rwRep
220.0000    5    2.000   1.0000         pwOrt
222.0000    5    2.000   1.0000         pwOrt
224.0000    4    2.000   1.0000         pwRep
226.0000    6    2.000   1.0000         pwNov
228.0000    0    2.000   1.0000          NULL 
230.0000    2    2.000   1.0000         rwOrt
232.0000    2    2.000   1.0000         rwOrt
234.0000    0    2.000   1.0000          NULL 
236.0000    4    2.000   1.0000         pwRep
238.0000    5    2.000   1.0000         pwOrt
240.0000    0    2.000   1.0000          NULL 
242.0000    2    2.000   1.0000         rwOrt
244.0000    5    2.000   1.0000         pwOrt
246.0000    2    2.000   1.0000         rwOrt
248.0000    0    6.000   1.0000          NULL 
254.0000    1    2.000   1.0000         rwRep
256.0000    1    2.000   1.0000         rwRep
258.0000    5    2.000   1.0000         pwOrt
260.0000    6    2.000   1.0000         pwNov
262.0000    0    6.000   1.0000          NULL 
268.0000    5    2.000   1.0000         pwOrt
270.0000    5    2.000   1.0000         pwOrt
272.0000    3    2.000   1.0000         rwNov
274.0000    0    2.000   1.0000          NULL 
276.0000    3    2.000   1.0000         rwNov
278.0000    5    2.000   1.0000         pwOrt
280.0000    1    2.000   1.0000         rwRep
282.0000    2    2.000   1.0000         rwOrt
284.0000    5    2.000   1.0000         pwOrt
286.0000    3    2.000   1.0000         rwNov
288.0000    0    6.000   1.0000          NULL 
294.0000    6    2.000   1.0000         pwNov
296.0000    1    2.000   1.0000         rwRep
298.0000    4    2.000   1.0000         pwRep
300.0000    0    2.000   1.0000          NULL 
302.0000    1    2.000   1.0000         rwRep
304.0000    1    2.000   1.0000         rwRep
306.0000    6    2.000   1.0000         pwNov
308.0000    1    2.000   1.0000         rwRep
310.0000    1    2.000   1.0000         rwRep
312.0000    3    2.000   1.0000         rwNov
314.0000    1    2.000   1.0000         rwRep
316.0000    0    2.000   1.0000          NULL 
318.0000    4    2.000   1.0000         pwRep
320.0000    0    2.000   1.0000          NULL 
322.0000    1    2.000   1.0000         rwRep
324.0000    2    2.000   1.0000         rwOrt
326.0000    0    2.000   1.0000          NULL 
328.0000    1    2.000   1.0000         rwRep
330.0000    4    2.000   1.0000         pwRep
332.0000    0    2.000   1.0000          NULL 
334.0000    1    2.000   1.0000         rwRep
336.0000    0    4.000   1.0000          NULL 
340.0000    2    2.000   1.0000         rwOrt
342.0000    2    2.000   1.0000         rwOrt
344.0000    6    2.000   1.0000         pwNov
346.0000    6    2.000   1.0000         pwNov
348.0000    6    2.000   1.0000         pwNov
350.0000    0    2.000   1.0000          NULL 
352.0000    6    2.000   1.0000         pwNov
354.0000    0    4.000   1.0000          NULL 
358.0000    2    2.000   1.0000         rwOrt
