  0.0000    2    2.000   1.0000         rwOrt
  2.0000    0    4.000   1.0000          NULL 
  6.0000    4    2.000   1.0000         pwRep
  8.0000    1    2.000   1.0000         rwRep
 10.0000    0    2.000   1.0000          NULL 
 12.0000    3    2.000   1.0000         rwNov
 14.0000    3    2.000   1.0000         rwNov
 16.0000    4    2.000   1.0000         pwRep
 18.0000    4    2.000   1.0000         pwRep
 20.0000    3    2.000   1.0000         rwNov
 22.0000    0    2.000   1.0000          NULL 
 24.0000    3    2.000   1.0000         rwNov
 26.0000    1    2.000   1.0000         rwRep
 28.0000    2    2.000   1.0000         rwOrt
 30.0000    0    2.000   1.0000          NULL 
 32.0000    3    2.000   1.0000         rwNov
 34.0000    6    2.000   1.0000         pwNov
 36.0000    5    2.000   1.0000         pwOrt
 38.0000    4    2.000   1.0000         pwRep
 40.0000    0    6.000   1.0000          NULL 
 46.0000    2    2.000   1.0000         rwOrt
 48.0000    2    2.000   1.0000         rwOrt
 50.0000    3    2.000   1.0000         rwNov
 52.0000    4    2.000   1.0000         pwRep
 54.0000    0    4.000   1.0000          NULL 
 58.0000    3    2.000   1.0000         rwNov
 60.0000    5    2.000   1.0000         pwOrt
 62.0000    0    2.000   1.0000          NULL 
 64.0000    1    2.000   1.0000         rwRep
 66.0000    1    2.000   1.0000         rwRep
 68.0000    2    2.000   1.0000         rwOrt
 70.0000    1    2.000   1.0000         rwRep
 72.0000    0    2.000   1.0000          NULL 
 74.0000    2    2.000   1.0000         rwOrt
 76.0000    0    2.000   1.0000          NULL 
 78.0000    3    2.000   1.0000         rwNov
 80.0000    2    2.000   1.0000         rwOrt
 82.0000    0    4.000   1.0000          NULL 
 86.0000    2    2.000   1.0000         rwOrt
 88.0000    6    2.000   1.0000         pwNov
 90.0000    2    2.000   1.0000         rwOrt
 92.0000    1    2.000   1.0000         rwRep
 94.0000    1    2.000   1.0000         rwRep
 96.0000    1    2.000   1.0000         rwRep
 98.0000    0    2.000   1.0000          NULL 
100.0000    6    2.000   1.0000         pwNov
102.0000    4    2.000   1.0000         pwRep
104.0000    2    2.000   1.0000         rwOrt
106.0000    5    2.000   1.0000         pwOrt
108.0000    3    2.000   1.0000         rwNov
110.0000    6    2.000   1.0000         pwNov
112.0000    1    2.000   1.0000         rwRep
114.0000    5    2.000   1.0000         pwOrt
116.0000    0    6.000   1.0000          NULL 
122.0000    4    2.000   1.0000         pwRep
124.0000    1    2.000   1.0000         rwRep
126.0000    5    2.000   1.0000         pwOrt
128.0000    0    2.000   1.0000          NULL 
130.0000    5    2.000   1.0000         pwOrt
132.0000    1    2.000   1.0000         rwRep
134.0000    0    2.000   1.0000          NULL 
136.0000    5    2.000   1.0000         pwOrt
138.0000    0    2.000   1.0000          NULL 
140.0000    4    2.000   1.0000         pwRep
142.0000    2    2.000   1.0000         rwOrt
144.0000    1    2.000   1.0000         rwRep
146.0000    4    2.000   1.0000         pwRep
148.0000    1    2.000   1.0000         rwRep
150.0000    2    2.000   1.0000         rwOrt
152.0000    4    2.000   1.0000         pwRep
154.0000    6    2.000   1.0000         pwNov
156.0000    0    2.000   1.0000          NULL 
158.0000    1    2.000   1.0000         rwRep
160.0000    0    2.000   1.0000          NULL 
162.0000    6    2.000   1.0000         pwNov
164.0000    3    2.000   1.0000         rwNov
166.0000    0    2.000   1.0000          NULL 
168.0000    1    2.000   1.0000         rwRep
170.0000    6    2.000   1.0000         pwNov
172.0000    3    2.000   1.0000         rwNov
174.0000    4    2.000   1.0000         pwRep
176.0000    1    2.000   1.0000         rwRep
178.0000    0    6.000   1.0000          NULL 
184.0000    5    2.000   1.0000         pwOrt
186.0000    4    2.000   1.0000         pwRep
188.0000    3    2.000   1.0000         rwNov
190.0000    0    2.000   1.0000          NULL 
192.0000    1    2.000   1.0000         rwRep
194.0000    4    2.000   1.0000         pwRep
196.0000    0    2.000   1.0000          NULL 
198.0000    5    2.000   1.0000         pwOrt
200.0000    2    2.000   1.0000         rwOrt
202.0000    0    2.000   1.0000          NULL 
204.0000    3    2.000   1.0000         rwNov
206.0000    0    4.000   1.0000          NULL 
210.0000    5    2.000   1.0000         pwOrt
212.0000    1    2.000   1.0000         rwRep
214.0000    0    4.000   1.0000          NULL 
218.0000    3    2.000   1.0000         rwNov
220.0000    6    2.000   1.0000         pwNov
222.0000    0    2.000   1.0000          NULL 
224.0000    5    2.000   1.0000         pwOrt
226.0000    3    2.000   1.0000         rwNov
228.0000    4    2.000   1.0000         pwRep
230.0000    0    4.000   1.0000          NULL 
234.0000    5    2.000   1.0000         pwOrt
236.0000    0    2.000   1.0000          NULL 
238.0000    2    2.000   1.0000         rwOrt
240.0000    4    2.000   1.0000         pwRep
242.0000    6    2.000   1.0000         pwNov
244.0000    6    2.000   1.0000         pwNov
246.0000    5    2.000   1.0000         pwOrt
248.0000    0    2.000   1.0000          NULL 
250.0000    6    2.000   1.0000         pwNov
252.0000    0    4.000   1.0000          NULL 
256.0000    6    2.000   1.0000         pwNov
258.0000    0    2.000   1.0000          NULL 
260.0000    3    2.000   1.0000         rwNov
262.0000    0    2.000   1.0000          NULL 
264.0000    4    2.000   1.0000         pwRep
266.0000    6    2.000   1.0000         pwNov
268.0000    0    4.000   1.0000          NULL 
272.0000    2    2.000   1.0000         rwOrt
274.0000    3    2.000   1.0000         rwNov
276.0000    6    2.000   1.0000         pwNov
278.0000    6    2.000   1.0000         pwNov
280.0000    2    2.000   1.0000         rwOrt
282.0000    4    2.000   1.0000         pwRep
284.0000    3    2.000   1.0000         rwNov
286.0000    0    2.000   1.0000          NULL 
288.0000    1    2.000   1.0000         rwRep
290.0000    0    2.000   1.0000          NULL 
292.0000    6    2.000   1.0000         pwNov
294.0000    0    2.000   1.0000          NULL 
296.0000    6    2.000   1.0000         pwNov
298.0000    5    2.000   1.0000         pwOrt
300.0000    5    2.000   1.0000         pwOrt
302.0000    5    2.000   1.0000         pwOrt
304.0000    5    2.000   1.0000         pwOrt
306.0000    2    2.000   1.0000         rwOrt
308.0000    3    2.000   1.0000         rwNov
310.0000    5    2.000   1.0000         pwOrt
312.0000    0    6.000   1.0000          NULL 
318.0000    6    2.000   1.0000         pwNov
320.0000    1    2.000   1.0000         rwRep
322.0000    4    2.000   1.0000         pwRep
324.0000    0    2.000   1.0000          NULL 
326.0000    2    2.000   1.0000         rwOrt
328.0000    0    4.000   1.0000          NULL 
332.0000    5    2.000   1.0000         pwOrt
334.0000    0    2.000   1.0000          NULL 
336.0000    3    2.000   1.0000         rwNov
338.0000    5    2.000   1.0000         pwOrt
340.0000    6    2.000   1.0000         pwNov
342.0000    2    2.000   1.0000         rwOrt
344.0000    0    2.000   1.0000          NULL 
346.0000    4    2.000   1.0000         pwRep
348.0000    0    6.000   1.0000          NULL 
354.0000    4    2.000   1.0000         pwRep
356.0000    2    2.000   1.0000         rwOrt
358.0000    6    2.000   1.0000         pwNov
