  0.0000    3    2.000   1.0000         rwNov
  2.0000    6    2.000   1.0000         pwNov
  4.0000    6    2.000   1.0000         pwNov
  6.0000    5    2.000   1.0000         pwOrt
  8.0000    1    2.000   1.0000         rwRep
 10.0000    4    2.000   1.0000         pwRep
 12.0000    3    2.000   1.0000         rwNov
 14.0000    3    2.000   1.0000         rwNov
 16.0000    0    2.000   1.0000          NULL 
 18.0000    5    2.000   1.0000         pwOrt
 20.0000    2    2.000   1.0000         rwOrt
 22.0000    1    2.000   1.0000         rwRep
 24.0000    5    2.000   1.0000         pwOrt
 26.0000    4    2.000   1.0000         pwRep
 28.0000    0    2.000   1.0000          NULL 
 30.0000    2    2.000   1.0000         rwOrt
 32.0000    0    6.000   1.0000          NULL 
 38.0000    4    2.000   1.0000         pwRep
 40.0000    4    2.000   1.0000         pwRep
 42.0000    1    2.000   1.0000         rwRep
 44.0000    2    2.000   1.0000         rwOrt
 46.0000    3    2.000   1.0000         rwNov
 48.0000    0    2.000   1.0000          NULL 
 50.0000    3    2.000   1.0000         rwNov
 52.0000    0    6.000   1.0000          NULL 
 58.0000    3    2.000   1.0000         rwNov
 60.0000    1    2.000   1.0000         rwRep
 62.0000    2    2.000   1.0000         rwOrt
 64.0000    4    2.000   1.0000         pwRep
 66.0000    2    2.000   1.0000         rwOrt
 68.0000    0    2.000   1.0000          NULL 
 70.0000    3    2.000   1.0000         rwNov
 72.0000    3    2.000   1.0000         rwNov
 74.0000    6    2.000   1.0000         pwNov
 76.0000    2    2.000   1.0000         rwOrt
 78.0000    6    2.000   1.0000         pwNov
 80.0000    0    2.000   1.0000          NULL 
 82.0000    3    2.000   1.0000         rwNov
 84.0000    0    2.000   1.0000          NULL 
 86.0000    5    2.000   1.0000         pwOrt
 88.0000    0    2.000   1.0000          NULL 
 90.0000    5    2.000   1.0000         pwOrt
 92.0000    5    2.000   1.0000         pwOrt
 94.0000    5    2.000   1.0000         pwOrt
 96.0000    3    2.000   1.0000         rwNov
 98.0000    3    2.000   1.0000         rwNov
100.0000    0    8.000   1.0000          NULL 
108.0000    5    2.000   1.0000         pwOrt
110.0000    0    6.000   1.0000          NULL 
116.0000    2    2.000   1.0000         rwOrt
118.0000    1    2.000   1.0000         rwRep
120.0000    0    4.000   1.0000          NULL 
124.0000    2    2.000   1.0000         rwOrt
126.0000    4    2.000   1.0000         pwRep
128.0000    0    2.000   1.0000          NULL 
130.0000    6    2.000   1.0000         pwNov
132.0000    5    2.000   1.0000         pwOrt
134.0000    5    2.000   1.0000         pwOrt
136.0000    5    2.000   1.0000         pwOrt
138.0000    4    2.000   1.0000         pwRep
140.0000    6    2.000   1.0000         pwNov
142.0000    5    2.000   1.0000         pwOrt
144.0000    3    2.000   1.0000         rwNov
146.0000    6    2.000   1.0000         pwNov
148.0000    2    2.000   1.0000         rwOrt
150.0000    5    2.000   1.0000         pwOrt
152.0000    5    2.000   1.0000         pwOrt
154.0000    6    2.000   1.0000         pwNov
156.0000    0    2.000   1.0000          NULL 
158.0000    1    2.000   1.0000         rwRep
160.0000    1    2.000   1.0000         rwRep
162.0000    2    2.000   1.0000         rwOrt
164.0000    0    4.000   1.0000          NULL 
168.0000    4    2.000   1.0000         pwRep
170.0000    3    2.000   1.0000         rwNov
172.0000    6    2.000   1.0000         pwNov
174.0000    0    2.000   1.0000          NULL 
176.0000    1    2.000   1.0000         rwRep
178.0000    0    2.000   1.0000          NULL 
180.0000    3    2.000   1.0000         rwNov
182.0000    0    2.000   1.0000          NULL 
184.0000    3    2.000   1.0000         rwNov
186.0000    0    2.000   1.0000          NULL 
188.0000    2    2.000   1.0000         rwOrt
190.0000    1    2.000   1.0000         rwRep
192.0000    3    2.000   1.0000         rwNov
194.0000    5    2.000   1.0000         pwOrt
196.0000    0    2.000   1.0000          NULL 
198.0000    2    2.000   1.0000         rwOrt
200.0000    0    4.000   1.0000          NULL 
204.0000    2    2.000   1.0000         rwOrt
206.0000    1    2.000   1.0000         rwRep
208.0000    4    2.000   1.0000         pwRep
210.0000    0    4.000   1.0000          NULL 
214.0000    1    2.000   1.0000         rwRep
216.0000    1    2.000   1.0000         rwRep
218.0000    0    2.000   1.0000          NULL 
220.0000    1    2.000   1.0000         rwRep
222.0000    0    2.000   1.0000          NULL 
224.0000    2    2.000   1.0000         rwOrt
226.0000    0    2.000   1.0000          NULL 
228.0000    6    2.000   1.0000         pwNov
230.0000    2    2.000   1.0000         rwOrt
232.0000    0    4.000   1.0000          NULL 
236.0000    3    2.000   1.0000         rwNov
238.0000    6    2.000   1.0000         pwNov
240.0000    2    2.000   1.0000         rwOrt
242.0000    4    2.000   1.0000         pwRep
244.0000    3    2.000   1.0000         rwNov
246.0000    4    2.000   1.0000         pwRep
248.0000    6    2.000   1.0000         pwNov
250.0000    0    2.000   1.0000          NULL 
252.0000    2    2.000   1.0000         rwOrt
254.0000    3    2.000   1.0000         rwNov
256.0000    6    2.000   1.0000         pwNov
258.0000    1    2.000   1.0000         rwRep
260.0000    4    2.000   1.0000         pwRep
262.0000    0    2.000   1.0000          NULL 
264.0000    5    2.000   1.0000         pwOrt
266.0000    0    2.000   1.0000          NULL 
268.0000    4    2.000   1.0000         pwRep
270.0000    1    2.000   1.0000         rwRep
272.0000    0    2.000   1.0000          NULL 
274.0000    6    2.000   1.0000         pwNov
276.0000    1    2.000   1.0000         rwRep
278.0000    0    2.000   1.0000          NULL 
280.0000    6    2.000   1.0000         pwNov
282.0000    4    2.000   1.0000         pwRep
284.0000    0    2.000   1.0000          NULL 
286.0000    5    2.000   1.0000         pwOrt
288.0000    0    2.000   1.0000          NULL 
290.0000    1    2.000   1.0000         rwRep
292.0000    0    6.000   1.0000          NULL 
298.0000    4    2.000   1.0000         pwRep
300.0000    1    2.000   1.0000         rwRep
302.0000    0    2.000   1.0000          NULL 
304.0000    1    2.000   1.0000         rwRep
306.0000    6    2.000   1.0000         pwNov
308.0000    2    2.000   1.0000         rwOrt
310.0000    0    2.000   1.0000          NULL 
312.0000    6    2.000   1.0000         pwNov
314.0000    6    2.000   1.0000         pwNov
316.0000    3    2.000   1.0000         rwNov
318.0000    4    2.000   1.0000         pwRep
320.0000    0    2.000   1.0000          NULL 
322.0000    4    2.000   1.0000         pwRep
324.0000    6    2.000   1.0000         pwNov
326.0000    0    2.000   1.0000          NULL 
328.0000    4    2.000   1.0000         pwRep
330.0000    5    2.000   1.0000         pwOrt
332.0000    0    2.000   1.0000          NULL 
334.0000    5    2.000   1.0000         pwOrt
336.0000    6    2.000   1.0000         pwNov
338.0000    0    2.000   1.0000          NULL 
340.0000    4    2.000   1.0000         pwRep
342.0000    1    2.000   1.0000         rwRep
344.0000    0    6.000   1.0000          NULL 
350.0000    5    2.000   1.0000         pwOrt
352.0000    2    2.000   1.0000         rwOrt
354.0000    4    2.000   1.0000         pwRep
356.0000    0    2.000   1.0000          NULL 
358.0000    2    2.000   1.0000         rwOrt
