  0.0000    6    2.000   1.0000         pwNov
  2.0000    5    2.000   1.0000         pwOrt
  4.0000    0    2.000   1.0000          NULL 
  6.0000    2    2.000   1.0000         rwOrt
  8.0000    3    2.000   1.0000         rwNov
 10.0000    0    2.000   1.0000          NULL 
 12.0000    6    2.000   1.0000         pwNov
 14.0000    0    4.000   1.0000          NULL 
 18.0000    5    2.000   1.0000         pwOrt
 20.0000    0    2.000   1.0000          NULL 
 22.0000    4    2.000   1.0000         pwRep
 24.0000    2    2.000   1.0000         rwOrt
 26.0000    2    2.000   1.0000         rwOrt
 28.0000    1    2.000   1.0000         rwRep
 30.0000    0    2.000   1.0000          NULL 
 32.0000    6    2.000   1.0000         pwNov
 34.0000    4    2.000   1.0000         pwRep
 36.0000    3    2.000   1.0000         rwNov
 38.0000    0    2.000   1.0000          NULL 
 40.0000    1    2.000   1.0000         rwRep
 42.0000    0    2.000   1.0000          NULL 
 44.0000    1    2.000   1.0000         rwRep
 46.0000    2    2.000   1.0000         rwOrt
 48.0000    0    2.000   1.0000          NULL 
 50.0000    1    2.000   1.0000         rwRep
 52.0000    3    2.000   1.0000         rwNov
 54.0000    4    2.000   1.0000         pwRep
 56.0000    0    4.000   1.0000          NULL 
 60.0000    1    2.000   1.0000         rwRep
 62.0000    0    6.000   1.0000          NULL 
 68.0000    5    2.000   1.0000         pwOrt
 70.0000    5    2.000   1.0000         pwOrt
 72.0000    0    2.000   1.0000          NULL 
 74.0000    2    2.000   1.0000         rwOrt
 76.0000    5    2.000   1.0000         pwOrt
 78.0000    6    2.000   1.0000         pwNov
 80.0000    3    2.000   1.0000         rwNov
 82.0000    6    2.000   1.0000         pwNov
 84.0000    4    2.000   1.0000         pwRep
 86.0000    0    2.000   1.0000          NULL 
 88.0000    5    2.000   1.0000         pwOrt
 90.0000    3    2.000   1.0000         rwNov
 92.0000    2    2.000   1.0000         rwOrt
 94.0000    4    2.000   1.0000         pwRep
 96.0000    5    2.000   1.0000         pwOrt
 98.0000    5    2.000   1.0000         pwOrt
100.0000    2    2.000   1.0000         rwOrt
102.0000    4    2.000   1.0000         pwRep
104.0000    0    6.000   1.0000          NULL 
110.0000    1    2.000   1.0000         rwRep
112.0000    0    2.000   1.0000          NULL 
114.0000    3    2.000   1.0000         rwNov
116.0000    3    2.000   1.0000         rwNov
118.0000    5    2.000   1.0000         pwOrt
120.0000    0    2.000   1.0000          NULL 
122.0000    3    2.000   1.0000         rwNov
124.0000    1    2.000   1.0000         rwRep
126.0000    0    2.000   1.0000          NULL 
128.0000    3    2.000   1.0000         rwNov
130.0000    6    2.000   1.0000         pwNov
132.0000    6    2.000   1.0000         pwNov
134.0000    3    2.000   1.0000         rwNov
136.0000    0    2.000   1.0000          NULL 
138.0000    5    2.000   1.0000         pwOrt
140.0000    1    2.000   1.0000         rwRep
142.0000    6    2.000   1.0000         pwNov
144.0000    2    2.000   1.0000         rwOrt
146.0000    0    2.000   1.0000          NULL 
148.0000    3    2.000   1.0000         rwNov
150.0000    2    2.000   1.0000         rwOrt
152.0000    0    2.000   1.0000          NULL 
154.0000    5    2.000   1.0000         pwOrt
156.0000    2    2.000   1.0000         rwOrt
158.0000    0    8.000   1.0000          NULL 
166.0000    2    2.000   1.0000         rwOrt
168.0000    0    2.000   1.0000          NULL 
170.0000    2    2.000   1.0000         rwOrt
172.0000    0    2.000   1.0000          NULL 
174.0000    1    2.000   1.0000         rwRep
176.0000    1    2.000   1.0000         rwRep
178.0000    5    2.000   1.0000         pwOrt
180.0000    3    2.000   1.0000         rwNov
182.0000    2    2.000   1.0000         rwOrt
184.0000    6    2.000   1.0000         pwNov
186.0000    4    2.000   1.0000         pwRep
188.0000    0    2.000   1.0000          NULL 
190.0000    4    2.000   1.0000         pwRep
192.0000    0    2.000   1.0000          NULL 
194.0000    5    2.000   1.0000         pwOrt
196.0000    3    2.000   1.0000         rwNov
198.0000    1    2.000   1.0000         rwRep
200.0000    1    2.000   1.0000         rwRep
202.0000    6    2.000   1.0000         pwNov
204.0000    4    2.000   1.0000         pwRep
206.0000    1    2.000   1.0000         rwRep
208.0000    5    2.000   1.0000         pwOrt
210.0000    0    2.000   1.0000          NULL 
212.0000    4    2.000   1.0000         pwRep
214.0000    0    4.000   1.0000          NULL 
218.0000    2    2.000   1.0000         rwOrt
220.0000    3    2.000   1.0000         rwNov
222.0000    0    2.000   1.0000          NULL 
224.0000    2    2.000   1.0000         rwOrt
226.0000    4    2.000   1.0000         pwRep
228.0000    6    2.000   1.0000         pwNov
230.0000    0    2.000   1.0000          NULL 
232.0000    4    2.000   1.0000         pwRep
234.0000    0    4.000   1.0000          NULL 
238.0000    5    2.000   1.0000         pwOrt
240.0000    2    2.000   1.0000         rwOrt
242.0000    0    2.000   1.0000          NULL 
244.0000    6    2.000   1.0000         pwNov
246.0000    0    4.000   1.0000          NULL 
250.0000    4    2.000   1.0000         pwRep
252.0000    1    2.000   1.0000         rwRep
254.0000    5    2.000   1.0000         pwOrt
256.0000    4    2.000   1.0000         pwRep
258.0000    1    2.000   1.0000         rwRep
260.0000    2    2.000   1.0000         rwOrt
262.0000    6    2.000   1.0000         pwNov
264.0000    0    4.000   1.0000          NULL 
268.0000    1    2.000   1.0000         rwRep
270.0000    1    2.000   1.0000         rwRep
272.0000    3    2.000   1.0000         rwNov
274.0000    0    2.000   1.0000          NULL 
276.0000    3    2.000   1.0000         rwNov
278.0000    0    2.000   1.0000          NULL 
280.0000    5    2.000   1.0000         pwOrt
282.0000    1    2.000   1.0000         rwRep
284.0000    0    8.000   1.0000          NULL 
292.0000    4    2.000   1.0000         pwRep
294.0000    6    2.000   1.0000         pwNov
296.0000    6    2.000   1.0000         pwNov
298.0000    4    2.000   1.0000         pwRep
300.0000    1    2.000   1.0000         rwRep
302.0000    6    2.000   1.0000         pwNov
304.0000    0    2.000   1.0000          NULL 
306.0000    5    2.000   1.0000         pwOrt
308.0000    0    2.000   1.0000          NULL 
310.0000    6    2.000   1.0000         pwNov
312.0000    6    2.000   1.0000         pwNov
314.0000    2    2.000   1.0000         rwOrt
316.0000    3    2.000   1.0000         rwNov
318.0000    4    2.000   1.0000         pwRep
320.0000    2    2.000   1.0000         rwOrt
322.0000    1    2.000   1.0000         rwRep
324.0000    3    2.000   1.0000         rwNov
326.0000    0    2.000   1.0000          NULL 
328.0000    4    2.000   1.0000         pwRep
330.0000    6    2.000   1.0000         pwNov
332.0000    0    2.000   1.0000          NULL 
334.0000    2    2.000   1.0000         rwOrt
336.0000    6    2.000   1.0000         pwNov
338.0000    5    2.000   1.0000         pwOrt
340.0000    4    2.000   1.0000         pwRep
342.0000    3    2.000   1.0000         rwNov
344.0000    5    2.000   1.0000         pwOrt
346.0000    4    2.000   1.0000         pwRep
348.0000    0   10.000   1.0000          NULL 
358.0000    3    2.000   1.0000         rwNov
