  0.0000    3    2.000   1.0000         rwNov
  2.0000    0    4.000   1.0000          NULL 
  6.0000    5    2.000   1.0000         pwOrt
  8.0000    5    2.000   1.0000         pwOrt
 10.0000    5    2.000   1.0000         pwOrt
 12.0000    6    2.000   1.0000         pwNov
 14.0000    3    2.000   1.0000         rwNov
 16.0000    5    2.000   1.0000         pwOrt
 18.0000    3    2.000   1.0000         rwNov
 20.0000    0    4.000   1.0000          NULL 
 24.0000    2    2.000   1.0000         rwOrt
 26.0000    0    2.000   1.0000          NULL 
 28.0000    3    2.000   1.0000         rwNov
 30.0000    1    2.000   1.0000         rwRep
 32.0000    1    2.000   1.0000         rwRep
 34.0000    6    2.000   1.0000         pwNov
 36.0000    2    2.000   1.0000         rwOrt
 38.0000    3    2.000   1.0000         rwNov
 40.0000    6    2.000   1.0000         pwNov
 42.0000    5    2.000   1.0000         pwOrt
 44.0000    0    2.000   1.0000          NULL 
 46.0000    6    2.000   1.0000         pwNov
 48.0000    6    2.000   1.0000         pwNov
 50.0000    0    4.000   1.0000          NULL 
 54.0000    4    2.000   1.0000         pwRep
 56.0000    6    2.000   1.0000         pwNov
 58.0000    3    2.000   1.0000         rwNov
 60.0000    2    2.000   1.0000         rwOrt
 62.0000    3    2.000   1.0000         rwNov
 64.0000    6    2.000   1.0000         pwNov
 66.0000    0    2.000   1.0000          NULL 
 68.0000    1    2.000   1.0000         rwRep
 70.0000    5    2.000   1.0000         pwOrt
 72.0000    4    2.000   1.0000         pwRep
 74.0000    5    2.000   1.0000         pwOrt
 76.0000    0    6.000   1.0000          NULL 
 82.0000    5    2.000   1.0000         pwOrt
 84.0000    0    2.000   1.0000          NULL 
 86.0000    2    2.000   1.0000         rwOrt
 88.0000    0    6.000   1.0000          NULL 
 94.0000    6    2.000   1.0000         pwNov
 96.0000    0    4.000   1.0000          NULL 
100.0000    1    2.000   1.0000         rwRep
102.0000    3    2.000   1.0000         rwNov
104.0000    4    2.000   1.0000         pwRep
106.0000    4    2.000   1.0000         pwRep
108.0000    1    2.000   1.0000         rwRep
110.0000    5    2.000   1.0000         pwOrt
112.0000    2    2.000   1.0000         rwOrt
114.0000    0    2.000   1.0000          NULL 
116.0000    5    2.000   1.0000         pwOrt
118.0000    1    2.000   1.0000         rwRep
120.0000    0    4.000   1.0000          NULL 
124.0000    3    2.000   1.0000         rwNov
126.0000    5    2.000   1.0000         pwOrt
128.0000    2    2.000   1.0000         rwOrt
130.0000    1    2.000   1.0000         rwRep
132.0000    2    2.000   1.0000         rwOrt
134.0000    1    2.000   1.0000         rwRep
136.0000    1    2.000   1.0000         rwRep
138.0000    0    4.000   1.0000          NULL 
142.0000    4    2.000   1.0000         pwRep
144.0000    4    2.000   1.0000         pwRep
146.0000    4    2.000   1.0000         pwRep
148.0000    0    2.000   1.0000          NULL 
150.0000    4    2.000   1.0000         pwRep
152.0000    0    2.000   1.0000          NULL 
154.0000    2    2.000   1.0000         rwOrt
156.0000    3    2.000   1.0000         rwNov
158.0000    0    4.000   1.0000          NULL 
162.0000    4    2.000   1.0000         pwRep
164.0000    0    2.000   1.0000          NULL 
166.0000    2    2.000   1.0000         rwOrt
168.0000    1    2.000   1.0000         rwRep
170.0000    6    2.000   1.0000         pwNov
172.0000    2    2.000   1.0000         rwOrt
174.0000    4    2.000   1.0000         pwRep
176.0000    0    2.000   1.0000          NULL 
178.0000    5    2.000   1.0000         pwOrt
180.0000    1    2.000   1.0000         rwRep
182.0000    0    4.000   1.0000          NULL 
186.0000    2    2.000   1.0000         rwOrt
188.0000    6    2.000   1.0000         pwNov
190.0000    5    2.000   1.0000         pwOrt
192.0000    2    2.000   1.0000         rwOrt
194.0000    2    2.000   1.0000         rwOrt
196.0000    0    6.000   1.0000          NULL 
202.0000    5    2.000   1.0000         pwOrt
204.0000    0    4.000   1.0000          NULL 
208.0000    2    2.000   1.0000         rwOrt
210.0000    5    2.000   1.0000         pwOrt
212.0000    4    2.000   1.0000         pwRep
214.0000    0    2.000   1.0000          NULL 
216.0000    6    2.000   1.0000         pwNov
218.0000    0    2.000   1.0000          NULL 
220.0000    4    2.000   1.0000         pwRep
222.0000    0    4.000   1.0000          NULL 
226.0000    1    2.000   1.0000         rwRep
228.0000    5    2.000   1.0000         pwOrt
230.0000    0    2.000   1.0000          NULL 
232.0000    4    2.000   1.0000         pwRep
234.0000    2    2.000   1.0000         rwOrt
236.0000    5    2.000   1.0000         pwOrt
238.0000    0    4.000   1.0000          NULL 
242.0000    5    2.000   1.0000         pwOrt
244.0000    6    2.000   1.0000         pwNov
246.0000    6    2.000   1.0000         pwNov
248.0000    0    2.000   1.0000          NULL 
250.0000    1    2.000   1.0000         rwRep
252.0000    4    2.000   1.0000         pwRep
254.0000    0    4.000   1.0000          NULL 
258.0000    4    2.000   1.0000         pwRep
260.0000    3    2.000   1.0000         rwNov
262.0000    1    2.000   1.0000         rwRep
264.0000    4    2.000   1.0000         pwRep
266.0000    3    2.000   1.0000         rwNov
268.0000    1    2.000   1.0000         rwRep
270.0000    0    2.000   1.0000          NULL 
272.0000    6    2.000   1.0000         pwNov
274.0000    0    2.000   1.0000          NULL 
276.0000    4    2.000   1.0000         pwRep
278.0000    2    2.000   1.0000         rwOrt
280.0000    5    2.000   1.0000         pwOrt
282.0000    6    2.000   1.0000         pwNov
284.0000    3    2.000   1.0000         rwNov
286.0000    0    2.000   1.0000          NULL 
288.0000    3    2.000   1.0000         rwNov
290.0000    0    2.000   1.0000          NULL 
292.0000    1    2.000   1.0000         rwRep
294.0000    3    2.000   1.0000         rwNov
296.0000    6    2.000   1.0000         pwNov
298.0000    1    2.000   1.0000         rwRep
300.0000    0    4.000   1.0000          NULL 
304.0000    1    2.000   1.0000         rwRep
306.0000    6    2.000   1.0000         pwNov
308.0000    3    2.000   1.0000         rwNov
310.0000    2    2.000   1.0000         rwOrt
312.0000    1    2.000   1.0000         rwRep
314.0000    0    2.000   1.0000          NULL 
316.0000    5    2.000   1.0000         pwOrt
318.0000    0    2.000   1.0000          NULL 
320.0000    3    2.000   1.0000         rwNov
322.0000    3    2.000   1.0000         rwNov
324.0000    4    2.000   1.0000         pwRep
326.0000    0    6.000   1.0000          NULL 
332.0000    2    2.000   1.0000         rwOrt
334.0000    4    2.000   1.0000         pwRep
336.0000    6    2.000   1.0000         pwNov
338.0000    0    2.000   1.0000          NULL 
340.0000    6    2.000   1.0000         pwNov
342.0000    0    2.000   1.0000          NULL 
344.0000    2    2.000   1.0000         rwOrt
346.0000    4    2.000   1.0000         pwRep
348.0000    3    2.000   1.0000         rwNov
350.0000    2    2.000   1.0000         rwOrt
352.0000    0    2.000   1.0000          NULL 
354.0000    3    2.000   1.0000         rwNov
356.0000    1    2.000   1.0000         rwRep
358.0000    6    2.000   1.0000         pwNov
