  0.0000    4    2.000   1.0000         pwRep
  2.0000    2    2.000   1.0000         rwOrt
  4.0000    4    2.000   1.0000         pwRep
  6.0000    4    2.000   1.0000         pwRep
  8.0000    0    4.000   1.0000          NULL 
 12.0000    3    2.000   1.0000         rwNov
 14.0000    0    2.000   1.0000          NULL 
 16.0000    1    2.000   1.0000         rwRep
 18.0000    0    4.000   1.0000          NULL 
 22.0000    1    2.000   1.0000         rwRep
 24.0000    6    2.000   1.0000         pwNov
 26.0000    2    2.000   1.0000         rwOrt
 28.0000    0    2.000   1.0000          NULL 
 30.0000    1    2.000   1.0000         rwRep
 32.0000    0    2.000   1.0000          NULL 
 34.0000    3    2.000   1.0000         rwNov
 36.0000    6    2.000   1.0000         pwNov
 38.0000    2    2.000   1.0000         rwOrt
 40.0000    1    2.000   1.0000         rwRep
 42.0000    0    2.000   1.0000          NULL 
 44.0000    3    2.000   1.0000         rwNov
 46.0000    0    2.000   1.0000          NULL 
 48.0000    3    2.000   1.0000         rwNov
 50.0000    1    2.000   1.0000         rwRep
 52.0000    0    2.000   1.0000          NULL 
 54.0000    5    2.000   1.0000         pwOrt
 56.0000    1    2.000   1.0000         rwRep
 58.0000    5    2.000   1.0000         pwOrt
 60.0000    2    2.000   1.0000         rwOrt
 62.0000    0    2.000   1.0000          NULL 
 64.0000    6    2.000   1.0000         pwNov
 66.0000    2    2.000   1.0000         rwOrt
 68.0000    0    4.000   1.0000          NULL 
 72.0000    4    2.000   1.0000         pwRep
 74.0000    0    2.000   1.0000          NULL 
 76.0000    3    2.000   1.0000         rwNov
 78.0000    2    2.000   1.0000         rwOrt
 80.0000    2    2.000   1.0000         rwOrt
 82.0000    1    2.000   1.0000         rwRep
 84.0000    1    2.000   1.0000         rwRep
 86.0000    4    2.000   1.0000         pwRep
 88.0000    0    2.000   1.0000          NULL 
 90.0000    5    2.000   1.0000         pwOrt
 92.0000    4    2.000   1.0000         pwRep
 94.0000    0    2.000   1.0000          NULL 
 96.0000    2    2.000   1.0000         rwOrt
 98.0000    4    2.000   1.0000         pwRep
100.0000    4    2.000   1.0000         pwRep
102.0000    1    2.000   1.0000         rwRep
104.0000    5    2.000   1.0000         pwOrt
106.0000    0    2.000   1.0000          NULL 
108.0000    3    2.000   1.0000         rwNov
110.0000    4    2.000   1.0000         pwRep
112.0000    5    2.000   1.0000         pwOrt
114.0000    2    2.000   1.0000         rwOrt
116.0000    5    2.000   1.0000         pwOrt
118.0000    3    2.000   1.0000         rwNov
120.0000    0    2.000   1.0000          NULL 
122.0000    1    2.000   1.0000         rwRep
124.0000    3    2.000   1.0000         rwNov
126.0000    6    2.000   1.0000         pwNov
128.0000    5    2.000   1.0000         pwOrt
130.0000    3    2.000   1.0000         rwNov
132.0000    6    2.000   1.0000         pwNov
134.0000    5    2.000   1.0000         pwOrt
136.0000    6    2.000   1.0000         pwNov
138.0000    2    2.000   1.0000         rwOrt
140.0000    0    4.000   1.0000          NULL 
144.0000    3    2.000   1.0000         rwNov
146.0000    0    2.000   1.0000          NULL 
148.0000    5    2.000   1.0000         pwOrt
150.0000    0    2.000   1.0000          NULL 
152.0000    4    2.000   1.0000         pwRep
154.0000    0    6.000   1.0000          NULL 
160.0000    6    2.000   1.0000         pwNov
162.0000    3    2.000   1.0000         rwNov
164.0000    3    2.000   1.0000         rwNov
166.0000    0    4.000   1.0000          NULL 
170.0000    5    2.000   1.0000         pwOrt
172.0000    0    2.000   1.0000          NULL 
174.0000    3    2.000   1.0000         rwNov
176.0000    0    2.000   1.0000          NULL 
178.0000    1    2.000   1.0000         rwRep
180.0000    4    2.000   1.0000         pwRep
182.0000    0    2.000   1.0000          NULL 
184.0000    1    2.000   1.0000         rwRep
186.0000    0    2.000   1.0000          NULL 
188.0000    1    2.000   1.0000         rwRep
190.0000    6    2.000   1.0000         pwNov
192.0000    0    6.000   1.0000          NULL 
198.0000    2    2.000   1.0000         rwOrt
200.0000    1    2.000   1.0000         rwRep
202.0000    0    4.000   1.0000          NULL 
206.0000    6    2.000   1.0000         pwNov
208.0000    0    2.000   1.0000          NULL 
210.0000    1    2.000   1.0000         rwRep
212.0000    6    2.000   1.0000         pwNov
214.0000    4    2.000   1.0000         pwRep
216.0000    4    2.000   1.0000         pwRep
218.0000    6    2.000   1.0000         pwNov
220.0000    3    2.000   1.0000         rwNov
222.0000    2    2.000   1.0000         rwOrt
224.0000    0    4.000   1.0000          NULL 
228.0000    4    2.000   1.0000         pwRep
230.0000    5    2.000   1.0000         pwOrt
232.0000    6    2.000   1.0000         pwNov
234.0000    0    2.000   1.0000          NULL 
236.0000    4    2.000   1.0000         pwRep
238.0000    0    2.000   1.0000          NULL 
240.0000    2    2.000   1.0000         rwOrt
242.0000    6    2.000   1.0000         pwNov
244.0000    5    2.000   1.0000         pwOrt
246.0000    1    2.000   1.0000         rwRep
248.0000    1    2.000   1.0000         rwRep
250.0000    0    2.000   1.0000          NULL 
252.0000    5    2.000   1.0000         pwOrt
254.0000    0    2.000   1.0000          NULL 
256.0000    2    2.000   1.0000         rwOrt
258.0000    0    4.000   1.0000          NULL 
262.0000    2    2.000   1.0000         rwOrt
264.0000    3    2.000   1.0000         rwNov
266.0000    4    2.000   1.0000         pwRep
268.0000    5    2.000   1.0000         pwOrt
270.0000    0    2.000   1.0000          NULL 
272.0000    6    2.000   1.0000         pwNov
274.0000    6    2.000   1.0000         pwNov
276.0000    2    2.000   1.0000         rwOrt
278.0000    6    2.000   1.0000         pwNov
280.0000    1    2.000   1.0000         rwRep
282.0000    6    2.000   1.0000         pwNov
284.0000    4    2.000   1.0000         pwRep
286.0000    3    2.000   1.0000         rwNov
288.0000    0    4.000   1.0000          NULL 
292.0000    4    2.000   1.0000         pwRep
294.0000    0    2.000   1.0000          NULL 
296.0000    5    2.000   1.0000         pwOrt
298.0000    4    2.000   1.0000         pwRep
300.0000    2    2.000   1.0000         rwOrt
302.0000    3    2.000   1.0000         rwNov
304.0000    0    4.000   1.0000          NULL 
308.0000    6    2.000   1.0000         pwNov
310.0000    3    2.000   1.0000         rwNov
312.0000    5    2.000   1.0000         pwOrt
314.0000    1    2.000   1.0000         rwRep
316.0000    0    2.000   1.0000          NULL 
318.0000    4    2.000   1.0000         pwRep
320.0000    0    2.000   1.0000          NULL 
322.0000    1    2.000   1.0000         rwRep
324.0000    3    2.000   1.0000         rwNov
326.0000    5    2.000   1.0000         pwOrt
328.0000    0    2.000   1.0000          NULL 
330.0000    5    2.000   1.0000         pwOrt
332.0000    5    2.000   1.0000         pwOrt
334.0000    0    4.000   1.0000          NULL 
338.0000    6    2.000   1.0000         pwNov
340.0000    6    2.000   1.0000         pwNov
342.0000    0    4.000   1.0000          NULL 
346.0000    2    2.000   1.0000         rwOrt
348.0000    2    2.000   1.0000         rwOrt
350.0000    0    2.000   1.0000          NULL 
352.0000    2    2.000   1.0000         rwOrt
354.0000    5    2.000   1.0000         pwOrt
356.0000    0    2.000   1.0000          NULL 
358.0000    3    2.000   1.0000         rwNov
