  0.0000    2    2.000   1.0000         rwOrt
  2.0000    5    2.000   1.0000         pwOrt
  4.0000    1    2.000   1.0000         rwRep
  6.0000    3    2.000   1.0000         rwNov
  8.0000    6    2.000   1.0000         pwNov
 10.0000    4    2.000   1.0000         pwRep
 12.0000    0    2.000   1.0000          NULL 
 14.0000    3    2.000   1.0000         rwNov
 16.0000    3    2.000   1.0000         rwNov
 18.0000    5    2.000   1.0000         pwOrt
 20.0000    5    2.000   1.0000         pwOrt
 22.0000    0    2.000   1.0000          NULL 
 24.0000    1    2.000   1.0000         rwRep
 26.0000    4    2.000   1.0000         pwRep
 28.0000    2    2.000   1.0000         rwOrt
 30.0000    2    2.000   1.0000         rwOrt
 32.0000    2    2.000   1.0000         rwOrt
 34.0000    3    2.000   1.0000         rwNov
 36.0000    3    2.000   1.0000         rwNov
 38.0000    5    2.000   1.0000         pwOrt
 40.0000    1    2.000   1.0000         rwRep
 42.0000    6    2.000   1.0000         pwNov
 44.0000    4    2.000   1.0000         pwRep
 46.0000    0    2.000   1.0000          NULL 
 48.0000    2    2.000   1.0000         rwOrt
 50.0000    6    2.000   1.0000         pwNov
 52.0000    1    2.000   1.0000         rwRep
 54.0000    0    2.000   1.0000          NULL 
 56.0000    5    2.000   1.0000         pwOrt
 58.0000    3    2.000   1.0000         rwNov
 60.0000    6    2.000   1.0000         pwNov
 62.0000    3    2.000   1.0000         rwNov
 64.0000    0    4.000   1.0000          NULL 
 68.0000    5    2.000   1.0000         pwOrt
 70.0000    4    2.000   1.0000         pwRep
 72.0000    0    4.000   1.0000          NULL 
 76.0000    2    2.000   1.0000         rwOrt
 78.0000    4    2.000   1.0000         pwRep
 80.0000    0    2.000   1.0000          NULL 
 82.0000    4    2.000   1.0000         pwRep
 84.0000    6    2.000   1.0000         pwNov
 86.0000    4    2.000   1.0000         pwRep
 88.0000    0    2.000   1.0000          NULL 
 90.0000    1    2.000   1.0000         rwRep
 92.0000    0    8.000   1.0000          NULL 
100.0000    1    2.000   1.0000         rwRep
102.0000    3    2.000   1.0000         rwNov
104.0000    0    2.000   1.0000          NULL 
106.0000    6    2.000   1.0000         pwNov
108.0000    6    2.000   1.0000         pwNov
110.0000    5    2.000   1.0000         pwOrt
112.0000    0    2.000   1.0000          NULL 
114.0000    5    2.000   1.0000         pwOrt
116.0000    5    2.000   1.0000         pwOrt
118.0000    0    2.000   1.0000          NULL 
120.0000    3    2.000   1.0000         rwNov
122.0000    5    2.000   1.0000         pwOrt
124.0000    3    2.000   1.0000         rwNov
126.0000    4    2.000   1.0000         pwRep
128.0000    6    2.000   1.0000         pwNov
130.0000    2    2.000   1.0000         rwOrt
132.0000    6    2.000   1.0000         pwNov
134.0000    1    2.000   1.0000         rwRep
136.0000    1    2.000   1.0000         rwRep
138.0000    0    4.000   1.0000          NULL 
142.0000    1    2.000   1.0000         rwRep
144.0000    0    2.000   1.0000          NULL 
146.0000    3    2.000   1.0000         rwNov
148.0000    6    2.000   1.0000         pwNov
150.0000    0    4.000   1.0000          NULL 
154.0000    5    2.000   1.0000         pwOrt
156.0000    0    2.000   1.0000          NULL 
158.0000    4    2.000   1.0000         pwRep
160.0000    0    2.000   1.0000          NULL 
162.0000    2    2.000   1.0000         rwOrt
164.0000    2    2.000   1.0000         rwOrt
166.0000    0    6.000   1.0000          NULL 
172.0000    4    2.000   1.0000         pwRep
174.0000    3    2.000   1.0000         rwNov
176.0000    6    2.000   1.0000         pwNov
178.0000    4    2.000   1.0000         pwRep
180.0000    6    2.000   1.0000         pwNov
182.0000    1    2.000   1.0000         rwRep
184.0000    1    2.000   1.0000         rwRep
186.0000    6    2.000   1.0000         pwNov
188.0000    4    2.000   1.0000         pwRep
190.0000    1    2.000   1.0000         rwRep
192.0000    5    2.000   1.0000         pwOrt
194.0000    0    2.000   1.0000          NULL 
196.0000    3    2.000   1.0000         rwNov
198.0000    0    2.000   1.0000          NULL 
200.0000    1    2.000   1.0000         rwRep
202.0000    5    2.000   1.0000         pwOrt
204.0000    0    2.000   1.0000          NULL 
206.0000    1    2.000   1.0000         rwRep
208.0000    0    2.000   1.0000          NULL 
210.0000    4    2.000   1.0000         pwRep
212.0000    1    2.000   1.0000         rwRep
214.0000    5    2.000   1.0000         pwOrt
216.0000    5    2.000   1.0000         pwOrt
218.0000    4    2.000   1.0000         pwRep
220.0000    4    2.000   1.0000         pwRep
222.0000    2    2.000   1.0000         rwOrt
224.0000    0    2.000   1.0000          NULL 
226.0000    2    2.000   1.0000         rwOrt
228.0000    6    2.000   1.0000         pwNov
230.0000    5    2.000   1.0000         pwOrt
232.0000    0    4.000   1.0000          NULL 
236.0000    4    2.000   1.0000         pwRep
238.0000    5    2.000   1.0000         pwOrt
240.0000    0    2.000   1.0000          NULL 
242.0000    5    2.000   1.0000         pwOrt
244.0000    6    2.000   1.0000         pwNov
246.0000    0    2.000   1.0000          NULL 
248.0000    4    2.000   1.0000         pwRep
250.0000    0    2.000   1.0000          NULL 
252.0000    6    2.000   1.0000         pwNov
254.0000    3    2.000   1.0000         rwNov
256.0000    0    2.000   1.0000          NULL 
258.0000    2    2.000   1.0000         rwOrt
260.0000    5    2.000   1.0000         pwOrt
262.0000    2    2.000   1.0000         rwOrt
264.0000    0    8.000   1.0000          NULL 
272.0000    6    2.000   1.0000         pwNov
274.0000    0    2.000   1.0000          NULL 
276.0000    5    2.000   1.0000         pwOrt
278.0000    2    2.000   1.0000         rwOrt
280.0000    0    2.000   1.0000          NULL 
282.0000    3    2.000   1.0000         rwNov
284.0000    1    2.000   1.0000         rwRep
286.0000    6    2.000   1.0000         pwNov
288.0000    6    2.000   1.0000         pwNov
290.0000    1    2.000   1.0000         rwRep
292.0000    3    2.000   1.0000         rwNov
294.0000    0    4.000   1.0000          NULL 
298.0000    3    2.000   1.0000         rwNov
300.0000    4    2.000   1.0000         pwRep
302.0000    4    2.000   1.0000         pwRep
304.0000    3    2.000   1.0000         rwNov
306.0000    0    6.000   1.0000          NULL 
312.0000    1    2.000   1.0000         rwRep
314.0000    2    2.000   1.0000         rwOrt
316.0000    0    4.000   1.0000          NULL 
320.0000    3    2.000   1.0000         rwNov
322.0000    2    2.000   1.0000         rwOrt
324.0000    0    6.000   1.0000          NULL 
330.0000    4    2.000   1.0000         pwRep
332.0000    2    2.000   1.0000         rwOrt
334.0000    3    2.000   1.0000         rwNov
336.0000    0    2.000   1.0000          NULL 
338.0000    2    2.000   1.0000         rwOrt
340.0000    0    2.000   1.0000          NULL 
342.0000    6    2.000   1.0000         pwNov
344.0000    0    2.000   1.0000          NULL 
346.0000    1    2.000   1.0000         rwRep
348.0000    0    2.000   1.0000          NULL 
350.0000    2    2.000   1.0000         rwOrt
352.0000    0    2.000   1.0000          NULL 
354.0000    2    2.000   1.0000         rwOrt
356.0000    0    2.000   1.0000          NULL 
358.0000    1    2.000   1.0000         rwRep
