  0.0000    2    2.000   1.0000         rwOrt
  2.0000    0    2.000   1.0000          NULL 
  4.0000    2    2.000   1.0000         rwOrt
  6.0000    4    2.000   1.0000         pwRep
  8.0000    3    2.000   1.0000         rwNov
 10.0000    0    2.000   1.0000          NULL 
 12.0000    4    2.000   1.0000         pwRep
 14.0000    0    4.000   1.0000          NULL 
 18.0000    1    2.000   1.0000         rwRep
 20.0000    5    2.000   1.0000         pwOrt
 22.0000    0    2.000   1.0000          NULL 
 24.0000    2    2.000   1.0000         rwOrt
 26.0000    1    2.000   1.0000         rwRep
 28.0000    3    2.000   1.0000         rwNov
 30.0000    0    2.000   1.0000          NULL 
 32.0000    5    2.000   1.0000         pwOrt
 34.0000    1    2.000   1.0000         rwRep
 36.0000    1    2.000   1.0000         rwRep
 38.0000    3    2.000   1.0000         rwNov
 40.0000    1    2.000   1.0000         rwRep
 42.0000    2    2.000   1.0000         rwOrt
 44.0000    6    2.000   1.0000         pwNov
 46.0000    4    2.000   1.0000         pwRep
 48.0000    6    2.000   1.0000         pwNov
 50.0000    0    2.000   1.0000          NULL 
 52.0000    3    2.000   1.0000         rwNov
 54.0000    2    2.000   1.0000         rwOrt
 56.0000    5    2.000   1.0000         pwOrt
 58.0000    1    2.000   1.0000         rwRep
 60.0000    3    2.000   1.0000         rwNov
 62.0000    0    6.000   1.0000          NULL 
 68.0000    4    2.000   1.0000         pwRep
 70.0000    4    2.000   1.0000         pwRep
 72.0000    0    2.000   1.0000          NULL 
 74.0000    3    2.000   1.0000         rwNov
 76.0000    6    2.000   1.0000         pwNov
 78.0000    1    2.000   1.0000         rwRep
 80.0000    0    2.000   1.0000          NULL 
 82.0000    4    2.000   1.0000         pwRep
 84.0000    0    2.000   1.0000          NULL 
 86.0000    1    2.000   1.0000         rwRep
 88.0000    0    4.000   1.0000          NULL 
 92.0000    5    2.000   1.0000         pwOrt
 94.0000    3    2.000   1.0000         rwNov
 96.0000    1    2.000   1.0000         rwRep
 98.0000    1    2.000   1.0000         rwRep
100.0000    4    2.000   1.0000         pwRep
102.0000    6    2.000   1.0000         pwNov
104.0000    4    2.000   1.0000         pwRep
106.0000    2    2.000   1.0000         rwOrt
108.0000    6    2.000   1.0000         pwNov
110.0000    0    6.000   1.0000          NULL 
116.0000    4    2.000   1.0000         pwRep
118.0000    4    2.000   1.0000         pwRep
120.0000    4    2.000   1.0000         pwRep
122.0000    5    2.000   1.0000         pwOrt
124.0000    2    2.000   1.0000         rwOrt
126.0000    0    4.000   1.0000          NULL 
130.0000    5    2.000   1.0000         pwOrt
132.0000    6    2.000   1.0000         pwNov
134.0000    0    2.000   1.0000          NULL 
136.0000    5    2.000   1.0000         pwOrt
138.0000    3    2.000   1.0000         rwNov
140.0000    5    2.000   1.0000         pwOrt
142.0000    2    2.000   1.0000         rwOrt
144.0000    0    4.000   1.0000          NULL 
148.0000    1    2.000   1.0000         rwRep
150.0000    4    2.000   1.0000         pwRep
152.0000    3    2.000   1.0000         rwNov
154.0000    4    2.000   1.0000         pwRep
156.0000    5    2.000   1.0000         pwOrt
158.0000    3    2.000   1.0000         rwNov
160.0000    0    2.000   1.0000          NULL 
162.0000    3    2.000   1.0000         rwNov
164.0000    3    2.000   1.0000         rwNov
166.0000    0    8.000   1.0000          NULL 
174.0000    2    2.000   1.0000         rwOrt
176.0000    4    2.000   1.0000         pwRep
178.0000    0    2.000   1.0000          NULL 
180.0000    1    2.000   1.0000         rwRep
182.0000    6    2.000   1.0000         pwNov
184.0000    0    2.000   1.0000          NULL 
186.0000    3    2.000   1.0000         rwNov
188.0000    4    2.000   1.0000         pwRep
190.0000    1    2.000   1.0000         rwRep
192.0000    3    2.000   1.0000         rwNov
194.0000    6    2.000   1.0000         pwNov
196.0000    0    2.000   1.0000          NULL 
198.0000    4    2.000   1.0000         pwRep
200.0000    4    2.000   1.0000         pwRep
202.0000    6    2.000   1.0000         pwNov
204.0000    6    2.000   1.0000         pwNov
206.0000    0    6.000   1.0000          NULL 
212.0000    5    2.000   1.0000         pwOrt
214.0000    5    2.000   1.0000         pwOrt
216.0000    4    2.000   1.0000         pwRep
218.0000    6    2.000   1.0000         pwNov
220.0000    3    2.000   1.0000         rwNov
222.0000    0    2.000   1.0000          NULL 
224.0000    3    2.000   1.0000         rwNov
226.0000    2    2.000   1.0000         rwOrt
228.0000    2    2.000   1.0000         rwOrt
230.0000    0    2.000   1.0000          NULL 
232.0000    2    2.000   1.0000         rwOrt
234.0000    6    2.000   1.0000         pwNov
236.0000    0    2.000   1.0000          NULL 
238.0000    3    2.000   1.0000         rwNov
240.0000    0    2.000   1.0000          NULL 
242.0000    6    2.000   1.0000         pwNov
244.0000    6    2.000   1.0000         pwNov
246.0000    3    2.000   1.0000         rwNov
248.0000    0    2.000   1.0000          NULL 
250.0000    5    2.000   1.0000         pwOrt
252.0000    0    2.000   1.0000          NULL 
254.0000    3    2.000   1.0000         rwNov
256.0000    0    2.000   1.0000          NULL 
258.0000    6    2.000   1.0000         pwNov
260.0000    5    2.000   1.0000         pwOrt
262.0000    2    2.000   1.0000         rwOrt
264.0000    0    6.000   1.0000          NULL 
270.0000    4    2.000   1.0000         pwRep
272.0000    0    6.000   1.0000          NULL 
278.0000    5    2.000   1.0000         pwOrt
280.0000    5    2.000   1.0000         pwOrt
282.0000    0    2.000   1.0000          NULL 
284.0000    1    2.000   1.0000         rwRep
286.0000    0    2.000   1.0000          NULL 
288.0000    5    2.000   1.0000         pwOrt
290.0000    0    4.000   1.0000          NULL 
294.0000    6    2.000   1.0000         pwNov
296.0000    2    2.000   1.0000         rwOrt
298.0000    1    2.000   1.0000         rwRep
300.0000    6    2.000   1.0000         pwNov
302.0000    3    2.000   1.0000         rwNov
304.0000    0    2.000   1.0000          NULL 
306.0000    2    2.000   1.0000         rwOrt
308.0000    0    2.000   1.0000          NULL 
310.0000    2    2.000   1.0000         rwOrt
312.0000    5    2.000   1.0000         pwOrt
314.0000    0    2.000   1.0000          NULL 
316.0000    2    2.000   1.0000         rwOrt
318.0000    5    2.000   1.0000         pwOrt
320.0000    6    2.000   1.0000         pwNov
322.0000    1    2.000   1.0000         rwRep
324.0000    1    2.000   1.0000         rwRep
326.0000    0    4.000   1.0000          NULL 
330.0000    6    2.000   1.0000         pwNov
332.0000    0    2.000   1.0000          NULL 
334.0000    2    2.000   1.0000         rwOrt
336.0000    4    2.000   1.0000         pwRep
338.0000    5    2.000   1.0000         pwOrt
340.0000    0    4.000   1.0000          NULL 
344.0000    2    2.000   1.0000         rwOrt
346.0000    5    2.000   1.0000         pwOrt
348.0000    6    2.000   1.0000         pwNov
350.0000    0    2.000   1.0000          NULL 
352.0000    1    2.000   1.0000         rwRep
354.0000    1    2.000   1.0000         rwRep
356.0000    2    2.000   1.0000         rwOrt
358.0000    1    2.000   1.0000         rwRep
