  0.0000    1    2.000   1.0000         rwRep
  2.0000    4    2.000   1.0000         pwRep
  4.0000    4    2.000   1.0000         pwRep
  6.0000    0    4.000   1.0000          NULL 
 10.0000    4    2.000   1.0000         pwRep
 12.0000    2    2.000   1.0000         rwOrt
 14.0000    3    2.000   1.0000         rwNov
 16.0000    1    2.000   1.0000         rwRep
 18.0000    1    2.000   1.0000         rwRep
 20.0000    5    2.000   1.0000         pwOrt
 22.0000    0    2.000   1.0000          NULL 
 24.0000    1    2.000   1.0000         rwRep
 26.0000    2    2.000   1.0000         rwOrt
 28.0000    1    2.000   1.0000         rwRep
 30.0000    5    2.000   1.0000         pwOrt
 32.0000    2    2.000   1.0000         rwOrt
 34.0000    3    2.000   1.0000         rwNov
 36.0000    3    2.000   1.0000         rwNov
 38.0000    5    2.000   1.0000         pwOrt
 40.0000    3    2.000   1.0000         rwNov
 42.0000    4    2.000   1.0000         pwRep
 44.0000    0    2.000   1.0000          NULL 
 46.0000    5    2.000   1.0000         pwOrt
 48.0000    0    8.000   1.0000          NULL 
 56.0000    2    2.000   1.0000         rwOrt
 58.0000    0    2.000   1.0000          NULL 
 60.0000    1    2.000   1.0000         rwRep
 62.0000    2    2.000   1.0000         rwOrt
 64.0000    0    2.000   1.0000          NULL 
 66.0000    6    2.000   1.0000         pwNov
 68.0000    1    2.000   1.0000         rwRep
 70.0000    1    2.000   1.0000         rwRep
 72.0000    0    2.000   1.0000          NULL 
 74.0000    3    2.000   1.0000         rwNov
 76.0000    6    2.000   1.0000         pwNov
 78.0000    0    2.000   1.0000          NULL 
 80.0000    2    2.000   1.0000         rwOrt
 82.0000    0    2.000   1.0000          NULL 
 84.0000    1    2.000   1.0000         rwRep
 86.0000    4    2.000   1.0000         pwRep
 88.0000    5    2.000   1.0000         pwOrt
 90.0000    0    2.000   1.0000          NULL 
 92.0000    3    2.000   1.0000         rwNov
 94.0000    0    2.000   1.0000          NULL 
 96.0000    1    2.000   1.0000         rwRep
 98.0000    0    2.000   1.0000          NULL 
100.0000    3    2.000   1.0000         rwNov
102.0000    6    2.000   1.0000         pwNov
104.0000    4    2.000   1.0000         pwRep
106.0000    5    2.000   1.0000         pwOrt
108.0000    3    2.000   1.0000         rwNov
110.0000    5    2.000   1.0000         pwOrt
112.0000    0    4.000   1.0000          NULL 
116.0000    6    2.000   1.0000         pwNov
118.0000    5    2.000   1.0000         pwOrt
120.0000    0    2.000   1.0000          NULL 
122.0000    3    2.000   1.0000         rwNov
124.0000    6    2.000   1.0000         pwNov
126.0000    4    2.000   1.0000         pwRep
128.0000    2    2.000   1.0000         rwOrt
130.0000    6    2.000   1.0000         pwNov
132.0000    0    2.000   1.0000          NULL 
134.0000    4    2.000   1.0000         pwRep
136.0000    2    2.000   1.0000         rwOrt
138.0000    4    2.000   1.0000         pwRep
140.0000    0    2.000   1.0000          NULL 
142.0000    3    2.000   1.0000         rwNov
144.0000    0    2.000   1.0000          NULL 
146.0000    2    2.000   1.0000         rwOrt
148.0000    4    2.000   1.0000         pwRep
150.0000    0    2.000   1.0000          NULL 
152.0000    4    2.000   1.0000         pwRep
154.0000    0    2.000   1.0000          NULL 
156.0000    5    2.000   1.0000         pwOrt
158.0000    0    2.000   1.0000          NULL 
160.0000    6    2.000   1.0000         pwNov
162.0000    0    2.000   1.0000          NULL 
164.0000    4    2.000   1.0000         pwRep
166.0000    6    2.000   1.0000         pwNov
168.0000    0    4.000   1.0000          NULL 
172.0000    1    2.000   1.0000         rwRep
174.0000    3    2.000   1.0000         rwNov
176.0000    3    2.000   1.0000         rwNov
178.0000    0    4.000   1.0000          NULL 
182.0000    1    2.000   1.0000         rwRep
184.0000    3    2.000   1.0000         rwNov
186.0000    5    2.000   1.0000         pwOrt
188.0000    6    2.000   1.0000         pwNov
190.0000    3    2.000   1.0000         rwNov
192.0000    1    2.000   1.0000         rwRep
194.0000    0    4.000   1.0000          NULL 
198.0000    4    2.000   1.0000         pwRep
200.0000    2    2.000   1.0000         rwOrt
202.0000    0    4.000   1.0000          NULL 
206.0000    3    2.000   1.0000         rwNov
208.0000    1    2.000   1.0000         rwRep
210.0000    5    2.000   1.0000         pwOrt
212.0000    5    2.000   1.0000         pwOrt
214.0000    0    2.000   1.0000          NULL 
216.0000    4    2.000   1.0000         pwRep
218.0000    6    2.000   1.0000         pwNov
220.0000    1    2.000   1.0000         rwRep
222.0000    0    6.000   1.0000          NULL 
228.0000    5    2.000   1.0000         pwOrt
230.0000    0    4.000   1.0000          NULL 
234.0000    2    2.000   1.0000         rwOrt
236.0000    5    2.000   1.0000         pwOrt
238.0000    0    2.000   1.0000          NULL 
240.0000    6    2.000   1.0000         pwNov
242.0000    2    2.000   1.0000         rwOrt
244.0000    4    2.000   1.0000         pwRep
246.0000    0    4.000   1.0000          NULL 
250.0000    5    2.000   1.0000         pwOrt
252.0000    0    2.000   1.0000          NULL 
254.0000    4    2.000   1.0000         pwRep
256.0000    5    2.000   1.0000         pwOrt
258.0000    6    2.000   1.0000         pwNov
260.0000    3    2.000   1.0000         rwNov
262.0000    4    2.000   1.0000         pwRep
264.0000    3    2.000   1.0000         rwNov
266.0000    4    2.000   1.0000         pwRep
268.0000    1    2.000   1.0000         rwRep
270.0000    6    2.000   1.0000         pwNov
272.0000    0    2.000   1.0000          NULL 
274.0000    2    2.000   1.0000         rwOrt
276.0000    4    2.000   1.0000         pwRep
278.0000    0    4.000   1.0000          NULL 
282.0000    5    2.000   1.0000         pwOrt
284.0000    0    2.000   1.0000          NULL 
286.0000    2    2.000   1.0000         rwOrt
288.0000    1    2.000   1.0000         rwRep
290.0000    0    2.000   1.0000          NULL 
292.0000    5    2.000   1.0000         pwOrt
294.0000    1    2.000   1.0000         rwRep
296.0000    1    2.000   1.0000         rwRep
298.0000    0    2.000   1.0000          NULL 
300.0000    6    2.000   1.0000         pwNov
302.0000    6    2.000   1.0000         pwNov
304.0000    2    2.000   1.0000         rwOrt
306.0000    6    2.000   1.0000         pwNov
308.0000    0   10.000   1.0000          NULL 
318.0000    4    2.000   1.0000         pwRep
320.0000    6    2.000   1.0000         pwNov
322.0000    6    2.000   1.0000         pwNov
324.0000    2    2.000   1.0000         rwOrt
326.0000    5    2.000   1.0000         pwOrt
328.0000    2    2.000   1.0000         rwOrt
330.0000    6    2.000   1.0000         pwNov
332.0000    0    2.000   1.0000          NULL 
334.0000    3    2.000   1.0000         rwNov
336.0000    5    2.000   1.0000         pwOrt
338.0000    2    2.000   1.0000         rwOrt
340.0000    0    2.000   1.0000          NULL 
342.0000    3    2.000   1.0000         rwNov
344.0000    0    2.000   1.0000          NULL 
346.0000    2    2.000   1.0000         rwOrt
348.0000    1    2.000   1.0000         rwRep
350.0000    0    2.000   1.0000          NULL 
352.0000    3    2.000   1.0000         rwNov
354.0000    6    2.000   1.0000         pwNov
356.0000    2    2.000   1.0000         rwOrt
358.0000    0    2.000   1.0000          NULL 
