  0.0000    6    2.000   1.0000         pwNov
  2.0000    0    2.000   1.0000          NULL 
  4.0000    6    2.000   1.0000         pwNov
  6.0000    0    2.000   1.0000          NULL 
  8.0000    4    2.000   1.0000         pwRep
 10.0000    6    2.000   1.0000         pwNov
 12.0000    6    2.000   1.0000         pwNov
 14.0000    1    2.000   1.0000         rwRep
 16.0000    3    2.000   1.0000         rwNov
 18.0000    0    4.000   1.0000          NULL 
 22.0000    1    2.000   1.0000         rwRep
 24.0000    5    2.000   1.0000         pwOrt
 26.0000    2    2.000   1.0000         rwOrt
 28.0000    3    2.000   1.0000         rwNov
 30.0000    1    2.000   1.0000         rwRep
 32.0000    4    2.000   1.0000         pwRep
 34.0000    3    2.000   1.0000         rwNov
 36.0000    5    2.000   1.0000         pwOrt
 38.0000    0    2.000   1.0000          NULL 
 40.0000    6    2.000   1.0000         pwNov
 42.0000    0    2.000   1.0000          NULL 
 44.0000    3    2.000   1.0000         rwNov
 46.0000    0    4.000   1.0000          NULL 
 50.0000    4    2.000   1.0000         pwRep
 52.0000    4    2.000   1.0000         pwRep
 54.0000    2    2.000   1.0000         rwOrt
 56.0000    1    2.000   1.0000         rwRep
 58.0000    2    2.000   1.0000         rwOrt
 60.0000    0    2.000   1.0000          NULL 
 62.0000    5    2.000   1.0000         pwOrt
 64.0000    0    4.000   1.0000          NULL 
 68.0000    2    2.000   1.0000         rwOrt
 70.0000    0    2.000   1.0000          NULL 
 72.0000    5    2.000   1.0000         pwOrt
 74.0000    1    2.000   1.0000         rwRep
 76.0000    2    2.000   1.0000         rwOrt
 78.0000    0    2.000   1.0000          NULL 
 80.0000    2    2.000   1.0000         rwOrt
 82.0000    4    2.000   1.0000         pwRep
 84.0000    0    2.000   1.0000          NULL 
 86.0000    4    2.000   1.0000         pwRep
 88.0000    0    6.000   1.0000          NULL 
 94.0000    3    2.000   1.0000         rwNov
 96.0000    5    2.000   1.0000         pwOrt
 98.0000    5    2.000   1.0000         pwOrt
100.0000    0    2.000   1.0000          NULL 
102.0000    2    2.000   1.0000         rwOrt
104.0000    3    2.000   1.0000         rwNov
106.0000    3    2.000   1.0000         rwNov
108.0000    0    2.000   1.0000          NULL 
110.0000    1    2.000   1.0000         rwRep
112.0000    6    2.000   1.0000         pwNov
114.0000    5    2.000   1.0000         pwOrt
116.0000    2    2.000   1.0000         rwOrt
118.0000    0    2.000   1.0000          NULL 
120.0000    5    2.000   1.0000         pwOrt
122.0000    3    2.000   1.0000         rwNov
124.0000    6    2.000   1.0000         pwNov
126.0000    4    2.000   1.0000         pwRep
128.0000    4    2.000   1.0000         pwRep
130.0000    1    2.000   1.0000         rwRep
132.0000    1    2.000   1.0000         rwRep
134.0000    3    2.000   1.0000         rwNov
136.0000    2    2.000   1.0000         rwOrt
138.0000    0    4.000   1.0000          NULL 
142.0000    1    2.000   1.0000         rwRep
144.0000    0    2.000   1.0000          NULL 
146.0000    3    2.000   1.0000         rwNov
148.0000    6    2.000   1.0000         pwNov
150.0000    4    2.000   1.0000         pwRep
152.0000    0    2.000   1.0000          NULL 
154.0000    6    2.000   1.0000         pwNov
156.0000    3    2.000   1.0000         rwNov
158.0000    6    2.000   1.0000         pwNov
160.0000    1    2.000   1.0000         rwRep
162.0000    0    2.000   1.0000          NULL 
164.0000    1    2.000   1.0000         rwRep
166.0000    4    2.000   1.0000         pwRep
168.0000    2    2.000   1.0000         rwOrt
170.0000    1    2.000   1.0000         rwRep
172.0000    0    2.000   1.0000          NULL 
174.0000    3    2.000   1.0000         rwNov
176.0000    1    2.000   1.0000         rwRep
178.0000    0    2.000   1.0000          NULL 
180.0000    4    2.000   1.0000         pwRep
182.0000    0    4.000   1.0000          NULL 
186.0000    5    2.000   1.0000         pwOrt
188.0000    5    2.000   1.0000         pwOrt
190.0000    0    2.000   1.0000          NULL 
192.0000    2    2.000   1.0000         rwOrt
194.0000    0    2.000   1.0000          NULL 
196.0000    1    2.000   1.0000         rwRep
198.0000    0    4.000   1.0000          NULL 
202.0000    4    2.000   1.0000         pwRep
204.0000    2    2.000   1.0000         rwOrt
206.0000    4    2.000   1.0000         pwRep
208.0000    4    2.000   1.0000         pwRep
210.0000    0    4.000   1.0000          NULL 
214.0000    1    2.000   1.0000         rwRep
216.0000    1    2.000   1.0000         rwRep
218.0000    0    4.000   1.0000          NULL 
222.0000    2    2.000   1.0000         rwOrt
224.0000    1    2.000   1.0000         rwRep
226.0000    5    2.000   1.0000         pwOrt
228.0000    1    2.000   1.0000         rwRep
230.0000    0    4.000   1.0000          NULL 
234.0000    6    2.000   1.0000         pwNov
236.0000    0    2.000   1.0000          NULL 
238.0000    5    2.000   1.0000         pwOrt
240.0000    2    2.000   1.0000         rwOrt
242.0000    4    2.000   1.0000         pwRep
244.0000    0    2.000   1.0000          NULL 
246.0000    5    2.000   1.0000         pwOrt
248.0000    3    2.000   1.0000         rwNov
250.0000    0    2.000   1.0000          NULL 
252.0000    6    2.000   1.0000         pwNov
254.0000    5    2.000   1.0000         pwOrt
256.0000    0    4.000   1.0000          NULL 
260.0000    5    2.000   1.0000         pwOrt
262.0000    1    2.000   1.0000         rwRep
264.0000    0    2.000   1.0000          NULL 
266.0000    3    2.000   1.0000         rwNov
268.0000    2    2.000   1.0000         rwOrt
270.0000    2    2.000   1.0000         rwOrt
272.0000    0    2.000   1.0000          NULL 
274.0000    3    2.000   1.0000         rwNov
276.0000    2    2.000   1.0000         rwOrt
278.0000    5    2.000   1.0000         pwOrt
280.0000    0    4.000   1.0000          NULL 
284.0000    2    2.000   1.0000         rwOrt
286.0000    5    2.000   1.0000         pwOrt
288.0000    4    2.000   1.0000         pwRep
290.0000    1    2.000   1.0000         rwRep
292.0000    0    2.000   1.0000          NULL 
294.0000    6    2.000   1.0000         pwNov
296.0000    0    2.000   1.0000          NULL 
298.0000    3    2.000   1.0000         rwNov
300.0000    4    2.000   1.0000         pwRep
302.0000    6    2.000   1.0000         pwNov
304.0000    3    2.000   1.0000         rwNov
306.0000    4    2.000   1.0000         pwRep
308.0000    5    2.000   1.0000         pwOrt
310.0000    2    2.000   1.0000         rwOrt
312.0000    2    2.000   1.0000         rwOrt
314.0000    6    2.000   1.0000         pwNov
316.0000    4    2.000   1.0000         pwRep
318.0000    6    2.000   1.0000         pwNov
320.0000    3    2.000   1.0000         rwNov
322.0000    5    2.000   1.0000         pwOrt
324.0000    6    2.000   1.0000         pwNov
326.0000    0   10.000   1.0000          NULL 
336.0000    6    2.000   1.0000         pwNov
338.0000    0    8.000   1.0000          NULL 
346.0000    5    2.000   1.0000         pwOrt
348.0000    4    2.000   1.0000         pwRep
350.0000    3    2.000   1.0000         rwNov
352.0000    6    2.000   1.0000         pwNov
354.0000    3    2.000   1.0000         rwNov
356.0000    0    2.000   1.0000          NULL 
358.0000    6    2.000   1.0000         pwNov
