  0.0000    2    2.000   1.0000         rwOrt
  2.0000    1    2.000   1.0000         rwRep
  4.0000    4    2.000   1.0000         pwRep
  6.0000    5    2.000   1.0000         pwOrt
  8.0000    1    2.000   1.0000         rwRep
 10.0000    2    2.000   1.0000         rwOrt
 12.0000    4    2.000   1.0000         pwRep
 14.0000    0    2.000   1.0000          NULL 
 16.0000    5    2.000   1.0000         pwOrt
 18.0000    0    2.000   1.0000          NULL 
 20.0000    3    2.000   1.0000         rwNov
 22.0000    2    2.000   1.0000         rwOrt
 24.0000    0    2.000   1.0000          NULL 
 26.0000    1    2.000   1.0000         rwRep
 28.0000    0    2.000   1.0000          NULL 
 30.0000    2    2.000   1.0000         rwOrt
 32.0000    2    2.000   1.0000         rwOrt
 34.0000    1    2.000   1.0000         rwRep
 36.0000    0    2.000   1.0000          NULL 
 38.0000    1    2.000   1.0000         rwRep
 40.0000    5    2.000   1.0000         pwOrt
 42.0000    0    4.000   1.0000          NULL 
 46.0000    5    2.000   1.0000         pwOrt
 48.0000    0    2.000   1.0000          NULL 
 50.0000    3    2.000   1.0000         rwNov
 52.0000    3    2.000   1.0000         rwNov
 54.0000    4    2.000   1.0000         pwRep
 56.0000    0    2.000   1.0000          NULL 
 58.0000    4    2.000   1.0000         pwRep
 60.0000    3    2.000   1.0000         rwNov
 62.0000    1    2.000   1.0000         rwRep
 64.0000    0    2.000   1.0000          NULL 
 66.0000    4    2.000   1.0000         pwRep
 68.0000    0    4.000   1.0000          NULL 
 72.0000    3    2.000   1.0000         rwNov
 74.0000    0    2.000   1.0000          NULL 
 76.0000    5    2.000   1.0000         pwOrt
 78.0000    0    6.000   1.0000          NULL 
 84.0000    2    2.000   1.0000         rwOrt
 86.0000    6    2.000   1.0000         pwNov
 88.0000    3    2.000   1.0000         rwNov
 90.0000    5    2.000   1.0000         pwOrt
 92.0000    3    2.000   1.0000         rwNov
 94.0000    3    2.000   1.0000         rwNov
 96.0000    6    2.000   1.0000         pwNov
 98.0000    2    2.000   1.0000         rwOrt
100.0000    3    2.000   1.0000         rwNov
102.0000    2    2.000   1.0000         rwOrt
104.0000    0    2.000   1.0000          NULL 
106.0000    4    2.000   1.0000         pwRep
108.0000    0    2.000   1.0000          NULL 
110.0000    2    2.000   1.0000         rwOrt
112.0000    4    2.000   1.0000         pwRep
114.0000    2    2.000   1.0000         rwOrt
116.0000    0   10.000   1.0000          NULL 
126.0000    3    2.000   1.0000         rwNov
128.0000    0    4.000   1.0000          NULL 
132.0000    3    2.000   1.0000         rwNov
134.0000    1    2.000   1.0000         rwRep
136.0000    6    2.000   1.0000         pwNov
138.0000    0    4.000   1.0000          NULL 
142.0000    4    2.000   1.0000         pwRep
144.0000    0    2.000   1.0000          NULL 
146.0000    2    2.000   1.0000         rwOrt
148.0000    5    2.000   1.0000         pwOrt
150.0000    3    2.000   1.0000         rwNov
152.0000    4    2.000   1.0000         pwRep
154.0000    4    2.000   1.0000         pwRep
156.0000    1    2.000   1.0000         rwRep
158.0000    6    2.000   1.0000         pwNov
160.0000    0   10.000   1.0000          NULL 
170.0000    4    2.000   1.0000         pwRep
172.0000    0    2.000   1.0000          NULL 
174.0000    6    2.000   1.0000         pwNov
176.0000    0    4.000   1.0000          NULL 
180.0000    1    2.000   1.0000         rwRep
182.0000    2    2.000   1.0000         rwOrt
184.0000    0    2.000   1.0000          NULL 
186.0000    6    2.000   1.0000         pwNov
188.0000    3    2.000   1.0000         rwNov
190.0000    6    2.000   1.0000         pwNov
192.0000    3    2.000   1.0000         rwNov
194.0000    0    2.000   1.0000          NULL 
196.0000    5    2.000   1.0000         pwOrt
198.0000    6    2.000   1.0000         pwNov
200.0000    1    2.000   1.0000         rwRep
202.0000    3    2.000   1.0000         rwNov
204.0000    3    2.000   1.0000         rwNov
206.0000    0    2.000   1.0000          NULL 
208.0000    5    2.000   1.0000         pwOrt
210.0000    0    2.000   1.0000          NULL 
212.0000    1    2.000   1.0000         rwRep
214.0000    4    2.000   1.0000         pwRep
216.0000    1    2.000   1.0000         rwRep
218.0000    5    2.000   1.0000         pwOrt
220.0000    6    2.000   1.0000         pwNov
222.0000    5    2.000   1.0000         pwOrt
224.0000    1    2.000   1.0000         rwRep
226.0000    0    2.000   1.0000          NULL 
228.0000    5    2.000   1.0000         pwOrt
230.0000    2    2.000   1.0000         rwOrt
232.0000    0    6.000   1.0000          NULL 
238.0000    4    2.000   1.0000         pwRep
240.0000    6    2.000   1.0000         pwNov
242.0000    4    2.000   1.0000         pwRep
244.0000    1    2.000   1.0000         rwRep
246.0000    0    4.000   1.0000          NULL 
250.0000    3    2.000   1.0000         rwNov
252.0000    5    2.000   1.0000         pwOrt
254.0000    5    2.000   1.0000         pwOrt
256.0000    5    2.000   1.0000         pwOrt
258.0000    0    2.000   1.0000          NULL 
260.0000    1    2.000   1.0000         rwRep
262.0000    0    2.000   1.0000          NULL 
264.0000    6    2.000   1.0000         pwNov
266.0000    0    2.000   1.0000          NULL 
268.0000    1    2.000   1.0000         rwRep
270.0000    0    4.000   1.0000          NULL 
274.0000    6    2.000   1.0000         pwNov
276.0000    3    2.000   1.0000         rwNov
278.0000    0    2.000   1.0000          NULL 
280.0000    6    2.000   1.0000         pwNov
282.0000    0    2.000   1.0000          NULL 
284.0000    1    2.000   1.0000         rwRep
286.0000    5    2.000   1.0000         pwOrt
288.0000    4    2.000   1.0000         pwRep
290.0000    0    2.000   1.0000          NULL 
292.0000    2    2.000   1.0000         rwOrt
294.0000    6    2.000   1.0000         pwNov
296.0000    6    2.000   1.0000         pwNov
298.0000    6    2.000   1.0000         pwNov
300.0000    2    2.000   1.0000         rwOrt
302.0000    0    2.000   1.0000          NULL 
304.0000    1    2.000   1.0000         rwRep
306.0000    3    2.000   1.0000         rwNov
308.0000    1    2.000   1.0000         rwRep
310.0000    5    2.000   1.0000         pwOrt
312.0000    6    2.000   1.0000         pwNov
314.0000    0    4.000   1.0000          NULL 
318.0000    5    2.000   1.0000         pwOrt
320.0000    4    2.000   1.0000         pwRep
322.0000    0    4.000   1.0000          NULL 
326.0000    2    2.000   1.0000         rwOrt
328.0000    6    2.000   1.0000         pwNov
330.0000    5    2.000   1.0000         pwOrt
332.0000    3    2.000   1.0000         rwNov
334.0000    2    2.000   1.0000         rwOrt
336.0000    6    2.000   1.0000         pwNov
338.0000    1    2.000   1.0000         rwRep
340.0000    0    2.000   1.0000          NULL 
342.0000    4    2.000   1.0000         pwRep
344.0000    2    2.000   1.0000         rwOrt
346.0000    5    2.000   1.0000         pwOrt
348.0000    6    2.000   1.0000         pwNov
350.0000    4    2.000   1.0000         pwRep
352.0000    4    2.000   1.0000         pwRep
354.0000    4    2.000   1.0000         pwRep
356.0000    2    2.000   1.0000         rwOrt
358.0000    2    2.000   1.0000         rwOrt
