  0.0000    3    2.000   1.0000         rwNov
  2.0000    4    2.000   1.0000         pwRep
  4.0000    0    6.000   1.0000          NULL 
 10.0000    4    2.000   1.0000         pwRep
 12.0000    4    2.000   1.0000         pwRep
 14.0000    0    2.000   1.0000          NULL 
 16.0000    3    2.000   1.0000         rwNov
 18.0000    0    2.000   1.0000          NULL 
 20.0000    6    2.000   1.0000         pwNov
 22.0000    4    2.000   1.0000         pwRep
 24.0000    4    2.000   1.0000         pwRep
 26.0000    4    2.000   1.0000         pwRep
 28.0000    5    2.000   1.0000         pwOrt
 30.0000    0    4.000   1.0000          NULL 
 34.0000    6    2.000   1.0000         pwNov
 36.0000    0    2.000   1.0000          NULL 
 38.0000    6    2.000   1.0000         pwNov
 40.0000    2    2.000   1.0000         rwOrt
 42.0000    1    2.000   1.0000         rwRep
 44.0000    3    2.000   1.0000         rwNov
 46.0000    4    2.000   1.0000         pwRep
 48.0000    0    6.000   1.0000          NULL 
 54.0000    1    2.000   1.0000         rwRep
 56.0000    6    2.000   1.0000         pwNov
 58.0000    0    2.000   1.0000          NULL 
 60.0000    3    2.000   1.0000         rwNov
 62.0000    3    2.000   1.0000         rwNov
 64.0000    1    2.000   1.0000         rwRep
 66.0000    5    2.000   1.0000         pwOrt
 68.0000    0    4.000   1.0000          NULL 
 72.0000    6    2.000   1.0000         pwNov
 74.0000    3    2.000   1.0000         rwNov
 76.0000    1    2.000   1.0000         rwRep
 78.0000    3    2.000   1.0000         rwNov
 80.0000    0    6.000   1.0000          NULL 
 86.0000    2    2.000   1.0000         rwOrt
 88.0000    6    2.000   1.0000         pwNov
 90.0000    0    2.000   1.0000          NULL 
 92.0000    1    2.000   1.0000         rwRep
 94.0000    0    2.000   1.0000          NULL 
 96.0000    4    2.000   1.0000         pwRep
 98.0000    5    2.000   1.0000         pwOrt
100.0000    0    2.000   1.0000          NULL 
102.0000    3    2.000   1.0000         rwNov
104.0000    5    2.000   1.0000         pwOrt
106.0000    0    2.000   1.0000          NULL 
108.0000    2    2.000   1.0000         rwOrt
110.0000    3    2.000   1.0000         rwNov
112.0000    6    2.000   1.0000         pwNov
114.0000    2    2.000   1.0000         rwOrt
116.0000    0    6.000   1.0000          NULL 
122.0000    3    2.000   1.0000         rwNov
124.0000    0    2.000   1.0000          NULL 
126.0000    1    2.000   1.0000         rwRep
128.0000    6    2.000   1.0000         pwNov
130.0000    6    2.000   1.0000         pwNov
132.0000    0    2.000   1.0000          NULL 
134.0000    1    2.000   1.0000         rwRep
136.0000    0    2.000   1.0000          NULL 
138.0000    2    2.000   1.0000         rwOrt
140.0000    5    2.000   1.0000         pwOrt
142.0000    2    2.000   1.0000         rwOrt
144.0000    3    2.000   1.0000         rwNov
146.0000    4    2.000   1.0000         pwRep
148.0000    0    2.000   1.0000          NULL 
150.0000    5    2.000   1.0000         pwOrt
152.0000    1    2.000   1.0000         rwRep
154.0000    0    2.000   1.0000          NULL 
156.0000    3    2.000   1.0000         rwNov
158.0000    6    2.000   1.0000         pwNov
160.0000    4    2.000   1.0000         pwRep
162.0000    0    2.000   1.0000          NULL 
164.0000    6    2.000   1.0000         pwNov
166.0000    6    2.000   1.0000         pwNov
168.0000    2    2.000   1.0000         rwOrt
170.0000    6    2.000   1.0000         pwNov
172.0000    1    2.000   1.0000         rwRep
174.0000    2    2.000   1.0000         rwOrt
176.0000    5    2.000   1.0000         pwOrt
178.0000    3    2.000   1.0000         rwNov
180.0000    1    2.000   1.0000         rwRep
182.0000    1    2.000   1.0000         rwRep
184.0000    6    2.000   1.0000         pwNov
186.0000    2    2.000   1.0000         rwOrt
188.0000    5    2.000   1.0000         pwOrt
190.0000    0    6.000   1.0000          NULL 
196.0000    1    2.000   1.0000         rwRep
198.0000    2    2.000   1.0000         rwOrt
200.0000    0    2.000   1.0000          NULL 
202.0000    1    2.000   1.0000         rwRep
204.0000    2    2.000   1.0000         rwOrt
206.0000    0    4.000   1.0000          NULL 
210.0000    4    2.000   1.0000         pwRep
212.0000    2    2.000   1.0000         rwOrt
214.0000    0    4.000   1.0000          NULL 
218.0000    5    2.000   1.0000         pwOrt
220.0000    2    2.000   1.0000         rwOrt
222.0000    1    2.000   1.0000         rwRep
224.0000    2    2.000   1.0000         rwOrt
226.0000    5    2.000   1.0000         pwOrt
228.0000    6    2.000   1.0000         pwNov
230.0000    5    2.000   1.0000         pwOrt
232.0000    2    2.000   1.0000         rwOrt
234.0000    5    2.000   1.0000         pwOrt
236.0000    4    2.000   1.0000         pwRep
238.0000    2    2.000   1.0000         rwOrt
240.0000    0    2.000   1.0000          NULL 
242.0000    5    2.000   1.0000         pwOrt
244.0000    4    2.000   1.0000         pwRep
246.0000    0    2.000   1.0000          NULL 
248.0000    1    2.000   1.0000         rwRep
250.0000    4    2.000   1.0000         pwRep
252.0000    0    4.000   1.0000          NULL 
256.0000    2    2.000   1.0000         rwOrt
258.0000    0    2.000   1.0000          NULL 
260.0000    5    2.000   1.0000         pwOrt
262.0000    0    2.000   1.0000          NULL 
264.0000    1    2.000   1.0000         rwRep
266.0000    0    4.000   1.0000          NULL 
270.0000    4    2.000   1.0000         pwRep
272.0000    1    2.000   1.0000         rwRep
274.0000    0    2.000   1.0000          NULL 
276.0000    4    2.000   1.0000         pwRep
278.0000    6    2.000   1.0000         pwNov
280.0000    0    2.000   1.0000          NULL 
282.0000    5    2.000   1.0000         pwOrt
284.0000    0    6.000   1.0000          NULL 
290.0000    5    2.000   1.0000         pwOrt
292.0000    0    2.000   1.0000          NULL 
294.0000    5    2.000   1.0000         pwOrt
296.0000    0    2.000   1.0000          NULL 
298.0000    6    2.000   1.0000         pwNov
300.0000    1    2.000   1.0000         rwRep
302.0000    5    2.000   1.0000         pwOrt
304.0000    2    2.000   1.0000         rwOrt
306.0000    2    2.000   1.0000         rwOrt
308.0000    4    2.000   1.0000         pwRep
310.0000    0    2.000   1.0000          NULL 
312.0000    4    2.000   1.0000         pwRep
314.0000    3    2.000   1.0000         rwNov
316.0000    5    2.000   1.0000         pwOrt
318.0000    3    2.000   1.0000         rwNov
320.0000    3    2.000   1.0000         rwNov
322.0000    1    2.000   1.0000         rwRep
324.0000    0    2.000   1.0000          NULL 
326.0000    3    2.000   1.0000         rwNov
328.0000    3    2.000   1.0000         rwNov
330.0000    0    2.000   1.0000          NULL 
332.0000    4    2.000   1.0000         pwRep
334.0000    3    2.000   1.0000         rwNov
336.0000    2    2.000   1.0000         rwOrt
338.0000    1    2.000   1.0000         rwRep
340.0000    0    2.000   1.0000          NULL 
342.0000    5    2.000   1.0000         pwOrt
344.0000    4    2.000   1.0000         pwRep
346.0000    6    2.000   1.0000         pwNov
348.0000    0    2.000   1.0000          NULL 
350.0000    6    2.000   1.0000         pwNov
352.0000    0    2.000   1.0000          NULL 
354.0000    3    2.000   1.0000         rwNov
356.0000    6    2.000   1.0000         pwNov
358.0000    0    2.000   1.0000          NULL 
