  0.0000    5    2.000   1.0000         pwOrt
  2.0000    0    2.000   1.0000          NULL 
  4.0000    1    2.000   1.0000         rwRep
  6.0000    4    2.000   1.0000         pwRep
  8.0000    5    2.000   1.0000         pwOrt
 10.0000    0    2.000   1.0000          NULL 
 12.0000    4    2.000   1.0000         pwRep
 14.0000    0    2.000   1.0000          NULL 
 16.0000    6    2.000   1.0000         pwNov
 18.0000    2    2.000   1.0000         rwOrt
 20.0000    0    2.000   1.0000          NULL 
 22.0000    1    2.000   1.0000         rwRep
 24.0000    3    2.000   1.0000         rwNov
 26.0000    3    2.000   1.0000         rwNov
 28.0000    4    2.000   1.0000         pwRep
 30.0000    0    4.000   1.0000          NULL 
 34.0000    4    2.000   1.0000         pwRep
 36.0000    0    2.000   1.0000          NULL 
 38.0000    3    2.000   1.0000         rwNov
 40.0000    0    2.000   1.0000          NULL 
 42.0000    3    2.000   1.0000         rwNov
 44.0000    5    2.000   1.0000         pwOrt
 46.0000    6    2.000   1.0000         pwNov
 48.0000    0    2.000   1.0000          NULL 
 50.0000    2    2.000   1.0000         rwOrt
 52.0000    3    2.000   1.0000         rwNov
 54.0000    4    2.000   1.0000         pwRep
 56.0000    1    2.000   1.0000         rwRep
 58.0000    0    2.000   1.0000          NULL 
 60.0000    5    2.000   1.0000         pwOrt
 62.0000    3    2.000   1.0000         rwNov
 64.0000    3    2.000   1.0000         rwNov
 66.0000    4    2.000   1.0000         pwRep
 68.0000    2    2.000   1.0000         rwOrt
 70.0000    5    2.000   1.0000         pwOrt
 72.0000    5    2.000   1.0000         pwOrt
 74.0000    0    4.000   1.0000          NULL 
 78.0000    3    2.000   1.0000         rwNov
 80.0000    6    2.000   1.0000         pwNov
 82.0000    1    2.000   1.0000         rwRep
 84.0000    3    2.000   1.0000         rwNov
 86.0000    6    2.000   1.0000         pwNov
 88.0000    5    2.000   1.0000         pwOrt
 90.0000    4    2.000   1.0000         pwRep
 92.0000    0    2.000   1.0000          NULL 
 94.0000    1    2.000   1.0000         rwRep
 96.0000    0    2.000   1.0000          NULL 
 98.0000    4    2.000   1.0000         pwRep
100.0000    4    2.000   1.0000         pwRep
102.0000    3    2.000   1.0000         rwNov
104.0000    1    2.000   1.0000         rwRep
106.0000    4    2.000   1.0000         pwRep
108.0000    6    2.000   1.0000         pwNov
110.0000    6    2.000   1.0000         pwNov
112.0000    6    2.000   1.0000         pwNov
114.0000    4    2.000   1.0000         pwRep
116.0000    0    2.000   1.0000          NULL 
118.0000    1    2.000   1.0000         rwRep
120.0000    0    6.000   1.0000          NULL 
126.0000    4    2.000   1.0000         pwRep
128.0000    5    2.000   1.0000         pwOrt
130.0000    2    2.000   1.0000         rwOrt
132.0000    6    2.000   1.0000         pwNov
134.0000    0    2.000   1.0000          NULL 
136.0000    3    2.000   1.0000         rwNov
138.0000    0    4.000   1.0000          NULL 
142.0000    2    2.000   1.0000         rwOrt
144.0000    3    2.000   1.0000         rwNov
146.0000    2    2.000   1.0000         rwOrt
148.0000    2    2.000   1.0000         rwOrt
150.0000    6    2.000   1.0000         pwNov
152.0000    0    2.000   1.0000          NULL 
154.0000    5    2.000   1.0000         pwOrt
156.0000    0    4.000   1.0000          NULL 
160.0000    1    2.000   1.0000         rwRep
162.0000    0    2.000   1.0000          NULL 
164.0000    4    2.000   1.0000         pwRep
166.0000    6    2.000   1.0000         pwNov
168.0000    5    2.000   1.0000         pwOrt
170.0000    5    2.000   1.0000         pwOrt
172.0000    2    2.000   1.0000         rwOrt
174.0000    2    2.000   1.0000         rwOrt
176.0000    0    2.000   1.0000          NULL 
178.0000    5    2.000   1.0000         pwOrt
180.0000    1    2.000   1.0000         rwRep
182.0000    1    2.000   1.0000         rwRep
184.0000    1    2.000   1.0000         rwRep
186.0000    1    2.000   1.0000         rwRep
188.0000    6    2.000   1.0000         pwNov
190.0000    5    2.000   1.0000         pwOrt
192.0000    4    2.000   1.0000         pwRep
194.0000    3    2.000   1.0000         rwNov
196.0000    6    2.000   1.0000         pwNov
198.0000    1    2.000   1.0000         rwRep
200.0000    2    2.000   1.0000         rwOrt
202.0000    0    4.000   1.0000          NULL 
206.0000    2    2.000   1.0000         rwOrt
208.0000    0    2.000   1.0000          NULL 
210.0000    3    2.000   1.0000         rwNov
212.0000    1    2.000   1.0000         rwRep
214.0000    1    2.000   1.0000         rwRep
216.0000    0    6.000   1.0000          NULL 
222.0000    6    2.000   1.0000         pwNov
224.0000    5    2.000   1.0000         pwOrt
226.0000    5    2.000   1.0000         pwOrt
228.0000    0    2.000   1.0000          NULL 
230.0000    4    2.000   1.0000         pwRep
232.0000    2    2.000   1.0000         rwOrt
234.0000    4    2.000   1.0000         pwRep
236.0000    6    2.000   1.0000         pwNov
238.0000    2    2.000   1.0000         rwOrt
240.0000    0    4.000   1.0000          NULL 
244.0000    5    2.000   1.0000         pwOrt
246.0000    0    2.000   1.0000          NULL 
248.0000    2    2.000   1.0000         rwOrt
250.0000    3    2.000   1.0000         rwNov
252.0000    0    2.000   1.0000          NULL 
254.0000    3    2.000   1.0000         rwNov
256.0000    0    2.000   1.0000          NULL 
258.0000    2    2.000   1.0000         rwOrt
260.0000    0    4.000   1.0000          NULL 
264.0000    4    2.000   1.0000         pwRep
266.0000    1    2.000   1.0000         rwRep
268.0000    0    4.000   1.0000          NULL 
272.0000    3    2.000   1.0000         rwNov
274.0000    1    2.000   1.0000         rwRep
276.0000    6    2.000   1.0000         pwNov
278.0000    0    2.000   1.0000          NULL 
280.0000    4    2.000   1.0000         pwRep
282.0000    1    2.000   1.0000         rwRep
284.0000    0    2.000   1.0000          NULL 
286.0000    2    2.000   1.0000         rwOrt
288.0000    0    4.000   1.0000          NULL 
292.0000    6    2.000   1.0000         pwNov
294.0000    1    2.000   1.0000         rwRep
296.0000    0    6.000   1.0000          NULL 
302.0000    5    2.000   1.0000         pwOrt
304.0000    6    2.000   1.0000         pwNov
306.0000    3    2.000   1.0000         rwNov
308.0000    6    2.000   1.0000         pwNov
310.0000    6    2.000   1.0000         pwNov
312.0000    1    2.000   1.0000         rwRep
314.0000    2    2.000   1.0000         rwOrt
316.0000    4    2.000   1.0000         pwRep
318.0000    3    2.000   1.0000         rwNov
320.0000    0   10.000   1.0000          NULL 
330.0000    6    2.000   1.0000         pwNov
332.0000    0    2.000   1.0000          NULL 
334.0000    4    2.000   1.0000         pwRep
336.0000    2    2.000   1.0000         rwOrt
338.0000    0    4.000   1.0000          NULL 
342.0000    5    2.000   1.0000         pwOrt
344.0000    2    2.000   1.0000         rwOrt
346.0000    2    2.000   1.0000         rwOrt
348.0000    5    2.000   1.0000         pwOrt
350.0000    0    6.000   1.0000          NULL 
356.0000    3    2.000   1.0000         rwNov
358.0000    5    2.000   1.0000         pwOrt
