  0.0000    2    2.000   1.0000         rwOrt
  2.0000    2    2.000   1.0000         rwOrt
  4.0000    0    4.000   1.0000          NULL 
  8.0000    1    2.000   1.0000         rwRep
 10.0000    1    2.000   1.0000         rwRep
 12.0000    3    2.000   1.0000         rwNov
 14.0000    5    2.000   1.0000         pwOrt
 16.0000    4    2.000   1.0000         pwRep
 18.0000    4    2.000   1.0000         pwRep
 20.0000    5    2.000   1.0000         pwOrt
 22.0000    0    2.000   1.0000          NULL 
 24.0000    2    2.000   1.0000         rwOrt
 26.0000    6    2.000   1.0000         pwNov
 28.0000    0    2.000   1.0000          NULL 
 30.0000    3    2.000   1.0000         rwNov
 32.0000    6    2.000   1.0000         pwNov
 34.0000    0    2.000   1.0000          NULL 
 36.0000    5    2.000   1.0000         pwOrt
 38.0000    1    2.000   1.0000         rwRep
 40.0000    3    2.000   1.0000         rwNov
 42.0000    1    2.000   1.0000         rwRep
 44.0000    1    2.000   1.0000         rwRep
 46.0000    5    2.000   1.0000         pwOrt
 48.0000    0    6.000   1.0000          NULL 
 54.0000    1    2.000   1.0000         rwRep
 56.0000    4    2.000   1.0000         pwRep
 58.0000    0    2.000   1.0000          NULL 
 60.0000    6    2.000   1.0000         pwNov
 62.0000    3    2.000   1.0000         rwNov
 64.0000    5    2.000   1.0000         pwOrt
 66.0000    4    2.000   1.0000         pwRep
 68.0000    0    2.000   1.0000          NULL 
 70.0000    1    2.000   1.0000         rwRep
 72.0000    0    2.000   1.0000          NULL 
 74.0000    5    2.000   1.0000         pwOrt
 76.0000    0    2.000   1.0000          NULL 
 78.0000    5    2.000   1.0000         pwOrt
 80.0000    5    2.000   1.0000         pwOrt
 82.0000    1    2.000   1.0000         rwRep
 84.0000    2    2.000   1.0000         rwOrt
 86.0000    3    2.000   1.0000         rwNov
 88.0000    4    2.000   1.0000         pwRep
 90.0000    3    2.000   1.0000         rwNov
 92.0000    2    2.000   1.0000         rwOrt
 94.0000    2    2.000   1.0000         rwOrt
 96.0000    0    4.000   1.0000          NULL 
100.0000    3    2.000   1.0000         rwNov
102.0000    5    2.000   1.0000         pwOrt
104.0000    4    2.000   1.0000         pwRep
106.0000    3    2.000   1.0000         rwNov
108.0000    5    2.000   1.0000         pwOrt
110.0000    0    2.000   1.0000          NULL 
112.0000    3    2.000   1.0000         rwNov
114.0000    0    2.000   1.0000          NULL 
116.0000    5    2.000   1.0000         pwOrt
118.0000    1    2.000   1.0000         rwRep
120.0000    1    2.000   1.0000         rwRep
122.0000    3    2.000   1.0000         rwNov
124.0000    4    2.000   1.0000         pwRep
126.0000    6    2.000   1.0000         pwNov
128.0000    5    2.000   1.0000         pwOrt
130.0000    3    2.000   1.0000         rwNov
132.0000    6    2.000   1.0000         pwNov
134.0000    4    2.000   1.0000         pwRep
136.0000    6    2.000   1.0000         pwNov
138.0000    0    2.000   1.0000          NULL 
140.0000    1    2.000   1.0000         rwRep
142.0000    3    2.000   1.0000         rwNov
144.0000    0    2.000   1.0000          NULL 
146.0000    4    2.000   1.0000         pwRep
148.0000    0    2.000   1.0000          NULL 
150.0000    4    2.000   1.0000         pwRep
152.0000    6    2.000   1.0000         pwNov
154.0000    0    4.000   1.0000          NULL 
158.0000    5    2.000   1.0000         pwOrt
160.0000    6    2.000   1.0000         pwNov
162.0000    2    2.000   1.0000         rwOrt
164.0000    0    2.000   1.0000          NULL 
166.0000    6    2.000   1.0000         pwNov
168.0000    5    2.000   1.0000         pwOrt
170.0000    5    2.000   1.0000         pwOrt
172.0000    1    2.000   1.0000         rwRep
174.0000    0    6.000   1.0000          NULL 
180.0000    4    2.000   1.0000         pwRep
182.0000    5    2.000   1.0000         pwOrt
184.0000    0    2.000   1.0000          NULL 
186.0000    5    2.000   1.0000         pwOrt
188.0000    6    2.000   1.0000         pwNov
190.0000    0    2.000   1.0000          NULL 
192.0000    2    2.000   1.0000         rwOrt
194.0000    4    2.000   1.0000         pwRep
196.0000    3    2.000   1.0000         rwNov
198.0000    0    2.000   1.0000          NULL 
200.0000    6    2.000   1.0000         pwNov
202.0000    0    2.000   1.0000          NULL 
204.0000    2    2.000   1.0000         rwOrt
206.0000    4    2.000   1.0000         pwRep
208.0000    0    2.000   1.0000          NULL 
210.0000    4    2.000   1.0000         pwRep
212.0000    0    2.000   1.0000          NULL 
214.0000    3    2.000   1.0000         rwNov
216.0000    4    2.000   1.0000         pwRep
218.0000    2    2.000   1.0000         rwOrt
220.0000    0    2.000   1.0000          NULL 
222.0000    6    2.000   1.0000         pwNov
224.0000    5    2.000   1.0000         pwOrt
226.0000    1    2.000   1.0000         rwRep
228.0000    2    2.000   1.0000         rwOrt
230.0000    0    2.000   1.0000          NULL 
232.0000    3    2.000   1.0000         rwNov
234.0000    4    2.000   1.0000         pwRep
236.0000    0    6.000   1.0000          NULL 
242.0000    6    2.000   1.0000         pwNov
244.0000    4    2.000   1.0000         pwRep
246.0000    0    8.000   1.0000          NULL 
254.0000    1    2.000   1.0000         rwRep
256.0000    6    2.000   1.0000         pwNov
258.0000    1    2.000   1.0000         rwRep
260.0000    0    8.000   1.0000          NULL 
268.0000    4    2.000   1.0000         pwRep
270.0000    0    2.000   1.0000          NULL 
272.0000    3    2.000   1.0000         rwNov
274.0000    3    2.000   1.0000         rwNov
276.0000    0    2.000   1.0000          NULL 
278.0000    2    2.000   1.0000         rwOrt
280.0000    6    2.000   1.0000         pwNov
282.0000    6    2.000   1.0000         pwNov
284.0000    0    2.000   1.0000          NULL 
286.0000    2    2.000   1.0000         rwOrt
288.0000    4    2.000   1.0000         pwRep
290.0000    6    2.000   1.0000         pwNov
292.0000    1    2.000   1.0000         rwRep
294.0000    6    2.000   1.0000         pwNov
296.0000    4    2.000   1.0000         pwRep
298.0000    1    2.000   1.0000         rwRep
300.0000    0    2.000   1.0000          NULL 
302.0000    2    2.000   1.0000         rwOrt
304.0000    2    2.000   1.0000         rwOrt
306.0000    3    2.000   1.0000         rwNov
308.0000    0    2.000   1.0000          NULL 
310.0000    2    2.000   1.0000         rwOrt
312.0000    0    2.000   1.0000          NULL 
314.0000    5    2.000   1.0000         pwOrt
316.0000    0    4.000   1.0000          NULL 
320.0000    6    2.000   1.0000         pwNov
322.0000    3    2.000   1.0000         rwNov
324.0000    2    2.000   1.0000         rwOrt
326.0000    0    4.000   1.0000          NULL 
330.0000    5    2.000   1.0000         pwOrt
332.0000    0    6.000   1.0000          NULL 
338.0000    2    2.000   1.0000         rwOrt
340.0000    1    2.000   1.0000         rwRep
342.0000    2    2.000   1.0000         rwOrt
344.0000    0    2.000   1.0000          NULL 
346.0000    3    2.000   1.0000         rwNov
348.0000    1    2.000   1.0000         rwRep
350.0000    0    2.000   1.0000          NULL 
352.0000    1    2.000   1.0000         rwRep
354.0000    0    2.000   1.0000          NULL 
356.0000    6    2.000   1.0000         pwNov
358.0000    2    2.000   1.0000         rwOrt
