  0.0000    6    2.000   1.0000         pwNov
  2.0000    0    2.000   1.0000          NULL 
  4.0000    1    2.000   1.0000         rwRep
  6.0000    4    2.000   1.0000         pwRep
  8.0000    0    2.000   1.0000          NULL 
 10.0000    5    2.000   1.0000         pwOrt
 12.0000    0    2.000   1.0000          NULL 
 14.0000    3    2.000   1.0000         rwNov
 16.0000    4    2.000   1.0000         pwRep
 18.0000    4    2.000   1.0000         pwRep
 20.0000    0    2.000   1.0000          NULL 
 22.0000    1    2.000   1.0000         rwRep
 24.0000    4    2.000   1.0000         pwRep
 26.0000    0    4.000   1.0000          NULL 
 30.0000    1    2.000   1.0000         rwRep
 32.0000    2    2.000   1.0000         rwOrt
 34.0000    6    2.000   1.0000         pwNov
 36.0000    2    2.000   1.0000         rwOrt
 38.0000    5    2.000   1.0000         pwOrt
 40.0000    1    2.000   1.0000         rwRep
 42.0000    4    2.000   1.0000         pwRep
 44.0000    3    2.000   1.0000         rwNov
 46.0000    0    4.000   1.0000          NULL 
 50.0000    5    2.000   1.0000         pwOrt
 52.0000    4    2.000   1.0000         pwRep
 54.0000    0    2.000   1.0000          NULL 
 56.0000    2    2.000   1.0000         rwOrt
 58.0000    0    2.000   1.0000          NULL 
 60.0000    2    2.000   1.0000         rwOrt
 62.0000    6    2.000   1.0000         pwNov
 64.0000    4    2.000   1.0000         pwRep
 66.0000    2    2.000   1.0000         rwOrt
 68.0000    3    2.000   1.0000         rwNov
 70.0000    3    2.000   1.0000         rwNov
 72.0000    3    2.000   1.0000         rwNov
 74.0000    4    2.000   1.0000         pwRep
 76.0000    6    2.000   1.0000         pwNov
 78.0000    4    2.000   1.0000         pwRep
 80.0000    5    2.000   1.0000         pwOrt
 82.0000    2    2.000   1.0000         rwOrt
 84.0000    0    4.000   1.0000          NULL 
 88.0000    1    2.000   1.0000         rwRep
 90.0000    1    2.000   1.0000         rwRep
 92.0000    0    2.000   1.0000          NULL 
 94.0000    4    2.000   1.0000         pwRep
 96.0000    6    2.000   1.0000         pwNov
 98.0000    0    4.000   1.0000          NULL 
102.0000    1    2.000   1.0000         rwRep
104.0000    2    2.000   1.0000         rwOrt
106.0000    3    2.000   1.0000         rwNov
108.0000    1    2.000   1.0000         rwRep
110.0000    0    2.000   1.0000          NULL 
112.0000    6    2.000   1.0000         pwNov
114.0000    3    2.000   1.0000         rwNov
116.0000    0    2.000   1.0000          NULL 
118.0000    3    2.000   1.0000         rwNov
120.0000    1    2.000   1.0000         rwRep
122.0000    1    2.000   1.0000         rwRep
124.0000    0    2.000   1.0000          NULL 
126.0000    3    2.000   1.0000         rwNov
128.0000    2    2.000   1.0000         rwOrt
130.0000    4    2.000   1.0000         pwRep
132.0000    2    2.000   1.0000         rwOrt
134.0000    3    2.000   1.0000         rwNov
136.0000    3    2.000   1.0000         rwNov
138.0000    0    2.000   1.0000          NULL 
140.0000    5    2.000   1.0000         pwOrt
142.0000    0    2.000   1.0000          NULL 
144.0000    6    2.000   1.0000         pwNov
146.0000    6    2.000   1.0000         pwNov
148.0000    0    8.000   1.0000          NULL 
156.0000    1    2.000   1.0000         rwRep
158.0000    0    4.000   1.0000          NULL 
162.0000    4    2.000   1.0000         pwRep
164.0000    2    2.000   1.0000         rwOrt
166.0000    1    2.000   1.0000         rwRep
168.0000    0    4.000   1.0000          NULL 
172.0000    2    2.000   1.0000         rwOrt
174.0000    0    2.000   1.0000          NULL 
176.0000    3    2.000   1.0000         rwNov
178.0000    0    2.000   1.0000          NULL 
180.0000    5    2.000   1.0000         pwOrt
182.0000    0    2.000   1.0000          NULL 
184.0000    5    2.000   1.0000         pwOrt
186.0000    3    2.000   1.0000         rwNov
188.0000    1    2.000   1.0000         rwRep
190.0000    0    2.000   1.0000          NULL 
192.0000    4    2.000   1.0000         pwRep
194.0000    0    2.000   1.0000          NULL 
196.0000    5    2.000   1.0000         pwOrt
198.0000    0    2.000   1.0000          NULL 
200.0000    2    2.000   1.0000         rwOrt
202.0000    3    2.000   1.0000         rwNov
204.0000    0    2.000   1.0000          NULL 
206.0000    5    2.000   1.0000         pwOrt
208.0000    0    4.000   1.0000          NULL 
212.0000    2    2.000   1.0000         rwOrt
214.0000    2    2.000   1.0000         rwOrt
216.0000    4    2.000   1.0000         pwRep
218.0000    4    2.000   1.0000         pwRep
220.0000    2    2.000   1.0000         rwOrt
222.0000    5    2.000   1.0000         pwOrt
224.0000    5    2.000   1.0000         pwOrt
226.0000    1    2.000   1.0000         rwRep
228.0000    5    2.000   1.0000         pwOrt
230.0000    0    2.000   1.0000          NULL 
232.0000    6    2.000   1.0000         pwNov
234.0000    0    2.000   1.0000          NULL 
236.0000    6    2.000   1.0000         pwNov
238.0000    5    2.000   1.0000         pwOrt
240.0000    6    2.000   1.0000         pwNov
242.0000    0    6.000   1.0000          NULL 
248.0000    3    2.000   1.0000         rwNov
250.0000    6    2.000   1.0000         pwNov
252.0000    4    2.000   1.0000         pwRep
254.0000    1    2.000   1.0000         rwRep
256.0000    0    2.000   1.0000          NULL 
258.0000    2    2.000   1.0000         rwOrt
260.0000    0    2.000   1.0000          NULL 
262.0000    5    2.000   1.0000         pwOrt
264.0000    6    2.000   1.0000         pwNov
266.0000    0    2.000   1.0000          NULL 
268.0000    4    2.000   1.0000         pwRep
270.0000    0    2.000   1.0000          NULL 
272.0000    4    2.000   1.0000         pwRep
274.0000    0    2.000   1.0000          NULL 
276.0000    6    2.000   1.0000         pwNov
278.0000    6    2.000   1.0000         pwNov
280.0000    3    2.000   1.0000         rwNov
282.0000    5    2.000   1.0000         pwOrt
284.0000    0    4.000   1.0000          NULL 
288.0000    5    2.000   1.0000         pwOrt
290.0000    5    2.000   1.0000         pwOrt
292.0000    3    2.000   1.0000         rwNov
294.0000    0    2.000   1.0000          NULL 
296.0000    1    2.000   1.0000         rwRep
298.0000    3    2.000   1.0000         rwNov
300.0000    2    2.000   1.0000         rwOrt
302.0000    6    2.000   1.0000         pwNov
304.0000    2    2.000   1.0000         rwOrt
306.0000    2    2.000   1.0000         rwOrt
308.0000    1    2.000   1.0000         rwRep
310.0000    6    2.000   1.0000         pwNov
312.0000    5    2.000   1.0000         pwOrt
314.0000    1    2.000   1.0000         rwRep
316.0000    0    2.000   1.0000          NULL 
318.0000    1    2.000   1.0000         rwRep
320.0000    6    2.000   1.0000         pwNov
322.0000    0    2.000   1.0000          NULL 
324.0000    2    2.000   1.0000         rwOrt
326.0000    1    2.000   1.0000         rwRep
328.0000    0    2.000   1.0000          NULL 
330.0000    4    2.000   1.0000         pwRep
332.0000    6    2.000   1.0000         pwNov
334.0000    0    2.000   1.0000          NULL 
336.0000    3    2.000   1.0000         rwNov
338.0000    6    2.000   1.0000         pwNov
340.0000    5    2.000   1.0000         pwOrt
342.0000    5    2.000   1.0000         pwOrt
344.0000    0    2.000   1.0000          NULL 
346.0000    3    2.000   1.0000         rwNov
348.0000    0    2.000   1.0000          NULL 
350.0000    4    2.000   1.0000         pwRep
352.0000    0    8.000   1.0000          NULL 
