  0.0000    1    2.000   1.0000         rwRep
  2.0000    3    2.000   1.0000         rwNov
  4.0000    0    2.000   1.0000          NULL 
  6.0000    3    2.000   1.0000         rwNov
  8.0000    1    2.000   1.0000         rwRep
 10.0000    6    2.000   1.0000         pwNov
 12.0000    2    2.000   1.0000         rwOrt
 14.0000    4    2.000   1.0000         pwRep
 16.0000    3    2.000   1.0000         rwNov
 18.0000    3    2.000   1.0000         rwNov
 20.0000    5    2.000   1.0000         pwOrt
 22.0000    2    2.000   1.0000         rwOrt
 24.0000    0    2.000   1.0000          NULL 
 26.0000    5    2.000   1.0000         pwOrt
 28.0000    0    2.000   1.0000          NULL 
 30.0000    3    2.000   1.0000         rwNov
 32.0000    4    2.000   1.0000         pwRep
 34.0000    2    2.000   1.0000         rwOrt
 36.0000    0    2.000   1.0000          NULL 
 38.0000    1    2.000   1.0000         rwRep
 40.0000    6    2.000   1.0000         pwNov
 42.0000    6    2.000   1.0000         pwNov
 44.0000    4    2.000   1.0000         pwRep
 46.0000    5    2.000   1.0000         pwOrt
 48.0000    6    2.000   1.0000         pwNov
 50.0000    5    2.000   1.0000         pwOrt
 52.0000    5    2.000   1.0000         pwOrt
 54.0000    0    2.000   1.0000          NULL 
 56.0000    4    2.000   1.0000         pwRep
 58.0000    6    2.000   1.0000         pwNov
 60.0000    1    2.000   1.0000         rwRep
 62.0000    5    2.000   1.0000         pwOrt
 64.0000    0    4.000   1.0000          NULL 
 68.0000    3    2.000   1.0000         rwNov
 70.0000    0    2.000   1.0000          NULL 
 72.0000    4    2.000   1.0000         pwRep
 74.0000    0    6.000   1.0000          NULL 
 80.0000    5    2.000   1.0000         pwOrt
 82.0000    0    2.000   1.0000          NULL 
 84.0000    2    2.000   1.0000         rwOrt
 86.0000    6    2.000   1.0000         pwNov
 88.0000    5    2.000   1.0000         pwOrt
 90.0000    4    2.000   1.0000         pwRep
 92.0000    6    2.000   1.0000         pwNov
 94.0000    5    2.000   1.0000         pwOrt
 96.0000    4    2.000   1.0000         pwRep
 98.0000    1    2.000   1.0000         rwRep
100.0000    2    2.000   1.0000         rwOrt
102.0000    6    2.000   1.0000         pwNov
104.0000    0    2.000   1.0000          NULL 
106.0000    5    2.000   1.0000         pwOrt
108.0000    3    2.000   1.0000         rwNov
110.0000    1    2.000   1.0000         rwRep
112.0000    0    4.000   1.0000          NULL 
116.0000    5    2.000   1.0000         pwOrt
118.0000    4    2.000   1.0000         pwRep
120.0000    2    2.000   1.0000         rwOrt
122.0000    1    2.000   1.0000         rwRep
124.0000    2    2.000   1.0000         rwOrt
126.0000    1    2.000   1.0000         rwRep
128.0000    2    2.000   1.0000         rwOrt
130.0000    2    2.000   1.0000         rwOrt
132.0000    5    2.000   1.0000         pwOrt
134.0000    6    2.000   1.0000         pwNov
136.0000    6    2.000   1.0000         pwNov
138.0000    0    2.000   1.0000          NULL 
140.0000    4    2.000   1.0000         pwRep
142.0000    3    2.000   1.0000         rwNov
144.0000    0    6.000   1.0000          NULL 
150.0000    2    2.000   1.0000         rwOrt
152.0000    5    2.000   1.0000         pwOrt
154.0000    3    2.000   1.0000         rwNov
156.0000    2    2.000   1.0000         rwOrt
158.0000    1    2.000   1.0000         rwRep
160.0000    2    2.000   1.0000         rwOrt
162.0000    2    2.000   1.0000         rwOrt
164.0000    3    2.000   1.0000         rwNov
166.0000    0    4.000   1.0000          NULL 
170.0000    5    2.000   1.0000         pwOrt
172.0000    0    2.000   1.0000          NULL 
174.0000    5    2.000   1.0000         pwOrt
176.0000    2    2.000   1.0000         rwOrt
178.0000    0    2.000   1.0000          NULL 
180.0000    5    2.000   1.0000         pwOrt
182.0000    4    2.000   1.0000         pwRep
184.0000    0    2.000   1.0000          NULL 
186.0000    6    2.000   1.0000         pwNov
188.0000    1    2.000   1.0000         rwRep
190.0000    0    6.000   1.0000          NULL 
196.0000    4    2.000   1.0000         pwRep
198.0000    3    2.000   1.0000         rwNov
200.0000    0    4.000   1.0000          NULL 
204.0000    5    2.000   1.0000         pwOrt
206.0000    1    2.000   1.0000         rwRep
208.0000    1    2.000   1.0000         rwRep
210.0000    0    2.000   1.0000          NULL 
212.0000    5    2.000   1.0000         pwOrt
214.0000    0    4.000   1.0000          NULL 
218.0000    6    2.000   1.0000         pwNov
220.0000    1    2.000   1.0000         rwRep
222.0000    2    2.000   1.0000         rwOrt
224.0000    3    2.000   1.0000         rwNov
226.0000    6    2.000   1.0000         pwNov
228.0000    5    2.000   1.0000         pwOrt
230.0000    4    2.000   1.0000         pwRep
232.0000    2    2.000   1.0000         rwOrt
234.0000    0    2.000   1.0000          NULL 
236.0000    1    2.000   1.0000         rwRep
238.0000    0    2.000   1.0000          NULL 
240.0000    4    2.000   1.0000         pwRep
242.0000    0    2.000   1.0000          NULL 
244.0000    4    2.000   1.0000         pwRep
246.0000    4    2.000   1.0000         pwRep
248.0000    6    2.000   1.0000         pwNov
250.0000    3    2.000   1.0000         rwNov
252.0000    4    2.000   1.0000         pwRep
254.0000    0    2.000   1.0000          NULL 
256.0000    3    2.000   1.0000         rwNov
258.0000    0    4.000   1.0000          NULL 
262.0000    4    2.000   1.0000         pwRep
264.0000    0    2.000   1.0000          NULL 
266.0000    6    2.000   1.0000         pwNov
268.0000    0    2.000   1.0000          NULL 
270.0000    1    2.000   1.0000         rwRep
272.0000    6    2.000   1.0000         pwNov
274.0000    6    2.000   1.0000         pwNov
276.0000    0    8.000   1.0000          NULL 
284.0000    2    2.000   1.0000         rwOrt
286.0000    1    2.000   1.0000         rwRep
288.0000    0    2.000   1.0000          NULL 
290.0000    3    2.000   1.0000         rwNov
292.0000    0    2.000   1.0000          NULL 
294.0000    4    2.000   1.0000         pwRep
296.0000    5    2.000   1.0000         pwOrt
298.0000    0    4.000   1.0000          NULL 
302.0000    3    2.000   1.0000         rwNov
304.0000    0    4.000   1.0000          NULL 
308.0000    1    2.000   1.0000         rwRep
310.0000    0    4.000   1.0000          NULL 
314.0000    1    2.000   1.0000         rwRep
316.0000    4    2.000   1.0000         pwRep
318.0000    0    2.000   1.0000          NULL 
320.0000    2    2.000   1.0000         rwOrt
322.0000    0    2.000   1.0000          NULL 
324.0000    4    2.000   1.0000         pwRep
326.0000    0    2.000   1.0000          NULL 
328.0000    3    2.000   1.0000         rwNov
330.0000    0    2.000   1.0000          NULL 
332.0000    3    2.000   1.0000         rwNov
334.0000    6    2.000   1.0000         pwNov
336.0000    0    2.000   1.0000          NULL 
338.0000    3    2.000   1.0000         rwNov
340.0000    1    2.000   1.0000         rwRep
342.0000    2    2.000   1.0000         rwOrt
344.0000    6    2.000   1.0000         pwNov
346.0000    0    4.000   1.0000          NULL 
350.0000    2    2.000   1.0000         rwOrt
352.0000    0    2.000   1.0000          NULL 
354.0000    3    2.000   1.0000         rwNov
356.0000    6    2.000   1.0000         pwNov
358.0000    1    2.000   1.0000         rwRep
