  0.0000    2    2.000   1.0000         rwOrt
  2.0000    0    2.000   1.0000          NULL 
  4.0000    3    2.000   1.0000         rwNov
  6.0000    1    2.000   1.0000         rwRep
  8.0000    6    2.000   1.0000         pwNov
 10.0000    0    4.000   1.0000          NULL 
 14.0000    6    2.000   1.0000         pwNov
 16.0000    1    2.000   1.0000         rwRep
 18.0000    1    2.000   1.0000         rwRep
 20.0000    4    2.000   1.0000         pwRep
 22.0000    3    2.000   1.0000         rwNov
 24.0000    0    6.000   1.0000          NULL 
 30.0000    3    2.000   1.0000         rwNov
 32.0000    6    2.000   1.0000         pwNov
 34.0000    1    2.000   1.0000         rwRep
 36.0000    2    2.000   1.0000         rwOrt
 38.0000    1    2.000   1.0000         rwRep
 40.0000    0    4.000   1.0000          NULL 
 44.0000    1    2.000   1.0000         rwRep
 46.0000    0    6.000   1.0000          NULL 
 52.0000    4    2.000   1.0000         pwRep
 54.0000    0    2.000   1.0000          NULL 
 56.0000    4    2.000   1.0000         pwRep
 58.0000    2    2.000   1.0000         rwOrt
 60.0000    3    2.000   1.0000         rwNov
 62.0000    1    2.000   1.0000         rwRep
 64.0000    5    2.000   1.0000         pwOrt
 66.0000    3    2.000   1.0000         rwNov
 68.0000    3    2.000   1.0000         rwNov
 70.0000    2    2.000   1.0000         rwOrt
 72.0000    1    2.000   1.0000         rwRep
 74.0000    4    2.000   1.0000         pwRep
 76.0000    1    2.000   1.0000         rwRep
 78.0000    0    2.000   1.0000          NULL 
 80.0000    3    2.000   1.0000         rwNov
 82.0000    5    2.000   1.0000         pwOrt
 84.0000    3    2.000   1.0000         rwNov
 86.0000    5    2.000   1.0000         pwOrt
 88.0000    0    2.000   1.0000          NULL 
 90.0000    2    2.000   1.0000         rwOrt
 92.0000    4    2.000   1.0000         pwRep
 94.0000    4    2.000   1.0000         pwRep
 96.0000    5    2.000   1.0000         pwOrt
 98.0000    1    2.000   1.0000         rwRep
100.0000    4    2.000   1.0000         pwRep
102.0000    4    2.000   1.0000         pwRep
104.0000    0    4.000   1.0000          NULL 
108.0000    5    2.000   1.0000         pwOrt
110.0000    6    2.000   1.0000         pwNov
112.0000    1    2.000   1.0000         rwRep
114.0000    0    2.000   1.0000          NULL 
116.0000    1    2.000   1.0000         rwRep
118.0000    4    2.000   1.0000         pwRep
120.0000    2    2.000   1.0000         rwOrt
122.0000    2    2.000   1.0000         rwOrt
124.0000    2    2.000   1.0000         rwOrt
126.0000    2    2.000   1.0000         rwOrt
128.0000    0    2.000   1.0000          NULL 
130.0000    5    2.000   1.0000         pwOrt
132.0000    4    2.000   1.0000         pwRep
134.0000    0    2.000   1.0000          NULL 
136.0000    1    2.000   1.0000         rwRep
138.0000    5    2.000   1.0000         pwOrt
140.0000    0    2.000   1.0000          NULL 
142.0000    6    2.000   1.0000         pwNov
144.0000    0    6.000   1.0000          NULL 
150.0000    1    2.000   1.0000         rwRep
152.0000    6    2.000   1.0000         pwNov
154.0000    0    2.000   1.0000          NULL 
156.0000    2    2.000   1.0000         rwOrt
158.0000    2    2.000   1.0000         rwOrt
160.0000    6    2.000   1.0000         pwNov
162.0000    6    2.000   1.0000         pwNov
164.0000    0    2.000   1.0000          NULL 
166.0000    6    2.000   1.0000         pwNov
168.0000    2    2.000   1.0000         rwOrt
170.0000    4    2.000   1.0000         pwRep
172.0000    2    2.000   1.0000         rwOrt
174.0000    0    2.000   1.0000          NULL 
176.0000    5    2.000   1.0000         pwOrt
178.0000    5    2.000   1.0000         pwOrt
180.0000    0    2.000   1.0000          NULL 
182.0000    1    2.000   1.0000         rwRep
184.0000    1    2.000   1.0000         rwRep
186.0000    6    2.000   1.0000         pwNov
188.0000    5    2.000   1.0000         pwOrt
190.0000    5    2.000   1.0000         pwOrt
192.0000    0    2.000   1.0000          NULL 
194.0000    5    2.000   1.0000         pwOrt
196.0000    1    2.000   1.0000         rwRep
198.0000    1    2.000   1.0000         rwRep
200.0000    0    2.000   1.0000          NULL 
202.0000    4    2.000   1.0000         pwRep
204.0000    0    2.000   1.0000          NULL 
206.0000    4    2.000   1.0000         pwRep
208.0000    0    2.000   1.0000          NULL 
210.0000    3    2.000   1.0000         rwNov
212.0000    0    4.000   1.0000          NULL 
216.0000    4    2.000   1.0000         pwRep
218.0000    6    2.000   1.0000         pwNov
220.0000    0    2.000   1.0000          NULL 
222.0000    2    2.000   1.0000         rwOrt
224.0000    3    2.000   1.0000         rwNov
226.0000    5    2.000   1.0000         pwOrt
228.0000    6    2.000   1.0000         pwNov
230.0000    0    2.000   1.0000          NULL 
232.0000    2    2.000   1.0000         rwOrt
234.0000    0    2.000   1.0000          NULL 
236.0000    4    2.000   1.0000         pwRep
238.0000    0    2.000   1.0000          NULL 
240.0000    4    2.000   1.0000         pwRep
242.0000    3    2.000   1.0000         rwNov
244.0000    5    2.000   1.0000         pwOrt
246.0000    3    2.000   1.0000         rwNov
248.0000    5    2.000   1.0000         pwOrt
250.0000    0    6.000   1.0000          NULL 
256.0000    5    2.000   1.0000         pwOrt
258.0000    3    2.000   1.0000         rwNov
260.0000    0    4.000   1.0000          NULL 
264.0000    3    2.000   1.0000         rwNov
266.0000    3    2.000   1.0000         rwNov
268.0000    2    2.000   1.0000         rwOrt
270.0000    2    2.000   1.0000         rwOrt
272.0000    0    6.000   1.0000          NULL 
278.0000    2    2.000   1.0000         rwOrt
280.0000    5    2.000   1.0000         pwOrt
282.0000    0    2.000   1.0000          NULL 
284.0000    3    2.000   1.0000         rwNov
286.0000    3    2.000   1.0000         rwNov
288.0000    0    4.000   1.0000          NULL 
292.0000    5    2.000   1.0000         pwOrt
294.0000    4    2.000   1.0000         pwRep
296.0000    0    2.000   1.0000          NULL 
298.0000    3    2.000   1.0000         rwNov
300.0000    0    2.000   1.0000          NULL 
302.0000    1    2.000   1.0000         rwRep
304.0000    2    2.000   1.0000         rwOrt
306.0000    4    2.000   1.0000         pwRep
308.0000    0    4.000   1.0000          NULL 
312.0000    4    2.000   1.0000         pwRep
314.0000    5    2.000   1.0000         pwOrt
316.0000    0    2.000   1.0000          NULL 
318.0000    5    2.000   1.0000         pwOrt
320.0000    6    2.000   1.0000         pwNov
322.0000    6    2.000   1.0000         pwNov
324.0000    1    2.000   1.0000         rwRep
326.0000    0    2.000   1.0000          NULL 
328.0000    3    2.000   1.0000         rwNov
330.0000    0    2.000   1.0000          NULL 
332.0000    6    2.000   1.0000         pwNov
334.0000    6    2.000   1.0000         pwNov
336.0000    6    2.000   1.0000         pwNov
338.0000    0    2.000   1.0000          NULL 
340.0000    6    2.000   1.0000         pwNov
342.0000    4    2.000   1.0000         pwRep
344.0000    0    6.000   1.0000          NULL 
350.0000    3    2.000   1.0000         rwNov
352.0000    2    2.000   1.0000         rwOrt
354.0000    0    2.000   1.0000          NULL 
356.0000    6    2.000   1.0000         pwNov
358.0000    6    2.000   1.0000         pwNov
