  0.0000    1    2.000   1.0000         rwRep
  2.0000    2    2.000   1.0000         rwOrt
  4.0000    0    4.000   1.0000          NULL 
  8.0000    4    2.000   1.0000         pwRep
 10.0000    4    2.000   1.0000         pwRep
 12.0000    2    2.000   1.0000         rwOrt
 14.0000    5    2.000   1.0000         pwOrt
 16.0000    0    2.000   1.0000          NULL 
 18.0000    4    2.000   1.0000         pwRep
 20.0000    3    2.000   1.0000         rwNov
 22.0000    4    2.000   1.0000         pwRep
 24.0000    0    2.000   1.0000          NULL 
 26.0000    2    2.000   1.0000         rwOrt
 28.0000    4    2.000   1.0000         pwRep
 30.0000    3    2.000   1.0000         rwNov
 32.0000    2    2.000   1.0000         rwOrt
 34.0000    0    2.000   1.0000          NULL 
 36.0000    3    2.000   1.0000         rwNov
 38.0000    0    2.000   1.0000          NULL 
 40.0000    5    2.000   1.0000         pwOrt
 42.0000    0    2.000   1.0000          NULL 
 44.0000    1    2.000   1.0000         rwRep
 46.0000    2    2.000   1.0000         rwOrt
 48.0000    0    2.000   1.0000          NULL 
 50.0000    4    2.000   1.0000         pwRep
 52.0000    2    2.000   1.0000         rwOrt
 54.0000    0    2.000   1.0000          NULL 
 56.0000    3    2.000   1.0000         rwNov
 58.0000    0    2.000   1.0000          NULL 
 60.0000    1    2.000   1.0000         rwRep
 62.0000    0    2.000   1.0000          NULL 
 64.0000    3    2.000   1.0000         rwNov
 66.0000    0    2.000   1.0000          NULL 
 68.0000    5    2.000   1.0000         pwOrt
 70.0000    2    2.000   1.0000         rwOrt
 72.0000    2    2.000   1.0000         rwOrt
 74.0000    3    2.000   1.0000         rwNov
 76.0000    0    2.000   1.0000          NULL 
 78.0000    6    2.000   1.0000         pwNov
 80.0000    4    2.000   1.0000         pwRep
 82.0000    0    2.000   1.0000          NULL 
 84.0000    6    2.000   1.0000         pwNov
 86.0000    4    2.000   1.0000         pwRep
 88.0000    6    2.000   1.0000         pwNov
 90.0000    1    2.000   1.0000         rwRep
 92.0000    5    2.000   1.0000         pwOrt
 94.0000    2    2.000   1.0000         rwOrt
 96.0000    1    2.000   1.0000         rwRep
 98.0000    6    2.000   1.0000         pwNov
100.0000    0    4.000   1.0000          NULL 
104.0000    2    2.000   1.0000         rwOrt
106.0000    5    2.000   1.0000         pwOrt
108.0000    5    2.000   1.0000         pwOrt
110.0000    6    2.000   1.0000         pwNov
112.0000    5    2.000   1.0000         pwOrt
114.0000    5    2.000   1.0000         pwOrt
116.0000    4    2.000   1.0000         pwRep
118.0000    0    2.000   1.0000          NULL 
120.0000    5    2.000   1.0000         pwOrt
122.0000    0    2.000   1.0000          NULL 
124.0000    6    2.000   1.0000         pwNov
126.0000    0    2.000   1.0000          NULL 
128.0000    2    2.000   1.0000         rwOrt
130.0000    0    6.000   1.0000          NULL 
136.0000    5    2.000   1.0000         pwOrt
138.0000    5    2.000   1.0000         pwOrt
140.0000    4    2.000   1.0000         pwRep
142.0000    4    2.000   1.0000         pwRep
144.0000    0    2.000   1.0000          NULL 
146.0000    6    2.000   1.0000         pwNov
148.0000    5    2.000   1.0000         pwOrt
150.0000    6    2.000   1.0000         pwNov
152.0000    3    2.000   1.0000         rwNov
154.0000    1    2.000   1.0000         rwRep
156.0000    3    2.000   1.0000         rwNov
158.0000    6    2.000   1.0000         pwNov
160.0000    2    2.000   1.0000         rwOrt
162.0000    3    2.000   1.0000         rwNov
164.0000    0    2.000   1.0000          NULL 
166.0000    4    2.000   1.0000         pwRep
168.0000    1    2.000   1.0000         rwRep
170.0000    0    2.000   1.0000          NULL 
172.0000    6    2.000   1.0000         pwNov
174.0000    0    2.000   1.0000          NULL 
176.0000    5    2.000   1.0000         pwOrt
178.0000    4    2.000   1.0000         pwRep
180.0000    3    2.000   1.0000         rwNov
182.0000    0    2.000   1.0000          NULL 
184.0000    4    2.000   1.0000         pwRep
186.0000    0    2.000   1.0000          NULL 
188.0000    3    2.000   1.0000         rwNov
190.0000    0    2.000   1.0000          NULL 
192.0000    6    2.000   1.0000         pwNov
194.0000    3    2.000   1.0000         rwNov
196.0000    0    2.000   1.0000          NULL 
198.0000    5    2.000   1.0000         pwOrt
200.0000    1    2.000   1.0000         rwRep
202.0000    4    2.000   1.0000         pwRep
204.0000    1    2.000   1.0000         rwRep
206.0000    3    2.000   1.0000         rwNov
208.0000    1    2.000   1.0000         rwRep
210.0000    3    2.000   1.0000         rwNov
212.0000    1    2.000   1.0000         rwRep
214.0000    0    6.000   1.0000          NULL 
220.0000    6    2.000   1.0000         pwNov
222.0000    1    2.000   1.0000         rwRep
224.0000    4    2.000   1.0000         pwRep
226.0000    5    2.000   1.0000         pwOrt
228.0000    3    2.000   1.0000         rwNov
230.0000    1    2.000   1.0000         rwRep
232.0000    2    2.000   1.0000         rwOrt
234.0000    4    2.000   1.0000         pwRep
236.0000    6    2.000   1.0000         pwNov
238.0000    0    2.000   1.0000          NULL 
240.0000    1    2.000   1.0000         rwRep
242.0000    0    8.000   1.0000          NULL 
250.0000    3    2.000   1.0000         rwNov
252.0000    6    2.000   1.0000         pwNov
254.0000    6    2.000   1.0000         pwNov
256.0000    2    2.000   1.0000         rwOrt
258.0000    0    8.000   1.0000          NULL 
266.0000    1    2.000   1.0000         rwRep
268.0000    5    2.000   1.0000         pwOrt
270.0000    0    4.000   1.0000          NULL 
274.0000    4    2.000   1.0000         pwRep
276.0000    1    2.000   1.0000         rwRep
278.0000    0    2.000   1.0000          NULL 
280.0000    3    2.000   1.0000         rwNov
282.0000    1    2.000   1.0000         rwRep
284.0000    0    2.000   1.0000          NULL 
286.0000    4    2.000   1.0000         pwRep
288.0000    6    2.000   1.0000         pwNov
290.0000    2    2.000   1.0000         rwOrt
292.0000    0    4.000   1.0000          NULL 
296.0000    2    2.000   1.0000         rwOrt
298.0000    0    2.000   1.0000          NULL 
300.0000    2    2.000   1.0000         rwOrt
302.0000    2    2.000   1.0000         rwOrt
304.0000    0    2.000   1.0000          NULL 
306.0000    6    2.000   1.0000         pwNov
308.0000    1    2.000   1.0000         rwRep
310.0000    1    2.000   1.0000         rwRep
312.0000    0    6.000   1.0000          NULL 
318.0000    3    2.000   1.0000         rwNov
320.0000    0    2.000   1.0000          NULL 
322.0000    3    2.000   1.0000         rwNov
324.0000    6    2.000   1.0000         pwNov
326.0000    0    2.000   1.0000          NULL 
328.0000    1    2.000   1.0000         rwRep
330.0000    4    2.000   1.0000         pwRep
332.0000    5    2.000   1.0000         pwOrt
334.0000    3    2.000   1.0000         rwNov
336.0000    5    2.000   1.0000         pwOrt
338.0000    6    2.000   1.0000         pwNov
340.0000    2    2.000   1.0000         rwOrt
342.0000    6    2.000   1.0000         pwNov
344.0000    0    2.000   1.0000          NULL 
346.0000    2    2.000   1.0000         rwOrt
348.0000    0    2.000   1.0000          NULL 
350.0000    5    2.000   1.0000         pwOrt
352.0000    0    6.000   1.0000          NULL 
358.0000    5    2.000   1.0000         pwOrt
