  0.0000    3    2.000   1.0000         rwNov
  2.0000    0    4.000   1.0000          NULL 
  6.0000    3    2.000   1.0000         rwNov
  8.0000    5    2.000   1.0000         pwOrt
 10.0000    6    2.000   1.0000         pwNov
 12.0000    0    2.000   1.0000          NULL 
 14.0000    2    2.000   1.0000         rwOrt
 16.0000    0    2.000   1.0000          NULL 
 18.0000    1    2.000   1.0000         rwRep
 20.0000    1    2.000   1.0000         rwRep
 22.0000    0    2.000   1.0000          NULL 
 24.0000    3    2.000   1.0000         rwNov
 26.0000    5    2.000   1.0000         pwOrt
 28.0000    1    2.000   1.0000         rwRep
 30.0000    4    2.000   1.0000         pwRep
 32.0000    0    2.000   1.0000          NULL 
 34.0000    3    2.000   1.0000         rwNov
 36.0000    5    2.000   1.0000         pwOrt
 38.0000    3    2.000   1.0000         rwNov
 40.0000    4    2.000   1.0000         pwRep
 42.0000    0    2.000   1.0000          NULL 
 44.0000    4    2.000   1.0000         pwRep
 46.0000    4    2.000   1.0000         pwRep
 48.0000    0    4.000   1.0000          NULL 
 52.0000    1    2.000   1.0000         rwRep
 54.0000    1    2.000   1.0000         rwRep
 56.0000    1    2.000   1.0000         rwRep
 58.0000    4    2.000   1.0000         pwRep
 60.0000    1    2.000   1.0000         rwRep
 62.0000    1    2.000   1.0000         rwRep
 64.0000    5    2.000   1.0000         pwOrt
 66.0000    6    2.000   1.0000         pwNov
 68.0000    3    2.000   1.0000         rwNov
 70.0000    2    2.000   1.0000         rwOrt
 72.0000    0    2.000   1.0000          NULL 
 74.0000    1    2.000   1.0000         rwRep
 76.0000    3    2.000   1.0000         rwNov
 78.0000    4    2.000   1.0000         pwRep
 80.0000    1    2.000   1.0000         rwRep
 82.0000    0    2.000   1.0000          NULL 
 84.0000    6    2.000   1.0000         pwNov
 86.0000    2    2.000   1.0000         rwOrt
 88.0000    6    2.000   1.0000         pwNov
 90.0000    5    2.000   1.0000         pwOrt
 92.0000    1    2.000   1.0000         rwRep
 94.0000    0    2.000   1.0000          NULL 
 96.0000    2    2.000   1.0000         rwOrt
 98.0000    3    2.000   1.0000         rwNov
100.0000    1    2.000   1.0000         rwRep
102.0000    5    2.000   1.0000         pwOrt
104.0000    6    2.000   1.0000         pwNov
106.0000    0    6.000   1.0000          NULL 
112.0000    3    2.000   1.0000         rwNov
114.0000    0    2.000   1.0000          NULL 
116.0000    4    2.000   1.0000         pwRep
118.0000    0    6.000   1.0000          NULL 
124.0000    3    2.000   1.0000         rwNov
126.0000    3    2.000   1.0000         rwNov
128.0000    6    2.000   1.0000         pwNov
130.0000    0    4.000   1.0000          NULL 
134.0000    2    2.000   1.0000         rwOrt
136.0000    4    2.000   1.0000         pwRep
138.0000    2    2.000   1.0000         rwOrt
140.0000    0    4.000   1.0000          NULL 
144.0000    1    2.000   1.0000         rwRep
146.0000    0    2.000   1.0000          NULL 
148.0000    5    2.000   1.0000         pwOrt
150.0000    0    6.000   1.0000          NULL 
156.0000    4    2.000   1.0000         pwRep
158.0000    1    2.000   1.0000         rwRep
160.0000    3    2.000   1.0000         rwNov
162.0000    2    2.000   1.0000         rwOrt
164.0000    5    2.000   1.0000         pwOrt
166.0000    0    2.000   1.0000          NULL 
168.0000    6    2.000   1.0000         pwNov
170.0000    1    2.000   1.0000         rwRep
172.0000    6    2.000   1.0000         pwNov
174.0000    0    2.000   1.0000          NULL 
176.0000    5    2.000   1.0000         pwOrt
178.0000    2    2.000   1.0000         rwOrt
180.0000    0    2.000   1.0000          NULL 
182.0000    6    2.000   1.0000         pwNov
184.0000    5    2.000   1.0000         pwOrt
186.0000    4    2.000   1.0000         pwRep
188.0000    4    2.000   1.0000         pwRep
190.0000    5    2.000   1.0000         pwOrt
192.0000    0    2.000   1.0000          NULL 
194.0000    1    2.000   1.0000         rwRep
196.0000    3    2.000   1.0000         rwNov
198.0000    0    2.000   1.0000          NULL 
200.0000    5    2.000   1.0000         pwOrt
202.0000    5    2.000   1.0000         pwOrt
204.0000    1    2.000   1.0000         rwRep
206.0000    6    2.000   1.0000         pwNov
208.0000    3    2.000   1.0000         rwNov
210.0000    0    4.000   1.0000          NULL 
214.0000    4    2.000   1.0000         pwRep
216.0000    1    2.000   1.0000         rwRep
218.0000    0    4.000   1.0000          NULL 
222.0000    4    2.000   1.0000         pwRep
224.0000    0    2.000   1.0000          NULL 
226.0000    6    2.000   1.0000         pwNov
228.0000    5    2.000   1.0000         pwOrt
230.0000    2    2.000   1.0000         rwOrt
232.0000    0    2.000   1.0000          NULL 
234.0000    6    2.000   1.0000         pwNov
236.0000    2    2.000   1.0000         rwOrt
238.0000    2    2.000   1.0000         rwOrt
240.0000    5    2.000   1.0000         pwOrt
242.0000    2    2.000   1.0000         rwOrt
244.0000    2    2.000   1.0000         rwOrt
246.0000    4    2.000   1.0000         pwRep
248.0000    0    2.000   1.0000          NULL 
250.0000    3    2.000   1.0000         rwNov
252.0000    1    2.000   1.0000         rwRep
254.0000    2    2.000   1.0000         rwOrt
256.0000    6    2.000   1.0000         pwNov
258.0000    2    2.000   1.0000         rwOrt
260.0000    0    2.000   1.0000          NULL 
262.0000    6    2.000   1.0000         pwNov
264.0000    0    2.000   1.0000          NULL 
266.0000    4    2.000   1.0000         pwRep
268.0000    0    6.000   1.0000          NULL 
274.0000    6    2.000   1.0000         pwNov
276.0000    2    2.000   1.0000         rwOrt
278.0000    0    2.000   1.0000          NULL 
280.0000    6    2.000   1.0000         pwNov
282.0000    4    2.000   1.0000         pwRep
284.0000    0    2.000   1.0000          NULL 
286.0000    3    2.000   1.0000         rwNov
288.0000    0    2.000   1.0000          NULL 
290.0000    4    2.000   1.0000         pwRep
292.0000    0    2.000   1.0000          NULL 
294.0000    5    2.000   1.0000         pwOrt
296.0000    0    4.000   1.0000          NULL 
300.0000    1    2.000   1.0000         rwRep
302.0000    6    2.000   1.0000         pwNov
304.0000    0    2.000   1.0000          NULL 
306.0000    2    2.000   1.0000         rwOrt
308.0000    2    2.000   1.0000         rwOrt
310.0000    5    2.000   1.0000         pwOrt
312.0000    0    2.000   1.0000          NULL 
314.0000    5    2.000   1.0000         pwOrt
316.0000    2    2.000   1.0000         rwOrt
318.0000    6    2.000   1.0000         pwNov
320.0000    0    2.000   1.0000          NULL 
322.0000    3    2.000   1.0000         rwNov
324.0000    0    6.000   1.0000          NULL 
330.0000    6    2.000   1.0000         pwNov
332.0000    4    2.000   1.0000         pwRep
334.0000    5    2.000   1.0000         pwOrt
336.0000    4    2.000   1.0000         pwRep
338.0000    4    2.000   1.0000         pwRep
340.0000    0    2.000   1.0000          NULL 
342.0000    5    2.000   1.0000         pwOrt
344.0000    0    2.000   1.0000          NULL 
346.0000    2    2.000   1.0000         rwOrt
348.0000    3    2.000   1.0000         rwNov
350.0000    3    2.000   1.0000         rwNov
352.0000    3    2.000   1.0000         rwNov
354.0000    6    2.000   1.0000         pwNov
356.0000    0    4.000   1.0000          NULL 
