  0.0000    6    2.000   1.0000         pwNov
  2.0000    6    2.000   1.0000         pwNov
  4.0000    0    4.000   1.0000          NULL 
  8.0000    4    2.000   1.0000         pwRep
 10.0000    3    2.000   1.0000         rwNov
 12.0000    0    2.000   1.0000          NULL 
 14.0000    2    2.000   1.0000         rwOrt
 16.0000    0    2.000   1.0000          NULL 
 18.0000    6    2.000   1.0000         pwNov
 20.0000    2    2.000   1.0000         rwOrt
 22.0000    0    4.000   1.0000          NULL 
 26.0000    6    2.000   1.0000         pwNov
 28.0000    4    2.000   1.0000         pwRep
 30.0000    2    2.000   1.0000         rwOrt
 32.0000    0    2.000   1.0000          NULL 
 34.0000    4    2.000   1.0000         pwRep
 36.0000    0    2.000   1.0000          NULL 
 38.0000    2    2.000   1.0000         rwOrt
 40.0000    5    2.000   1.0000         pwOrt
 42.0000    1    2.000   1.0000         rwRep
 44.0000    0    2.000   1.0000          NULL 
 46.0000    3    2.000   1.0000         rwNov
 48.0000    1    2.000   1.0000         rwRep
 50.0000    2    2.000   1.0000         rwOrt
 52.0000    4    2.000   1.0000         pwRep
 54.0000    1    2.000   1.0000         rwRep
 56.0000    3    2.000   1.0000         rwNov
 58.0000    0    4.000   1.0000          NULL 
 62.0000    6    2.000   1.0000         pwNov
 64.0000    0    2.000   1.0000          NULL 
 66.0000    4    2.000   1.0000         pwRep
 68.0000    1    2.000   1.0000         rwRep
 70.0000    4    2.000   1.0000         pwRep
 72.0000    4    2.000   1.0000         pwRep
 74.0000    0    6.000   1.0000          NULL 
 80.0000    3    2.000   1.0000         rwNov
 82.0000    0    4.000   1.0000          NULL 
 86.0000    3    2.000   1.0000         rwNov
 88.0000    0    2.000   1.0000          NULL 
 90.0000    4    2.000   1.0000         pwRep
 92.0000    5    2.000   1.0000         pwOrt
 94.0000    4    2.000   1.0000         pwRep
 96.0000    2    2.000   1.0000         rwOrt
 98.0000    0    2.000   1.0000          NULL 
100.0000    2    2.000   1.0000         rwOrt
102.0000    1    2.000   1.0000         rwRep
104.0000    2    2.000   1.0000         rwOrt
106.0000    4    2.000   1.0000         pwRep
108.0000    0    2.000   1.0000          NULL 
110.0000    5    2.000   1.0000         pwOrt
112.0000    6    2.000   1.0000         pwNov
114.0000    6    2.000   1.0000         pwNov
116.0000    0    2.000   1.0000          NULL 
118.0000    3    2.000   1.0000         rwNov
120.0000    4    2.000   1.0000         pwRep
122.0000    0    2.000   1.0000          NULL 
124.0000    1    2.000   1.0000         rwRep
126.0000    3    2.000   1.0000         rwNov
128.0000    6    2.000   1.0000         pwNov
130.0000    1    2.000   1.0000         rwRep
132.0000    0    2.000   1.0000          NULL 
134.0000    1    2.000   1.0000         rwRep
136.0000    5    2.000   1.0000         pwOrt
138.0000    3    2.000   1.0000         rwNov
140.0000    5    2.000   1.0000         pwOrt
142.0000    4    2.000   1.0000         pwRep
144.0000    6    2.000   1.0000         pwNov
146.0000    0    8.000   1.0000          NULL 
154.0000    5    2.000   1.0000         pwOrt
156.0000    6    2.000   1.0000         pwNov
158.0000    1    2.000   1.0000         rwRep
160.0000    1    2.000   1.0000         rwRep
162.0000    2    2.000   1.0000         rwOrt
164.0000    0    2.000   1.0000          NULL 
166.0000    4    2.000   1.0000         pwRep
168.0000    6    2.000   1.0000         pwNov
170.0000    0    4.000   1.0000          NULL 
174.0000    5    2.000   1.0000         pwOrt
176.0000    5    2.000   1.0000         pwOrt
178.0000    2    2.000   1.0000         rwOrt
180.0000    5    2.000   1.0000         pwOrt
182.0000    4    2.000   1.0000         pwRep
184.0000    0    2.000   1.0000          NULL 
186.0000    4    2.000   1.0000         pwRep
188.0000    1    2.000   1.0000         rwRep
190.0000    2    2.000   1.0000         rwOrt
192.0000    4    2.000   1.0000         pwRep
194.0000    0    4.000   1.0000          NULL 
198.0000    6    2.000   1.0000         pwNov
200.0000    0    2.000   1.0000          NULL 
202.0000    5    2.000   1.0000         pwOrt
204.0000    0    2.000   1.0000          NULL 
206.0000    6    2.000   1.0000         pwNov
208.0000    5    2.000   1.0000         pwOrt
210.0000    5    2.000   1.0000         pwOrt
212.0000    3    2.000   1.0000         rwNov
214.0000    1    2.000   1.0000         rwRep
216.0000    0    2.000   1.0000          NULL 
218.0000    5    2.000   1.0000         pwOrt
220.0000    1    2.000   1.0000         rwRep
222.0000    0    4.000   1.0000          NULL 
226.0000    6    2.000   1.0000         pwNov
228.0000    0    4.000   1.0000          NULL 
232.0000    4    2.000   1.0000         pwRep
234.0000    0    2.000   1.0000          NULL 
236.0000    6    2.000   1.0000         pwNov
238.0000    3    2.000   1.0000         rwNov
240.0000    2    2.000   1.0000         rwOrt
242.0000    0    2.000   1.0000          NULL 
244.0000    2    2.000   1.0000         rwOrt
246.0000    3    2.000   1.0000         rwNov
248.0000    0    4.000   1.0000          NULL 
252.0000    1    2.000   1.0000         rwRep
254.0000    1    2.000   1.0000         rwRep
256.0000    4    2.000   1.0000         pwRep
258.0000    0    2.000   1.0000          NULL 
260.0000    6    2.000   1.0000         pwNov
262.0000    3    2.000   1.0000         rwNov
264.0000    3    2.000   1.0000         rwNov
266.0000    0    4.000   1.0000          NULL 
270.0000    5    2.000   1.0000         pwOrt
272.0000    1    2.000   1.0000         rwRep
274.0000    0    4.000   1.0000          NULL 
278.0000    3    2.000   1.0000         rwNov
280.0000    2    2.000   1.0000         rwOrt
282.0000    0    2.000   1.0000          NULL 
284.0000    3    2.000   1.0000         rwNov
286.0000    2    2.000   1.0000         rwOrt
288.0000    0    2.000   1.0000          NULL 
290.0000    5    2.000   1.0000         pwOrt
292.0000    0    2.000   1.0000          NULL 
294.0000    5    2.000   1.0000         pwOrt
296.0000    0    4.000   1.0000          NULL 
300.0000    4    2.000   1.0000         pwRep
302.0000    5    2.000   1.0000         pwOrt
304.0000    1    2.000   1.0000         rwRep
306.0000    0    2.000   1.0000          NULL 
308.0000    6    2.000   1.0000         pwNov
310.0000    0    4.000   1.0000          NULL 
314.0000    3    2.000   1.0000         rwNov
316.0000    0    2.000   1.0000          NULL 
318.0000    2    2.000   1.0000         rwOrt
320.0000    2    2.000   1.0000         rwOrt
322.0000    3    2.000   1.0000         rwNov
324.0000    3    2.000   1.0000         rwNov
326.0000    6    2.000   1.0000         pwNov
328.0000    5    2.000   1.0000         pwOrt
330.0000    2    2.000   1.0000         rwOrt
332.0000    5    2.000   1.0000         pwOrt
334.0000    0    2.000   1.0000          NULL 
336.0000    1    2.000   1.0000         rwRep
338.0000    6    2.000   1.0000         pwNov
340.0000    1    2.000   1.0000         rwRep
342.0000    5    2.000   1.0000         pwOrt
344.0000    3    2.000   1.0000         rwNov
346.0000    4    2.000   1.0000         pwRep
348.0000    1    2.000   1.0000         rwRep
350.0000    3    2.000   1.0000         rwNov
352.0000    2    2.000   1.0000         rwOrt
354.0000    0    2.000   1.0000          NULL 
356.0000    2    2.000   1.0000         rwOrt
358.0000    6    2.000   1.0000         pwNov
