  0.0000    1    2.000   1.0000         rwRep
  2.0000    2    2.000   1.0000         rwOrt
  4.0000    6    2.000   1.0000         pwNov
  6.0000    3    2.000   1.0000         rwNov
  8.0000    1    2.000   1.0000         rwRep
 10.0000    0    4.000   1.0000          NULL 
 14.0000    1    2.000   1.0000         rwRep
 16.0000    5    2.000   1.0000         pwOrt
 18.0000    4    2.000   1.0000         pwRep
 20.0000    1    2.000   1.0000         rwRep
 22.0000    5    2.000   1.0000         pwOrt
 24.0000    3    2.000   1.0000         rwNov
 26.0000    5    2.000   1.0000         pwOrt
 28.0000    6    2.000   1.0000         pwNov
 30.0000    0    2.000   1.0000          NULL 
 32.0000    1    2.000   1.0000         rwRep
 34.0000    0    2.000   1.0000          NULL 
 36.0000    5    2.000   1.0000         pwOrt
 38.0000    0    4.000   1.0000          NULL 
 42.0000    1    2.000   1.0000         rwRep
 44.0000    4    2.000   1.0000         pwRep
 46.0000    1    2.000   1.0000         rwRep
 48.0000    1    2.000   1.0000         rwRep
 50.0000    0    2.000   1.0000          NULL 
 52.0000    2    2.000   1.0000         rwOrt
 54.0000    0    2.000   1.0000          NULL 
 56.0000    3    2.000   1.0000         rwNov
 58.0000    0    2.000   1.0000          NULL 
 60.0000    2    2.000   1.0000         rwOrt
 62.0000    0    2.000   1.0000          NULL 
 64.0000    2    2.000   1.0000         rwOrt
 66.0000    4    2.000   1.0000         pwRep
 68.0000    0    2.000   1.0000          NULL 
 70.0000    2    2.000   1.0000         rwOrt
 72.0000    1    2.000   1.0000         rwRep
 74.0000    3    2.000   1.0000         rwNov
 76.0000    0    4.000   1.0000          NULL 
 80.0000    5    2.000   1.0000         pwOrt
 82.0000    0    2.000   1.0000          NULL 
 84.0000    3    2.000   1.0000         rwNov
 86.0000    6    2.000   1.0000         pwNov
 88.0000    4    2.000   1.0000         pwRep
 90.0000    2    2.000   1.0000         rwOrt
 92.0000    0    2.000   1.0000          NULL 
 94.0000    3    2.000   1.0000         rwNov
 96.0000    0    6.000   1.0000          NULL 
102.0000    4    2.000   1.0000         pwRep
104.0000    4    2.000   1.0000         pwRep
106.0000    4    2.000   1.0000         pwRep
108.0000    2    2.000   1.0000         rwOrt
110.0000    0    2.000   1.0000          NULL 
112.0000    2    2.000   1.0000         rwOrt
114.0000    3    2.000   1.0000         rwNov
116.0000    6    2.000   1.0000         pwNov
118.0000    5    2.000   1.0000         pwOrt
120.0000    3    2.000   1.0000         rwNov
122.0000    1    2.000   1.0000         rwRep
124.0000    3    2.000   1.0000         rwNov
126.0000    5    2.000   1.0000         pwOrt
128.0000    0    4.000   1.0000          NULL 
132.0000    3    2.000   1.0000         rwNov
134.0000    0    4.000   1.0000          NULL 
138.0000    5    2.000   1.0000         pwOrt
140.0000    0    4.000   1.0000          NULL 
144.0000    5    2.000   1.0000         pwOrt
146.0000    0    4.000   1.0000          NULL 
150.0000    5    2.000   1.0000         pwOrt
152.0000    3    2.000   1.0000         rwNov
154.0000    2    2.000   1.0000         rwOrt
156.0000    5    2.000   1.0000         pwOrt
158.0000    0    4.000   1.0000          NULL 
162.0000    4    2.000   1.0000         pwRep
164.0000    1    2.000   1.0000         rwRep
166.0000    3    2.000   1.0000         rwNov
168.0000    4    2.000   1.0000         pwRep
170.0000    2    2.000   1.0000         rwOrt
172.0000    1    2.000   1.0000         rwRep
174.0000    1    2.000   1.0000         rwRep
176.0000    0    2.000   1.0000          NULL 
178.0000    4    2.000   1.0000         pwRep
180.0000    6    2.000   1.0000         pwNov
182.0000    6    2.000   1.0000         pwNov
184.0000    0    2.000   1.0000          NULL 
186.0000    6    2.000   1.0000         pwNov
188.0000    0    2.000   1.0000          NULL 
190.0000    3    2.000   1.0000         rwNov
192.0000    3    2.000   1.0000         rwNov
194.0000    0    2.000   1.0000          NULL 
196.0000    6    2.000   1.0000         pwNov
198.0000    1    2.000   1.0000         rwRep
200.0000    6    2.000   1.0000         pwNov
202.0000    1    2.000   1.0000         rwRep
204.0000    0    2.000   1.0000          NULL 
206.0000    5    2.000   1.0000         pwOrt
208.0000    5    2.000   1.0000         pwOrt
210.0000    4    2.000   1.0000         pwRep
212.0000    0    4.000   1.0000          NULL 
216.0000    5    2.000   1.0000         pwOrt
218.0000    6    2.000   1.0000         pwNov
220.0000    6    2.000   1.0000         pwNov
222.0000    4    2.000   1.0000         pwRep
224.0000    0    4.000   1.0000          NULL 
228.0000    2    2.000   1.0000         rwOrt
230.0000    0    2.000   1.0000          NULL 
232.0000    5    2.000   1.0000         pwOrt
234.0000    0    2.000   1.0000          NULL 
236.0000    1    2.000   1.0000         rwRep
238.0000    3    2.000   1.0000         rwNov
240.0000    3    2.000   1.0000         rwNov
242.0000    5    2.000   1.0000         pwOrt
244.0000    0    2.000   1.0000          NULL 
246.0000    2    2.000   1.0000         rwOrt
248.0000    0    4.000   1.0000          NULL 
252.0000    4    2.000   1.0000         pwRep
254.0000    2    2.000   1.0000         rwOrt
256.0000    1    2.000   1.0000         rwRep
258.0000    5    2.000   1.0000         pwOrt
260.0000    2    2.000   1.0000         rwOrt
262.0000    2    2.000   1.0000         rwOrt
264.0000    4    2.000   1.0000         pwRep
266.0000    4    2.000   1.0000         pwRep
268.0000    4    2.000   1.0000         pwRep
270.0000    3    2.000   1.0000         rwNov
272.0000    4    2.000   1.0000         pwRep
274.0000    2    2.000   1.0000         rwOrt
276.0000    6    2.000   1.0000         pwNov
278.0000    6    2.000   1.0000         pwNov
280.0000    4    2.000   1.0000         pwRep
282.0000    0    2.000   1.0000          NULL 
284.0000    2    2.000   1.0000         rwOrt
286.0000    5    2.000   1.0000         pwOrt
288.0000    4    2.000   1.0000         pwRep
290.0000    6    2.000   1.0000         pwNov
292.0000    0    2.000   1.0000          NULL 
294.0000    6    2.000   1.0000         pwNov
296.0000    0    6.000   1.0000          NULL 
302.0000    6    2.000   1.0000         pwNov
304.0000    0    2.000   1.0000          NULL 
306.0000    1    2.000   1.0000         rwRep
308.0000    0    6.000   1.0000          NULL 
314.0000    2    2.000   1.0000         rwOrt
316.0000    0    2.000   1.0000          NULL 
318.0000    6    2.000   1.0000         pwNov
320.0000    1    2.000   1.0000         rwRep
322.0000    3    2.000   1.0000         rwNov
324.0000    5    2.000   1.0000         pwOrt
326.0000    3    2.000   1.0000         rwNov
328.0000    0    2.000   1.0000          NULL 
330.0000    6    2.000   1.0000         pwNov
332.0000    6    2.000   1.0000         pwNov
334.0000    0    4.000   1.0000          NULL 
338.0000    3    2.000   1.0000         rwNov
340.0000    0    2.000   1.0000          NULL 
342.0000    5    2.000   1.0000         pwOrt
344.0000    2    2.000   1.0000         rwOrt
346.0000    6    2.000   1.0000         pwNov
348.0000    2    2.000   1.0000         rwOrt
350.0000    0    4.000   1.0000          NULL 
354.0000    1    2.000   1.0000         rwRep
356.0000    0    2.000   1.0000          NULL 
358.0000    4    2.000   1.0000         pwRep
