  0.0000    4    2.000   1.0000         pwRep
  2.0000    3    2.000   1.0000         rwNov
  4.0000    3    2.000   1.0000         rwNov
  6.0000    1    2.000   1.0000         rwRep
  8.0000    6    2.000   1.0000         pwNov
 10.0000    2    2.000   1.0000         rwOrt
 12.0000    3    2.000   1.0000         rwNov
 14.0000    2    2.000   1.0000         rwOrt
 16.0000    0    2.000   1.0000          NULL 
 18.0000    4    2.000   1.0000         pwRep
 20.0000    5    2.000   1.0000         pwOrt
 22.0000    0    2.000   1.0000          NULL 
 24.0000    1    2.000   1.0000         rwRep
 26.0000    6    2.000   1.0000         pwNov
 28.0000    4    2.000   1.0000         pwRep
 30.0000    2    2.000   1.0000         rwOrt
 32.0000    4    2.000   1.0000         pwRep
 34.0000    0    4.000   1.0000          NULL 
 38.0000    1    2.000   1.0000         rwRep
 40.0000    0    2.000   1.0000          NULL 
 42.0000    3    2.000   1.0000         rwNov
 44.0000    0    2.000   1.0000          NULL 
 46.0000    5    2.000   1.0000         pwOrt
 48.0000    4    2.000   1.0000         pwRep
 50.0000    0    2.000   1.0000          NULL 
 52.0000    2    2.000   1.0000         rwOrt
 54.0000    1    2.000   1.0000         rwRep
 56.0000    2    2.000   1.0000         rwOrt
 58.0000    4    2.000   1.0000         pwRep
 60.0000    5    2.000   1.0000         pwOrt
 62.0000    5    2.000   1.0000         pwOrt
 64.0000    5    2.000   1.0000         pwOrt
 66.0000    0    4.000   1.0000          NULL 
 70.0000    5    2.000   1.0000         pwOrt
 72.0000    3    2.000   1.0000         rwNov
 74.0000    0    4.000   1.0000          NULL 
 78.0000    1    2.000   1.0000         rwRep
 80.0000    3    2.000   1.0000         rwNov
 82.0000    3    2.000   1.0000         rwNov
 84.0000    4    2.000   1.0000         pwRep
 86.0000    6    2.000   1.0000         pwNov
 88.0000    0    2.000   1.0000          NULL 
 90.0000    6    2.000   1.0000         pwNov
 92.0000    6    2.000   1.0000         pwNov
 94.0000    6    2.000   1.0000         pwNov
 96.0000    0    4.000   1.0000          NULL 
100.0000    1    2.000   1.0000         rwRep
102.0000    1    2.000   1.0000         rwRep
104.0000    3    2.000   1.0000         rwNov
106.0000    0    6.000   1.0000          NULL 
112.0000    4    2.000   1.0000         pwRep
114.0000    2    2.000   1.0000         rwOrt
116.0000    5    2.000   1.0000         pwOrt
118.0000    4    2.000   1.0000         pwRep
120.0000    6    2.000   1.0000         pwNov
122.0000    0    2.000   1.0000          NULL 
124.0000    3    2.000   1.0000         rwNov
126.0000    0    6.000   1.0000          NULL 
132.0000    1    2.000   1.0000         rwRep
134.0000    6    2.000   1.0000         pwNov
136.0000    2    2.000   1.0000         rwOrt
138.0000    5    2.000   1.0000         pwOrt
140.0000    0    2.000   1.0000          NULL 
142.0000    1    2.000   1.0000         rwRep
144.0000    5    2.000   1.0000         pwOrt
146.0000    6    2.000   1.0000         pwNov
148.0000    2    2.000   1.0000         rwOrt
150.0000    4    2.000   1.0000         pwRep
152.0000    3    2.000   1.0000         rwNov
154.0000    4    2.000   1.0000         pwRep
156.0000    2    2.000   1.0000         rwOrt
158.0000    2    2.000   1.0000         rwOrt
160.0000    6    2.000   1.0000         pwNov
162.0000    4    2.000   1.0000         pwRep
164.0000    5    2.000   1.0000         pwOrt
166.0000    0    2.000   1.0000          NULL 
168.0000    5    2.000   1.0000         pwOrt
170.0000    5    2.000   1.0000         pwOrt
172.0000    0    2.000   1.0000          NULL 
174.0000    4    2.000   1.0000         pwRep
176.0000    0    2.000   1.0000          NULL 
178.0000    5    2.000   1.0000         pwOrt
180.0000    5    2.000   1.0000         pwOrt
182.0000    2    2.000   1.0000         rwOrt
184.0000    6    2.000   1.0000         pwNov
186.0000    3    2.000   1.0000         rwNov
188.0000    0    2.000   1.0000          NULL 
190.0000    4    2.000   1.0000         pwRep
192.0000    4    2.000   1.0000         pwRep
194.0000    0    8.000   1.0000          NULL 
202.0000    5    2.000   1.0000         pwOrt
204.0000    0    2.000   1.0000          NULL 
206.0000    2    2.000   1.0000         rwOrt
208.0000    0    4.000   1.0000          NULL 
212.0000    2    2.000   1.0000         rwOrt
214.0000    4    2.000   1.0000         pwRep
216.0000    0    2.000   1.0000          NULL 
218.0000    3    2.000   1.0000         rwNov
220.0000    1    2.000   1.0000         rwRep
222.0000    1    2.000   1.0000         rwRep
224.0000    6    2.000   1.0000         pwNov
226.0000    1    2.000   1.0000         rwRep
228.0000    0    8.000   1.0000          NULL 
236.0000    4    2.000   1.0000         pwRep
238.0000    3    2.000   1.0000         rwNov
240.0000    0    2.000   1.0000          NULL 
242.0000    1    2.000   1.0000         rwRep
244.0000    0    4.000   1.0000          NULL 
248.0000    6    2.000   1.0000         pwNov
250.0000    3    2.000   1.0000         rwNov
252.0000    5    2.000   1.0000         pwOrt
254.0000    3    2.000   1.0000         rwNov
256.0000    0    2.000   1.0000          NULL 
258.0000    2    2.000   1.0000         rwOrt
260.0000    5    2.000   1.0000         pwOrt
262.0000    1    2.000   1.0000         rwRep
264.0000    1    2.000   1.0000         rwRep
266.0000    0    2.000   1.0000          NULL 
268.0000    4    2.000   1.0000         pwRep
270.0000    0    2.000   1.0000          NULL 
272.0000    3    2.000   1.0000         rwNov
274.0000    5    2.000   1.0000         pwOrt
276.0000    0    2.000   1.0000          NULL 
278.0000    1    2.000   1.0000         rwRep
280.0000    2    2.000   1.0000         rwOrt
282.0000    3    2.000   1.0000         rwNov
284.0000    6    2.000   1.0000         pwNov
286.0000    0    2.000   1.0000          NULL 
288.0000    6    2.000   1.0000         pwNov
290.0000    0    2.000   1.0000          NULL 
292.0000    3    2.000   1.0000         rwNov
294.0000    5    2.000   1.0000         pwOrt
296.0000    0    4.000   1.0000          NULL 
300.0000    1    2.000   1.0000         rwRep
302.0000    0    4.000   1.0000          NULL 
306.0000    3    2.000   1.0000         rwNov
308.0000    3    2.000   1.0000         rwNov
310.0000    1    2.000   1.0000         rwRep
312.0000    6    2.000   1.0000         pwNov
314.0000    0    2.000   1.0000          NULL 
316.0000    4    2.000   1.0000         pwRep
318.0000    2    2.000   1.0000         rwOrt
320.0000    6    2.000   1.0000         pwNov
322.0000    5    2.000   1.0000         pwOrt
324.0000    0    4.000   1.0000          NULL 
328.0000    2    2.000   1.0000         rwOrt
330.0000    2    2.000   1.0000         rwOrt
332.0000    0    6.000   1.0000          NULL 
338.0000    6    2.000   1.0000         pwNov
340.0000    2    2.000   1.0000         rwOrt
342.0000    1    2.000   1.0000         rwRep
344.0000    0    4.000   1.0000          NULL 
348.0000    6    2.000   1.0000         pwNov
350.0000    1    2.000   1.0000         rwRep
352.0000    0    2.000   1.0000          NULL 
354.0000    4    2.000   1.0000         pwRep
356.0000    6    2.000   1.0000         pwNov
358.0000    2    2.000   1.0000         rwOrt
