  0.0000    5    2.000   1.0000         pwOrt
  2.0000    1    2.000   1.0000         rwRep
  4.0000    2    2.000   1.0000         rwOrt
  6.0000    4    2.000   1.0000         pwRep
  8.0000    3    2.000   1.0000         rwNov
 10.0000    0    2.000   1.0000          NULL 
 12.0000    3    2.000   1.0000         rwNov
 14.0000    2    2.000   1.0000         rwOrt
 16.0000    2    2.000   1.0000         rwOrt
 18.0000    0    2.000   1.0000          NULL 
 20.0000    1    2.000   1.0000         rwRep
 22.0000    2    2.000   1.0000         rwOrt
 24.0000    3    2.000   1.0000         rwNov
 26.0000    4    2.000   1.0000         pwRep
 28.0000    0    2.000   1.0000          NULL 
 30.0000    2    2.000   1.0000         rwOrt
 32.0000    6    2.000   1.0000         pwNov
 34.0000    5    2.000   1.0000         pwOrt
 36.0000    0    2.000   1.0000          NULL 
 38.0000    1    2.000   1.0000         rwRep
 40.0000    0    2.000   1.0000          NULL 
 42.0000    6    2.000   1.0000         pwNov
 44.0000    0    2.000   1.0000          NULL 
 46.0000    1    2.000   1.0000         rwRep
 48.0000    3    2.000   1.0000         rwNov
 50.0000    5    2.000   1.0000         pwOrt
 52.0000    4    2.000   1.0000         pwRep
 54.0000    0    8.000   1.0000          NULL 
 62.0000    3    2.000   1.0000         rwNov
 64.0000    0    2.000   1.0000          NULL 
 66.0000    1    2.000   1.0000         rwRep
 68.0000    1    2.000   1.0000         rwRep
 70.0000    1    2.000   1.0000         rwRep
 72.0000    2    2.000   1.0000         rwOrt
 74.0000    2    2.000   1.0000         rwOrt
 76.0000    0    2.000   1.0000          NULL 
 78.0000    2    2.000   1.0000         rwOrt
 80.0000    1    2.000   1.0000         rwRep
 82.0000    0    2.000   1.0000          NULL 
 84.0000    2    2.000   1.0000         rwOrt
 86.0000    1    2.000   1.0000         rwRep
 88.0000    6    2.000   1.0000         pwNov
 90.0000    3    2.000   1.0000         rwNov
 92.0000    0    2.000   1.0000          NULL 
 94.0000    5    2.000   1.0000         pwOrt
 96.0000    4    2.000   1.0000         pwRep
 98.0000    4    2.000   1.0000         pwRep
100.0000    3    2.000   1.0000         rwNov
102.0000    5    2.000   1.0000         pwOrt
104.0000    0    2.000   1.0000          NULL 
106.0000    6    2.000   1.0000         pwNov
108.0000    3    2.000   1.0000         rwNov
110.0000    1    2.000   1.0000         rwRep
112.0000    1    2.000   1.0000         rwRep
114.0000    0    2.000   1.0000          NULL 
116.0000    4    2.000   1.0000         pwRep
118.0000    3    2.000   1.0000         rwNov
120.0000    2    2.000   1.0000         rwOrt
122.0000    6    2.000   1.0000         pwNov
124.0000    0    2.000   1.0000          NULL 
126.0000    6    2.000   1.0000         pwNov
128.0000    3    2.000   1.0000         rwNov
130.0000    1    2.000   1.0000         rwRep
132.0000    5    2.000   1.0000         pwOrt
134.0000    1    2.000   1.0000         rwRep
136.0000    0    4.000   1.0000          NULL 
140.0000    1    2.000   1.0000         rwRep
142.0000    3    2.000   1.0000         rwNov
144.0000    5    2.000   1.0000         pwOrt
146.0000    6    2.000   1.0000         pwNov
148.0000    4    2.000   1.0000         pwRep
150.0000    3    2.000   1.0000         rwNov
152.0000    0    2.000   1.0000          NULL 
154.0000    4    2.000   1.0000         pwRep
156.0000    0    2.000   1.0000          NULL 
158.0000    4    2.000   1.0000         pwRep
160.0000    1    2.000   1.0000         rwRep
162.0000    5    2.000   1.0000         pwOrt
164.0000    3    2.000   1.0000         rwNov
166.0000    0    2.000   1.0000          NULL 
168.0000    3    2.000   1.0000         rwNov
170.0000    0    6.000   1.0000          NULL 
176.0000    4    2.000   1.0000         pwRep
178.0000    5    2.000   1.0000         pwOrt
180.0000    2    2.000   1.0000         rwOrt
182.0000    5    2.000   1.0000         pwOrt
184.0000    0    2.000   1.0000          NULL 
186.0000    3    2.000   1.0000         rwNov
188.0000    4    2.000   1.0000         pwRep
190.0000    0    4.000   1.0000          NULL 
194.0000    5    2.000   1.0000         pwOrt
196.0000    3    2.000   1.0000         rwNov
198.0000    0    4.000   1.0000          NULL 
202.0000    4    2.000   1.0000         pwRep
204.0000    1    2.000   1.0000         rwRep
206.0000    0    8.000   1.0000          NULL 
214.0000    3    2.000   1.0000         rwNov
216.0000    6    2.000   1.0000         pwNov
218.0000    0    2.000   1.0000          NULL 
220.0000    4    2.000   1.0000         pwRep
222.0000    3    2.000   1.0000         rwNov
224.0000    6    2.000   1.0000         pwNov
226.0000    6    2.000   1.0000         pwNov
228.0000    6    2.000   1.0000         pwNov
230.0000    4    2.000   1.0000         pwRep
232.0000    0    4.000   1.0000          NULL 
236.0000    1    2.000   1.0000         rwRep
238.0000    2    2.000   1.0000         rwOrt
240.0000    3    2.000   1.0000         rwNov
242.0000    2    2.000   1.0000         rwOrt
244.0000    4    2.000   1.0000         pwRep
246.0000    5    2.000   1.0000         pwOrt
248.0000    4    2.000   1.0000         pwRep
250.0000    1    2.000   1.0000         rwRep
252.0000    0    2.000   1.0000          NULL 
254.0000    1    2.000   1.0000         rwRep
256.0000    6    2.000   1.0000         pwNov
258.0000    0    2.000   1.0000          NULL 
260.0000    5    2.000   1.0000         pwOrt
262.0000    4    2.000   1.0000         pwRep
264.0000    0    2.000   1.0000          NULL 
266.0000    5    2.000   1.0000         pwOrt
268.0000    0    2.000   1.0000          NULL 
270.0000    6    2.000   1.0000         pwNov
272.0000    2    2.000   1.0000         rwOrt
274.0000    0    4.000   1.0000          NULL 
278.0000    4    2.000   1.0000         pwRep
280.0000    2    2.000   1.0000         rwOrt
282.0000    1    2.000   1.0000         rwRep
284.0000    6    2.000   1.0000         pwNov
286.0000    0    2.000   1.0000          NULL 
288.0000    2    2.000   1.0000         rwOrt
290.0000    6    2.000   1.0000         pwNov
292.0000    2    2.000   1.0000         rwOrt
294.0000    0    6.000   1.0000          NULL 
300.0000    6    2.000   1.0000         pwNov
302.0000    4    2.000   1.0000         pwRep
304.0000    2    2.000   1.0000         rwOrt
306.0000    6    2.000   1.0000         pwNov
308.0000    6    2.000   1.0000         pwNov
310.0000    0    2.000   1.0000          NULL 
312.0000    5    2.000   1.0000         pwOrt
314.0000    5    2.000   1.0000         pwOrt
316.0000    0    8.000   1.0000          NULL 
324.0000    2    2.000   1.0000         rwOrt
326.0000    6    2.000   1.0000         pwNov
328.0000    0    6.000   1.0000          NULL 
334.0000    6    2.000   1.0000         pwNov
336.0000    0    2.000   1.0000          NULL 
338.0000    5    2.000   1.0000         pwOrt
340.0000    0    2.000   1.0000          NULL 
342.0000    2    2.000   1.0000         rwOrt
344.0000    0    2.000   1.0000          NULL 
346.0000    5    2.000   1.0000         pwOrt
348.0000    5    2.000   1.0000         pwOrt
350.0000    3    2.000   1.0000         rwNov
352.0000    5    2.000   1.0000         pwOrt
354.0000    4    2.000   1.0000         pwRep
356.0000    0    4.000   1.0000          NULL 
