  0.0000    5    2.000   1.0000         pwOrt
  2.0000    2    2.000   1.0000         rwOrt
  4.0000    5    2.000   1.0000         pwOrt
  6.0000    0    2.000   1.0000          NULL 
  8.0000    2    2.000   1.0000         rwOrt
 10.0000    0    2.000   1.0000          NULL 
 12.0000    1    2.000   1.0000         rwRep
 14.0000    0    2.000   1.0000          NULL 
 16.0000    2    2.000   1.0000         rwOrt
 18.0000    1    2.000   1.0000         rwRep
 20.0000    0    2.000   1.0000          NULL 
 22.0000    1    2.000   1.0000         rwRep
 24.0000    5    2.000   1.0000         pwOrt
 26.0000    6    2.000   1.0000         pwNov
 28.0000    4    2.000   1.0000         pwRep
 30.0000    3    2.000   1.0000         rwNov
 32.0000    1    2.000   1.0000         rwRep
 34.0000    2    2.000   1.0000         rwOrt
 36.0000    0    4.000   1.0000          NULL 
 40.0000    5    2.000   1.0000         pwOrt
 42.0000    3    2.000   1.0000         rwNov
 44.0000    2    2.000   1.0000         rwOrt
 46.0000    6    2.000   1.0000         pwNov
 48.0000    0    2.000   1.0000          NULL 
 50.0000    2    2.000   1.0000         rwOrt
 52.0000    0    2.000   1.0000          NULL 
 54.0000    1    2.000   1.0000         rwRep
 56.0000    1    2.000   1.0000         rwRep
 58.0000    2    2.000   1.0000         rwOrt
 60.0000    0    2.000   1.0000          NULL 
 62.0000    1    2.000   1.0000         rwRep
 64.0000    1    2.000   1.0000         rwRep
 66.0000    6    2.000   1.0000         pwNov
 68.0000    0    2.000   1.0000          NULL 
 70.0000    4    2.000   1.0000         pwRep
 72.0000    0    6.000   1.0000          NULL 
 78.0000    5    2.000   1.0000         pwOrt
 80.0000    0    2.000   1.0000          NULL 
 82.0000    4    2.000   1.0000         pwRep
 84.0000    5    2.000   1.0000         pwOrt
 86.0000    6    2.000   1.0000         pwNov
 88.0000    4    2.000   1.0000         pwRep
 90.0000    0    2.000   1.0000          NULL 
 92.0000    3    2.000   1.0000         rwNov
 94.0000    0    2.000   1.0000          NULL 
 96.0000    5    2.000   1.0000         pwOrt
 98.0000    4    2.000   1.0000         pwRep
100.0000    3    2.000   1.0000         rwNov
102.0000    4    2.000   1.0000         pwRep
104.0000    0    6.000   1.0000          NULL 
110.0000    3    2.000   1.0000         rwNov
112.0000    5    2.000   1.0000         pwOrt
114.0000    1    2.000   1.0000         rwRep
116.0000    3    2.000   1.0000         rwNov
118.0000    5    2.000   1.0000         pwOrt
120.0000    1    2.000   1.0000         rwRep
122.0000    5    2.000   1.0000         pwOrt
124.0000    3    2.000   1.0000         rwNov
126.0000    0    8.000   1.0000          NULL 
134.0000    3    2.000   1.0000         rwNov
136.0000    4    2.000   1.0000         pwRep
138.0000    6    2.000   1.0000         pwNov
140.0000    2    2.000   1.0000         rwOrt
142.0000    4    2.000   1.0000         pwRep
144.0000    2    2.000   1.0000         rwOrt
146.0000    0    2.000   1.0000          NULL 
148.0000    2    2.000   1.0000         rwOrt
150.0000    1    2.000   1.0000         rwRep
152.0000    4    2.000   1.0000         pwRep
154.0000    3    2.000   1.0000         rwNov
156.0000    6    2.000   1.0000         pwNov
158.0000    4    2.000   1.0000         pwRep
160.0000    6    2.000   1.0000         pwNov
162.0000    4    2.000   1.0000         pwRep
164.0000    0    2.000   1.0000          NULL 
166.0000    4    2.000   1.0000         pwRep
168.0000    6    2.000   1.0000         pwNov
170.0000    0    4.000   1.0000          NULL 
174.0000    4    2.000   1.0000         pwRep
176.0000    3    2.000   1.0000         rwNov
178.0000    1    2.000   1.0000         rwRep
180.0000    0    2.000   1.0000          NULL 
182.0000    2    2.000   1.0000         rwOrt
184.0000    6    2.000   1.0000         pwNov
186.0000    0    4.000   1.0000          NULL 
190.0000    3    2.000   1.0000         rwNov
192.0000    6    2.000   1.0000         pwNov
194.0000    0    2.000   1.0000          NULL 
196.0000    4    2.000   1.0000         pwRep
198.0000    2    2.000   1.0000         rwOrt
200.0000    0    2.000   1.0000          NULL 
202.0000    6    2.000   1.0000         pwNov
204.0000    6    2.000   1.0000         pwNov
206.0000    0    4.000   1.0000          NULL 
210.0000    5    2.000   1.0000         pwOrt
212.0000    0    4.000   1.0000          NULL 
216.0000    3    2.000   1.0000         rwNov
218.0000    0    2.000   1.0000          NULL 
220.0000    4    2.000   1.0000         pwRep
222.0000    6    2.000   1.0000         pwNov
224.0000    1    2.000   1.0000         rwRep
226.0000    5    2.000   1.0000         pwOrt
228.0000    6    2.000   1.0000         pwNov
230.0000    0    2.000   1.0000          NULL 
232.0000    5    2.000   1.0000         pwOrt
234.0000    6    2.000   1.0000         pwNov
236.0000    1    2.000   1.0000         rwRep
238.0000    5    2.000   1.0000         pwOrt
240.0000    0    4.000   1.0000          NULL 
244.0000    1    2.000   1.0000         rwRep
246.0000    1    2.000   1.0000         rwRep
248.0000    4    2.000   1.0000         pwRep
250.0000    0    2.000   1.0000          NULL 
252.0000    2    2.000   1.0000         rwOrt
254.0000    3    2.000   1.0000         rwNov
256.0000    0    4.000   1.0000          NULL 
260.0000    2    2.000   1.0000         rwOrt
262.0000    0    4.000   1.0000          NULL 
266.0000    6    2.000   1.0000         pwNov
268.0000    6    2.000   1.0000         pwNov
270.0000    6    2.000   1.0000         pwNov
272.0000    3    2.000   1.0000         rwNov
274.0000    0    4.000   1.0000          NULL 
278.0000    4    2.000   1.0000         pwRep
280.0000    2    2.000   1.0000         rwOrt
282.0000    0    2.000   1.0000          NULL 
284.0000    5    2.000   1.0000         pwOrt
286.0000    0    2.000   1.0000          NULL 
288.0000    1    2.000   1.0000         rwRep
290.0000    5    2.000   1.0000         pwOrt
292.0000    0    6.000   1.0000          NULL 
298.0000    6    2.000   1.0000         pwNov
300.0000    5    2.000   1.0000         pwOrt
302.0000    4    2.000   1.0000         pwRep
304.0000    0    2.000   1.0000          NULL 
306.0000    1    2.000   1.0000         rwRep
308.0000    3    2.000   1.0000         rwNov
310.0000    5    2.000   1.0000         pwOrt
312.0000    5    2.000   1.0000         pwOrt
314.0000    1    2.000   1.0000         rwRep
316.0000    6    2.000   1.0000         pwNov
318.0000    2    2.000   1.0000         rwOrt
320.0000    3    2.000   1.0000         rwNov
322.0000    3    2.000   1.0000         rwNov
324.0000    2    2.000   1.0000         rwOrt
326.0000    3    2.000   1.0000         rwNov
328.0000    3    2.000   1.0000         rwNov
330.0000    0    2.000   1.0000          NULL 
332.0000    3    2.000   1.0000         rwNov
334.0000    0    2.000   1.0000          NULL 
336.0000    1    2.000   1.0000         rwRep
338.0000    0    2.000   1.0000          NULL 
340.0000    4    2.000   1.0000         pwRep
342.0000    2    2.000   1.0000         rwOrt
344.0000    2    2.000   1.0000         rwOrt
346.0000    0    4.000   1.0000          NULL 
350.0000    4    2.000   1.0000         pwRep
352.0000    0    2.000   1.0000          NULL 
354.0000    5    2.000   1.0000         pwOrt
356.0000    2    2.000   1.0000         rwOrt
358.0000    0    2.000   1.0000          NULL 
