  0.0000    3    2.000   1.0000         rwNov
  2.0000    1    2.000   1.0000         rwRep
  4.0000    5    2.000   1.0000         pwOrt
  6.0000    2    2.000   1.0000         rwOrt
  8.0000    1    2.000   1.0000         rwRep
 10.0000    0    4.000   1.0000          NULL 
 14.0000    2    2.000   1.0000         rwOrt
 16.0000    1    2.000   1.0000         rwRep
 18.0000    0    4.000   1.0000          NULL 
 22.0000    6    2.000   1.0000         pwNov
 24.0000    6    2.000   1.0000         pwNov
 26.0000    1    2.000   1.0000         rwRep
 28.0000    0    2.000   1.0000          NULL 
 30.0000    3    2.000   1.0000         rwNov
 32.0000    0    4.000   1.0000          NULL 
 36.0000    3    2.000   1.0000         rwNov
 38.0000    6    2.000   1.0000         pwNov
 40.0000    0    2.000   1.0000          NULL 
 42.0000    5    2.000   1.0000         pwOrt
 44.0000    6    2.000   1.0000         pwNov
 46.0000    3    2.000   1.0000         rwNov
 48.0000    1    2.000   1.0000         rwRep
 50.0000    4    2.000   1.0000         pwRep
 52.0000    2    2.000   1.0000         rwOrt
 54.0000    0    2.000   1.0000          NULL 
 56.0000    2    2.000   1.0000         rwOrt
 58.0000    2    2.000   1.0000         rwOrt
 60.0000    4    2.000   1.0000         pwRep
 62.0000    3    2.000   1.0000         rwNov
 64.0000    1    2.000   1.0000         rwRep
 66.0000    1    2.000   1.0000         rwRep
 68.0000    0    4.000   1.0000          NULL 
 72.0000    3    2.000   1.0000         rwNov
 74.0000    0    2.000   1.0000          NULL 
 76.0000    5    2.000   1.0000         pwOrt
 78.0000    4    2.000   1.0000         pwRep
 80.0000    2    2.000   1.0000         rwOrt
 82.0000    1    2.000   1.0000         rwRep
 84.0000    0    2.000   1.0000          NULL 
 86.0000    1    2.000   1.0000         rwRep
 88.0000    3    2.000   1.0000         rwNov
 90.0000    4    2.000   1.0000         pwRep
 92.0000    6    2.000   1.0000         pwNov
 94.0000    0    2.000   1.0000          NULL 
 96.0000    3    2.000   1.0000         rwNov
 98.0000    0    2.000   1.0000          NULL 
100.0000    3    2.000   1.0000         rwNov
102.0000    2    2.000   1.0000         rwOrt
104.0000    2    2.000   1.0000         rwOrt
106.0000    0    2.000   1.0000          NULL 
108.0000    5    2.000   1.0000         pwOrt
110.0000    2    2.000   1.0000         rwOrt
112.0000    6    2.000   1.0000         pwNov
114.0000    0    2.000   1.0000          NULL 
116.0000    4    2.000   1.0000         pwRep
118.0000    0    2.000   1.0000          NULL 
120.0000    1    2.000   1.0000         rwRep
122.0000    1    2.000   1.0000         rwRep
124.0000    4    2.000   1.0000         pwRep
126.0000    3    2.000   1.0000         rwNov
128.0000    0    2.000   1.0000          NULL 
130.0000    5    2.000   1.0000         pwOrt
132.0000    3    2.000   1.0000         rwNov
134.0000    4    2.000   1.0000         pwRep
136.0000    4    2.000   1.0000         pwRep
138.0000    0    2.000   1.0000          NULL 
140.0000    5    2.000   1.0000         pwOrt
142.0000    0    8.000   1.0000          NULL 
150.0000    1    2.000   1.0000         rwRep
152.0000    0    2.000   1.0000          NULL 
154.0000    6    2.000   1.0000         pwNov
156.0000    2    2.000   1.0000         rwOrt
158.0000    3    2.000   1.0000         rwNov
160.0000    2    2.000   1.0000         rwOrt
162.0000    1    2.000   1.0000         rwRep
164.0000    4    2.000   1.0000         pwRep
166.0000    4    2.000   1.0000         pwRep
168.0000    6    2.000   1.0000         pwNov
170.0000    0    2.000   1.0000          NULL 
172.0000    4    2.000   1.0000         pwRep
174.0000    1    2.000   1.0000         rwRep
176.0000    5    2.000   1.0000         pwOrt
178.0000    4    2.000   1.0000         pwRep
180.0000    5    2.000   1.0000         pwOrt
182.0000    6    2.000   1.0000         pwNov
184.0000    3    2.000   1.0000         rwNov
186.0000    3    2.000   1.0000         rwNov
188.0000    2    2.000   1.0000         rwOrt
190.0000    0    2.000   1.0000          NULL 
192.0000    1    2.000   1.0000         rwRep
194.0000    0    4.000   1.0000          NULL 
198.0000    4    2.000   1.0000         pwRep
200.0000    4    2.000   1.0000         pwRep
202.0000    0    4.000   1.0000          NULL 
206.0000    6    2.000   1.0000         pwNov
208.0000    0    2.000   1.0000          NULL 
210.0000    5    2.000   1.0000         pwOrt
212.0000    4    2.000   1.0000         pwRep
214.0000    0    2.000   1.0000          NULL 
216.0000    4    2.000   1.0000         pwRep
218.0000    2    2.000   1.0000         rwOrt
220.0000    3    2.000   1.0000         rwNov
222.0000    0    6.000   1.0000          NULL 
228.0000    1    2.000   1.0000         rwRep
230.0000    6    2.000   1.0000         pwNov
232.0000    4    2.000   1.0000         pwRep
234.0000    2    2.000   1.0000         rwOrt
236.0000    2    2.000   1.0000         rwOrt
238.0000    0    6.000   1.0000          NULL 
244.0000    2    2.000   1.0000         rwOrt
246.0000    3    2.000   1.0000         rwNov
248.0000    5    2.000   1.0000         pwOrt
250.0000    3    2.000   1.0000         rwNov
252.0000    6    2.000   1.0000         pwNov
254.0000    0    2.000   1.0000          NULL 
256.0000    2    2.000   1.0000         rwOrt
258.0000    6    2.000   1.0000         pwNov
260.0000    0    2.000   1.0000          NULL 
262.0000    6    2.000   1.0000         pwNov
264.0000    5    2.000   1.0000         pwOrt
266.0000    0    2.000   1.0000          NULL 
268.0000    3    2.000   1.0000         rwNov
270.0000    1    2.000   1.0000         rwRep
272.0000    0    4.000   1.0000          NULL 
276.0000    1    2.000   1.0000         rwRep
278.0000    0    2.000   1.0000          NULL 
280.0000    5    2.000   1.0000         pwOrt
282.0000    1    2.000   1.0000         rwRep
284.0000    0    2.000   1.0000          NULL 
286.0000    2    2.000   1.0000         rwOrt
288.0000    6    2.000   1.0000         pwNov
290.0000    0    2.000   1.0000          NULL 
292.0000    2    2.000   1.0000         rwOrt
294.0000    0    2.000   1.0000          NULL 
296.0000    4    2.000   1.0000         pwRep
298.0000    5    2.000   1.0000         pwOrt
300.0000    5    2.000   1.0000         pwOrt
302.0000    0    2.000   1.0000          NULL 
304.0000    5    2.000   1.0000         pwOrt
306.0000    0    4.000   1.0000          NULL 
310.0000    5    2.000   1.0000         pwOrt
312.0000    0    8.000   1.0000          NULL 
320.0000    3    2.000   1.0000         rwNov
322.0000    4    2.000   1.0000         pwRep
324.0000    5    2.000   1.0000         pwOrt
326.0000    5    2.000   1.0000         pwOrt
328.0000    1    2.000   1.0000         rwRep
330.0000    6    2.000   1.0000         pwNov
332.0000    0    2.000   1.0000          NULL 
334.0000    6    2.000   1.0000         pwNov
336.0000    6    2.000   1.0000         pwNov
338.0000    5    2.000   1.0000         pwOrt
340.0000    4    2.000   1.0000         pwRep
342.0000    0    2.000   1.0000          NULL 
344.0000    2    2.000   1.0000         rwOrt
346.0000    6    2.000   1.0000         pwNov
348.0000    0    2.000   1.0000          NULL 
350.0000    5    2.000   1.0000         pwOrt
352.0000    0    4.000   1.0000          NULL 
356.0000    6    2.000   1.0000         pwNov
358.0000    3    2.000   1.0000         rwNov
