  0.0000    4    2.000   1.0000         pwRep
  2.0000    6    2.000   1.0000         pwNov
  4.0000    3    2.000   1.0000         rwNov
  6.0000    3    2.000   1.0000         rwNov
  8.0000    3    2.000   1.0000         rwNov
 10.0000    0    2.000   1.0000          NULL 
 12.0000    2    2.000   1.0000         rwOrt
 14.0000    5    2.000   1.0000         pwOrt
 16.0000    4    2.000   1.0000         pwRep
 18.0000    0    2.000   1.0000          NULL 
 20.0000    2    2.000   1.0000         rwOrt
 22.0000    1    2.000   1.0000         rwRep
 24.0000    0    2.000   1.0000          NULL 
 26.0000    3    2.000   1.0000         rwNov
 28.0000    3    2.000   1.0000         rwNov
 30.0000    0    2.000   1.0000          NULL 
 32.0000    4    2.000   1.0000         pwRep
 34.0000    4    2.000   1.0000         pwRep
 36.0000    5    2.000   1.0000         pwOrt
 38.0000    5    2.000   1.0000         pwOrt
 40.0000    0    4.000   1.0000          NULL 
 44.0000    4    2.000   1.0000         pwRep
 46.0000    6    2.000   1.0000         pwNov
 48.0000    0    2.000   1.0000          NULL 
 50.0000    1    2.000   1.0000         rwRep
 52.0000    6    2.000   1.0000         pwNov
 54.0000    6    2.000   1.0000         pwNov
 56.0000    0    6.000   1.0000          NULL 
 62.0000    1    2.000   1.0000         rwRep
 64.0000    4    2.000   1.0000         pwRep
 66.0000    2    2.000   1.0000         rwOrt
 68.0000    6    2.000   1.0000         pwNov
 70.0000    0    2.000   1.0000          NULL 
 72.0000    4    2.000   1.0000         pwRep
 74.0000    0    2.000   1.0000          NULL 
 76.0000    1    2.000   1.0000         rwRep
 78.0000    0    2.000   1.0000          NULL 
 80.0000    1    2.000   1.0000         rwRep
 82.0000    5    2.000   1.0000         pwOrt
 84.0000    5    2.000   1.0000         pwOrt
 86.0000    1    2.000   1.0000         rwRep
 88.0000    0    2.000   1.0000          NULL 
 90.0000    5    2.000   1.0000         pwOrt
 92.0000    0    2.000   1.0000          NULL 
 94.0000    4    2.000   1.0000         pwRep
 96.0000    0    4.000   1.0000          NULL 
100.0000    3    2.000   1.0000         rwNov
102.0000    4    2.000   1.0000         pwRep
104.0000    5    2.000   1.0000         pwOrt
106.0000    3    2.000   1.0000         rwNov
108.0000    6    2.000   1.0000         pwNov
110.0000    0    4.000   1.0000          NULL 
114.0000    6    2.000   1.0000         pwNov
116.0000    3    2.000   1.0000         rwNov
118.0000    3    2.000   1.0000         rwNov
120.0000    1    2.000   1.0000         rwRep
122.0000    3    2.000   1.0000         rwNov
124.0000    0    2.000   1.0000          NULL 
126.0000    2    2.000   1.0000         rwOrt
128.0000    6    2.000   1.0000         pwNov
130.0000    0    2.000   1.0000          NULL 
132.0000    6    2.000   1.0000         pwNov
134.0000    5    2.000   1.0000         pwOrt
136.0000    2    2.000   1.0000         rwOrt
138.0000    4    2.000   1.0000         pwRep
140.0000    6    2.000   1.0000         pwNov
142.0000    0    4.000   1.0000          NULL 
146.0000    4    2.000   1.0000         pwRep
148.0000    3    2.000   1.0000         rwNov
150.0000    0    2.000   1.0000          NULL 
152.0000    6    2.000   1.0000         pwNov
154.0000    0    2.000   1.0000          NULL 
156.0000    1    2.000   1.0000         rwRep
158.0000    4    2.000   1.0000         pwRep
160.0000    3    2.000   1.0000         rwNov
162.0000    2    2.000   1.0000         rwOrt
164.0000    2    2.000   1.0000         rwOrt
166.0000    5    2.000   1.0000         pwOrt
168.0000    3    2.000   1.0000         rwNov
170.0000    0    2.000   1.0000          NULL 
172.0000    5    2.000   1.0000         pwOrt
174.0000    2    2.000   1.0000         rwOrt
176.0000    0    4.000   1.0000          NULL 
180.0000    5    2.000   1.0000         pwOrt
182.0000    6    2.000   1.0000         pwNov
184.0000    4    2.000   1.0000         pwRep
186.0000    2    2.000   1.0000         rwOrt
188.0000    1    2.000   1.0000         rwRep
190.0000    2    2.000   1.0000         rwOrt
192.0000    3    2.000   1.0000         rwNov
194.0000    1    2.000   1.0000         rwRep
196.0000    1    2.000   1.0000         rwRep
198.0000    0    2.000   1.0000          NULL 
200.0000    5    2.000   1.0000         pwOrt
202.0000    5    2.000   1.0000         pwOrt
204.0000    0    4.000   1.0000          NULL 
208.0000    2    2.000   1.0000         rwOrt
210.0000    0    2.000   1.0000          NULL 
212.0000    4    2.000   1.0000         pwRep
214.0000    0    4.000   1.0000          NULL 
218.0000    5    2.000   1.0000         pwOrt
220.0000    0    2.000   1.0000          NULL 
222.0000    3    2.000   1.0000         rwNov
224.0000    1    2.000   1.0000         rwRep
226.0000    0    2.000   1.0000          NULL 
228.0000    1    2.000   1.0000         rwRep
230.0000    0    2.000   1.0000          NULL 
232.0000    4    2.000   1.0000         pwRep
234.0000    4    2.000   1.0000         pwRep
236.0000    6    2.000   1.0000         pwNov
238.0000    0    4.000   1.0000          NULL 
242.0000    2    2.000   1.0000         rwOrt
244.0000    3    2.000   1.0000         rwNov
246.0000    6    2.000   1.0000         pwNov
248.0000    6    2.000   1.0000         pwNov
250.0000    3    2.000   1.0000         rwNov
252.0000    6    2.000   1.0000         pwNov
254.0000    4    2.000   1.0000         pwRep
256.0000    0    2.000   1.0000          NULL 
258.0000    4    2.000   1.0000         pwRep
260.0000    0    4.000   1.0000          NULL 
264.0000    1    2.000   1.0000         rwRep
266.0000    5    2.000   1.0000         pwOrt
268.0000    0    2.000   1.0000          NULL 
270.0000    3    2.000   1.0000         rwNov
272.0000    4    2.000   1.0000         pwRep
274.0000    5    2.000   1.0000         pwOrt
276.0000    0    6.000   1.0000          NULL 
282.0000    6    2.000   1.0000         pwNov
284.0000    5    2.000   1.0000         pwOrt
286.0000    0    2.000   1.0000          NULL 
288.0000    2    2.000   1.0000         rwOrt
290.0000    0    2.000   1.0000          NULL 
292.0000    5    2.000   1.0000         pwOrt
294.0000    0    2.000   1.0000          NULL 
296.0000    2    2.000   1.0000         rwOrt
298.0000    5    2.000   1.0000         pwOrt
300.0000    2    2.000   1.0000         rwOrt
302.0000    0    6.000   1.0000          NULL 
308.0000    5    2.000   1.0000         pwOrt
310.0000    0    2.000   1.0000          NULL 
312.0000    3    2.000   1.0000         rwNov
314.0000    0    6.000   1.0000          NULL 
320.0000    1    2.000   1.0000         rwRep
322.0000    1    2.000   1.0000         rwRep
324.0000    6    2.000   1.0000         pwNov
326.0000    3    2.000   1.0000         rwNov
328.0000    1    2.000   1.0000         rwRep
330.0000    6    2.000   1.0000         pwNov
332.0000    2    2.000   1.0000         rwOrt
334.0000    1    2.000   1.0000         rwRep
336.0000    0    2.000   1.0000          NULL 
338.0000    1    2.000   1.0000         rwRep
340.0000    0    2.000   1.0000          NULL 
342.0000    2    2.000   1.0000         rwOrt
344.0000    1    2.000   1.0000         rwRep
346.0000    2    2.000   1.0000         rwOrt
348.0000    2    2.000   1.0000         rwOrt
350.0000    6    2.000   1.0000         pwNov
352.0000    4    2.000   1.0000         pwRep
354.0000    2    2.000   1.0000         rwOrt
356.0000    0    4.000   1.0000          NULL 
