  0.0000    4    2.000   1.0000         pwRep
  2.0000    4    2.000   1.0000         pwRep
  4.0000    6    2.000   1.0000         pwNov
  6.0000    2    2.000   1.0000         rwOrt
  8.0000    0    2.000   1.0000          NULL 
 10.0000    2    2.000   1.0000         rwOrt
 12.0000    1    2.000   1.0000         rwRep
 14.0000    6    2.000   1.0000         pwNov
 16.0000    4    2.000   1.0000         pwRep
 18.0000    3    2.000   1.0000         rwNov
 20.0000    4    2.000   1.0000         pwRep
 22.0000    2    2.000   1.0000         rwOrt
 24.0000    0    2.000   1.0000          NULL 
 26.0000    2    2.000   1.0000         rwOrt
 28.0000    6    2.000   1.0000         pwNov
 30.0000    0    2.000   1.0000          NULL 
 32.0000    5    2.000   1.0000         pwOrt
 34.0000    0    2.000   1.0000          NULL 
 36.0000    5    2.000   1.0000         pwOrt
 38.0000    4    2.000   1.0000         pwRep
 40.0000    4    2.000   1.0000         pwRep
 42.0000    5    2.000   1.0000         pwOrt
 44.0000    3    2.000   1.0000         rwNov
 46.0000    5    2.000   1.0000         pwOrt
 48.0000    2    2.000   1.0000         rwOrt
 50.0000    5    2.000   1.0000         pwOrt
 52.0000    5    2.000   1.0000         pwOrt
 54.0000    0    2.000   1.0000          NULL 
 56.0000    2    2.000   1.0000         rwOrt
 58.0000    3    2.000   1.0000         rwNov
 60.0000    6    2.000   1.0000         pwNov
 62.0000    0    2.000   1.0000          NULL 
 64.0000    4    2.000   1.0000         pwRep
 66.0000    1    2.000   1.0000         rwRep
 68.0000    0    2.000   1.0000          NULL 
 70.0000    5    2.000   1.0000         pwOrt
 72.0000    0    8.000   1.0000          NULL 
 80.0000    2    2.000   1.0000         rwOrt
 82.0000    0    2.000   1.0000          NULL 
 84.0000    3    2.000   1.0000         rwNov
 86.0000    0    2.000   1.0000          NULL 
 88.0000    3    2.000   1.0000         rwNov
 90.0000    0    2.000   1.0000          NULL 
 92.0000    1    2.000   1.0000         rwRep
 94.0000    5    2.000   1.0000         pwOrt
 96.0000    0    2.000   1.0000          NULL 
 98.0000    2    2.000   1.0000         rwOrt
100.0000    0    2.000   1.0000          NULL 
102.0000    5    2.000   1.0000         pwOrt
104.0000    4    2.000   1.0000         pwRep
106.0000    5    2.000   1.0000         pwOrt
108.0000    0    4.000   1.0000          NULL 
112.0000    6    2.000   1.0000         pwNov
114.0000    4    2.000   1.0000         pwRep
116.0000    0    2.000   1.0000          NULL 
118.0000    3    2.000   1.0000         rwNov
120.0000    2    2.000   1.0000         rwOrt
122.0000    3    2.000   1.0000         rwNov
124.0000    4    2.000   1.0000         pwRep
126.0000    1    2.000   1.0000         rwRep
128.0000    3    2.000   1.0000         rwNov
130.0000    2    2.000   1.0000         rwOrt
132.0000    6    2.000   1.0000         pwNov
134.0000    0    2.000   1.0000          NULL 
136.0000    3    2.000   1.0000         rwNov
138.0000    0    4.000   1.0000          NULL 
142.0000    1    2.000   1.0000         rwRep
144.0000    5    2.000   1.0000         pwOrt
146.0000    3    2.000   1.0000         rwNov
148.0000    0    2.000   1.0000          NULL 
150.0000    6    2.000   1.0000         pwNov
152.0000    0    6.000   1.0000          NULL 
158.0000    5    2.000   1.0000         pwOrt
160.0000    1    2.000   1.0000         rwRep
162.0000    0    4.000   1.0000          NULL 
166.0000    4    2.000   1.0000         pwRep
168.0000    2    2.000   1.0000         rwOrt
170.0000    5    2.000   1.0000         pwOrt
172.0000    0    2.000   1.0000          NULL 
174.0000    1    2.000   1.0000         rwRep
176.0000    3    2.000   1.0000         rwNov
178.0000    3    2.000   1.0000         rwNov
180.0000    0    4.000   1.0000          NULL 
184.0000    6    2.000   1.0000         pwNov
186.0000    0    2.000   1.0000          NULL 
188.0000    2    2.000   1.0000         rwOrt
190.0000    4    2.000   1.0000         pwRep
192.0000    0    2.000   1.0000          NULL 
194.0000    3    2.000   1.0000         rwNov
196.0000    4    2.000   1.0000         pwRep
198.0000    3    2.000   1.0000         rwNov
200.0000    0    2.000   1.0000          NULL 
202.0000    6    2.000   1.0000         pwNov
204.0000    3    2.000   1.0000         rwNov
206.0000    0    2.000   1.0000          NULL 
208.0000    1    2.000   1.0000         rwRep
210.0000    2    2.000   1.0000         rwOrt
212.0000    0    2.000   1.0000          NULL 
214.0000    2    2.000   1.0000         rwOrt
216.0000    0    2.000   1.0000          NULL 
218.0000    4    2.000   1.0000         pwRep
220.0000    0    2.000   1.0000          NULL 
222.0000    1    2.000   1.0000         rwRep
224.0000    0    2.000   1.0000          NULL 
226.0000    3    2.000   1.0000         rwNov
228.0000    1    2.000   1.0000         rwRep
230.0000    0    2.000   1.0000          NULL 
232.0000    1    2.000   1.0000         rwRep
234.0000    0    2.000   1.0000          NULL 
236.0000    6    2.000   1.0000         pwNov
238.0000    0    2.000   1.0000          NULL 
240.0000    1    2.000   1.0000         rwRep
242.0000    5    2.000   1.0000         pwOrt
244.0000    5    2.000   1.0000         pwOrt
246.0000    2    2.000   1.0000         rwOrt
248.0000    1    2.000   1.0000         rwRep
250.0000    1    2.000   1.0000         rwRep
252.0000    6    2.000   1.0000         pwNov
254.0000    0    2.000   1.0000          NULL 
256.0000    1    2.000   1.0000         rwRep
258.0000    2    2.000   1.0000         rwOrt
260.0000    0    8.000   1.0000          NULL 
268.0000    3    2.000   1.0000         rwNov
270.0000    4    2.000   1.0000         pwRep
272.0000    1    2.000   1.0000         rwRep
274.0000    0    4.000   1.0000          NULL 
278.0000    4    2.000   1.0000         pwRep
280.0000    0    2.000   1.0000          NULL 
282.0000    6    2.000   1.0000         pwNov
284.0000    5    2.000   1.0000         pwOrt
286.0000    1    2.000   1.0000         rwRep
288.0000    0    2.000   1.0000          NULL 
290.0000    5    2.000   1.0000         pwOrt
292.0000    6    2.000   1.0000         pwNov
294.0000    3    2.000   1.0000         rwNov
296.0000    6    2.000   1.0000         pwNov
298.0000    0    2.000   1.0000          NULL 
300.0000    6    2.000   1.0000         pwNov
302.0000    5    2.000   1.0000         pwOrt
304.0000    5    2.000   1.0000         pwOrt
306.0000    1    2.000   1.0000         rwRep
308.0000    0    4.000   1.0000          NULL 
312.0000    1    2.000   1.0000         rwRep
314.0000    3    2.000   1.0000         rwNov
316.0000    0    2.000   1.0000          NULL 
318.0000    1    2.000   1.0000         rwRep
320.0000    4    2.000   1.0000         pwRep
322.0000    5    2.000   1.0000         pwOrt
324.0000    6    2.000   1.0000         pwNov
326.0000    6    2.000   1.0000         pwNov
328.0000    2    2.000   1.0000         rwOrt
330.0000    4    2.000   1.0000         pwRep
332.0000    0    2.000   1.0000          NULL 
334.0000    6    2.000   1.0000         pwNov
336.0000    4    2.000   1.0000         pwRep
338.0000    2    2.000   1.0000         rwOrt
340.0000    6    2.000   1.0000         pwNov
342.0000    2    2.000   1.0000         rwOrt
344.0000    2    2.000   1.0000         rwOrt
346.0000    3    2.000   1.0000         rwNov
348.0000    0    2.000   1.0000          NULL 
350.0000    4    2.000   1.0000         pwRep
352.0000    6    2.000   1.0000         pwNov
354.0000    0    6.000   1.0000          NULL 
