  0.0000    3    2.000   1.0000         rwNov
  2.0000    6    2.000   1.0000         pwNov
  4.0000    2    2.000   1.0000         rwOrt
  6.0000    2    2.000   1.0000         rwOrt
  8.0000    4    2.000   1.0000         pwRep
 10.0000    2    2.000   1.0000         rwOrt
 12.0000    0    4.000   1.0000          NULL 
 16.0000    4    2.000   1.0000         pwRep
 18.0000    0    2.000   1.0000          NULL 
 20.0000    2    2.000   1.0000         rwOrt
 22.0000    2    2.000   1.0000         rwOrt
 24.0000    0    2.000   1.0000          NULL 
 26.0000    1    2.000   1.0000         rwRep
 28.0000    4    2.000   1.0000         pwRep
 30.0000    0    4.000   1.0000          NULL 
 34.0000    5    2.000   1.0000         pwOrt
 36.0000    2    2.000   1.0000         rwOrt
 38.0000    0    4.000   1.0000          NULL 
 42.0000    2    2.000   1.0000         rwOrt
 44.0000    0    2.000   1.0000          NULL 
 46.0000    2    2.000   1.0000         rwOrt
 48.0000    1    2.000   1.0000         rwRep
 50.0000    1    2.000   1.0000         rwRep
 52.0000    3    2.000   1.0000         rwNov
 54.0000    5    2.000   1.0000         pwOrt
 56.0000    3    2.000   1.0000         rwNov
 58.0000    0    2.000   1.0000          NULL 
 60.0000    5    2.000   1.0000         pwOrt
 62.0000    0    4.000   1.0000          NULL 
 66.0000    1    2.000   1.0000         rwRep
 68.0000    3    2.000   1.0000         rwNov
 70.0000    5    2.000   1.0000         pwOrt
 72.0000    4    2.000   1.0000         pwRep
 74.0000    3    2.000   1.0000         rwNov
 76.0000    3    2.000   1.0000         rwNov
 78.0000    0    2.000   1.0000          NULL 
 80.0000    5    2.000   1.0000         pwOrt
 82.0000    2    2.000   1.0000         rwOrt
 84.0000    3    2.000   1.0000         rwNov
 86.0000    0    2.000   1.0000          NULL 
 88.0000    6    2.000   1.0000         pwNov
 90.0000    0    2.000   1.0000          NULL 
 92.0000    4    2.000   1.0000         pwRep
 94.0000    5    2.000   1.0000         pwOrt
 96.0000    5    2.000   1.0000         pwOrt
 98.0000    0    4.000   1.0000          NULL 
102.0000    3    2.000   1.0000         rwNov
104.0000    3    2.000   1.0000         rwNov
106.0000    2    2.000   1.0000         rwOrt
108.0000    1    2.000   1.0000         rwRep
110.0000    0    6.000   1.0000          NULL 
116.0000    5    2.000   1.0000         pwOrt
118.0000    0    4.000   1.0000          NULL 
122.0000    6    2.000   1.0000         pwNov
124.0000    2    2.000   1.0000         rwOrt
126.0000    4    2.000   1.0000         pwRep
128.0000    0    2.000   1.0000          NULL 
130.0000    6    2.000   1.0000         pwNov
132.0000    6    2.000   1.0000         pwNov
134.0000    6    2.000   1.0000         pwNov
136.0000    0    4.000   1.0000          NULL 
140.0000    2    2.000   1.0000         rwOrt
142.0000    2    2.000   1.0000         rwOrt
144.0000    5    2.000   1.0000         pwOrt
146.0000    3    2.000   1.0000         rwNov
148.0000    0    2.000   1.0000          NULL 
150.0000    2    2.000   1.0000         rwOrt
152.0000    5    2.000   1.0000         pwOrt
154.0000    5    2.000   1.0000         pwOrt
156.0000    0    2.000   1.0000          NULL 
158.0000    4    2.000   1.0000         pwRep
160.0000    0    2.000   1.0000          NULL 
162.0000    2    2.000   1.0000         rwOrt
164.0000    6    2.000   1.0000         pwNov
166.0000    0    2.000   1.0000          NULL 
168.0000    4    2.000   1.0000         pwRep
170.0000    0    4.000   1.0000          NULL 
174.0000    5    2.000   1.0000         pwOrt
176.0000    0    2.000   1.0000          NULL 
178.0000    3    2.000   1.0000         rwNov
180.0000    1    2.000   1.0000         rwRep
182.0000    4    2.000   1.0000         pwRep
184.0000    0    4.000   1.0000          NULL 
188.0000    5    2.000   1.0000         pwOrt
190.0000    1    2.000   1.0000         rwRep
192.0000    3    2.000   1.0000         rwNov
194.0000    1    2.000   1.0000         rwRep
196.0000    1    2.000   1.0000         rwRep
198.0000    0    2.000   1.0000          NULL 
200.0000    1    2.000   1.0000         rwRep
202.0000    6    2.000   1.0000         pwNov
204.0000    0    2.000   1.0000          NULL 
206.0000    5    2.000   1.0000         pwOrt
208.0000    1    2.000   1.0000         rwRep
210.0000    4    2.000   1.0000         pwRep
212.0000    0    4.000   1.0000          NULL 
216.0000    5    2.000   1.0000         pwOrt
218.0000    4    2.000   1.0000         pwRep
220.0000    3    2.000   1.0000         rwNov
222.0000    0    2.000   1.0000          NULL 
224.0000    1    2.000   1.0000         rwRep
226.0000    1    2.000   1.0000         rwRep
228.0000    2    2.000   1.0000         rwOrt
230.0000    6    2.000   1.0000         pwNov
232.0000    0    4.000   1.0000          NULL 
236.0000    3    2.000   1.0000         rwNov
238.0000    1    2.000   1.0000         rwRep
240.0000    1    2.000   1.0000         rwRep
242.0000    5    2.000   1.0000         pwOrt
244.0000    0    2.000   1.0000          NULL 
246.0000    6    2.000   1.0000         pwNov
248.0000    0    2.000   1.0000          NULL 
250.0000    1    2.000   1.0000         rwRep
252.0000    0    2.000   1.0000          NULL 
254.0000    3    2.000   1.0000         rwNov
256.0000    4    2.000   1.0000         pwRep
258.0000    0    4.000   1.0000          NULL 
262.0000    6    2.000   1.0000         pwNov
264.0000    1    2.000   1.0000         rwRep
266.0000    0    2.000   1.0000          NULL 
268.0000    6    2.000   1.0000         pwNov
270.0000    1    2.000   1.0000         rwRep
272.0000    6    2.000   1.0000         pwNov
274.0000    6    2.000   1.0000         pwNov
276.0000    4    2.000   1.0000         pwRep
278.0000    5    2.000   1.0000         pwOrt
280.0000    6    2.000   1.0000         pwNov
282.0000    2    2.000   1.0000         rwOrt
284.0000    0    4.000   1.0000          NULL 
288.0000    4    2.000   1.0000         pwRep
290.0000    4    2.000   1.0000         pwRep
292.0000    3    2.000   1.0000         rwNov
294.0000    2    2.000   1.0000         rwOrt
296.0000    0    6.000   1.0000          NULL 
302.0000    6    2.000   1.0000         pwNov
304.0000    0    2.000   1.0000          NULL 
306.0000    3    2.000   1.0000         rwNov
308.0000    4    2.000   1.0000         pwRep
310.0000    5    2.000   1.0000         pwOrt
312.0000    1    2.000   1.0000         rwRep
314.0000    0    2.000   1.0000          NULL 
316.0000    1    2.000   1.0000         rwRep
318.0000    0    2.000   1.0000          NULL 
320.0000    2    2.000   1.0000         rwOrt
322.0000    6    2.000   1.0000         pwNov
324.0000    6    2.000   1.0000         pwNov
326.0000    6    2.000   1.0000         pwNov
328.0000    0    2.000   1.0000          NULL 
330.0000    4    2.000   1.0000         pwRep
332.0000    0    2.000   1.0000          NULL 
334.0000    4    2.000   1.0000         pwRep
336.0000    3    2.000   1.0000         rwNov
338.0000    0    4.000   1.0000          NULL 
342.0000    6    2.000   1.0000         pwNov
344.0000    5    2.000   1.0000         pwOrt
346.0000    4    2.000   1.0000         pwRep
348.0000    5    2.000   1.0000         pwOrt
350.0000    3    2.000   1.0000         rwNov
352.0000    0    2.000   1.0000          NULL 
354.0000    2    2.000   1.0000         rwOrt
356.0000    4    2.000   1.0000         pwRep
358.0000    3    2.000   1.0000         rwNov
