  0.0000    6    2.000   1.0000         pwNov
  2.0000    3    2.000   1.0000         rwNov
  4.0000    2    2.000   1.0000         rwOrt
  6.0000    3    2.000   1.0000         rwNov
  8.0000    5    2.000   1.0000         pwOrt
 10.0000    6    2.000   1.0000         pwNov
 12.0000    2    2.000   1.0000         rwOrt
 14.0000    2    2.000   1.0000         rwOrt
 16.0000    5    2.000   1.0000         pwOrt
 18.0000    3    2.000   1.0000         rwNov
 20.0000    1    2.000   1.0000         rwRep
 22.0000    0    2.000   1.0000          NULL 
 24.0000    4    2.000   1.0000         pwRep
 26.0000    4    2.000   1.0000         pwRep
 28.0000    6    2.000   1.0000         pwNov
 30.0000    0    2.000   1.0000          NULL 
 32.0000    1    2.000   1.0000         rwRep
 34.0000    6    2.000   1.0000         pwNov
 36.0000    2    2.000   1.0000         rwOrt
 38.0000    0    2.000   1.0000          NULL 
 40.0000    5    2.000   1.0000         pwOrt
 42.0000    0    2.000   1.0000          NULL 
 44.0000    2    2.000   1.0000         rwOrt
 46.0000    4    2.000   1.0000         pwRep
 48.0000    0    2.000   1.0000          NULL 
 50.0000    2    2.000   1.0000         rwOrt
 52.0000    0    2.000   1.0000          NULL 
 54.0000    5    2.000   1.0000         pwOrt
 56.0000    3    2.000   1.0000         rwNov
 58.0000    6    2.000   1.0000         pwNov
 60.0000    3    2.000   1.0000         rwNov
 62.0000    1    2.000   1.0000         rwRep
 64.0000    1    2.000   1.0000         rwRep
 66.0000    0    2.000   1.0000          NULL 
 68.0000    3    2.000   1.0000         rwNov
 70.0000    4    2.000   1.0000         pwRep
 72.0000    4    2.000   1.0000         pwRep
 74.0000    0    2.000   1.0000          NULL 
 76.0000    1    2.000   1.0000         rwRep
 78.0000    3    2.000   1.0000         rwNov
 80.0000    0    2.000   1.0000          NULL 
 82.0000    3    2.000   1.0000         rwNov
 84.0000    1    2.000   1.0000         rwRep
 86.0000    6    2.000   1.0000         pwNov
 88.0000    4    2.000   1.0000         pwRep
 90.0000    3    2.000   1.0000         rwNov
 92.0000    3    2.000   1.0000         rwNov
 94.0000    4    2.000   1.0000         pwRep
 96.0000    1    2.000   1.0000         rwRep
 98.0000    3    2.000   1.0000         rwNov
100.0000    0    2.000   1.0000          NULL 
102.0000    1    2.000   1.0000         rwRep
104.0000    0    4.000   1.0000          NULL 
108.0000    4    2.000   1.0000         pwRep
110.0000    1    2.000   1.0000         rwRep
112.0000    5    2.000   1.0000         pwOrt
114.0000    0    2.000   1.0000          NULL 
116.0000    1    2.000   1.0000         rwRep
118.0000    4    2.000   1.0000         pwRep
120.0000    0    2.000   1.0000          NULL 
122.0000    5    2.000   1.0000         pwOrt
124.0000    0    4.000   1.0000          NULL 
128.0000    2    2.000   1.0000         rwOrt
130.0000    1    2.000   1.0000         rwRep
132.0000    5    2.000   1.0000         pwOrt
134.0000    3    2.000   1.0000         rwNov
136.0000    2    2.000   1.0000         rwOrt
138.0000    0    2.000   1.0000          NULL 
140.0000    4    2.000   1.0000         pwRep
142.0000    0    4.000   1.0000          NULL 
146.0000    4    2.000   1.0000         pwRep
148.0000    6    2.000   1.0000         pwNov
150.0000    6    2.000   1.0000         pwNov
152.0000    4    2.000   1.0000         pwRep
154.0000    2    2.000   1.0000         rwOrt
156.0000    3    2.000   1.0000         rwNov
158.0000    0    2.000   1.0000          NULL 
160.0000    3    2.000   1.0000         rwNov
162.0000    3    2.000   1.0000         rwNov
164.0000    0    2.000   1.0000          NULL 
166.0000    5    2.000   1.0000         pwOrt
168.0000    6    2.000   1.0000         pwNov
170.0000    1    2.000   1.0000         rwRep
172.0000    6    2.000   1.0000         pwNov
174.0000    4    2.000   1.0000         pwRep
176.0000    0    2.000   1.0000          NULL 
178.0000    4    2.000   1.0000         pwRep
180.0000    3    2.000   1.0000         rwNov
182.0000    0    2.000   1.0000          NULL 
184.0000    5    2.000   1.0000         pwOrt
186.0000    0    4.000   1.0000          NULL 
190.0000    5    2.000   1.0000         pwOrt
192.0000    3    2.000   1.0000         rwNov
194.0000    0    2.000   1.0000          NULL 
196.0000    5    2.000   1.0000         pwOrt
198.0000    0    2.000   1.0000          NULL 
200.0000    6    2.000   1.0000         pwNov
202.0000    3    2.000   1.0000         rwNov
204.0000    5    2.000   1.0000         pwOrt
206.0000    0    2.000   1.0000          NULL 
208.0000    2    2.000   1.0000         rwOrt
210.0000    1    2.000   1.0000         rwRep
212.0000    0    2.000   1.0000          NULL 
214.0000    2    2.000   1.0000         rwOrt
216.0000    2    2.000   1.0000         rwOrt
218.0000    6    2.000   1.0000         pwNov
220.0000    0    2.000   1.0000          NULL 
222.0000    1    2.000   1.0000         rwRep
224.0000    6    2.000   1.0000         pwNov
226.0000    5    2.000   1.0000         pwOrt
228.0000    4    2.000   1.0000         pwRep
230.0000    5    2.000   1.0000         pwOrt
232.0000    6    2.000   1.0000         pwNov
234.0000    0    2.000   1.0000          NULL 
236.0000    2    2.000   1.0000         rwOrt
238.0000    2    2.000   1.0000         rwOrt
240.0000    3    2.000   1.0000         rwNov
242.0000    0    4.000   1.0000          NULL 
246.0000    5    2.000   1.0000         pwOrt
248.0000    5    2.000   1.0000         pwOrt
250.0000    0    4.000   1.0000          NULL 
254.0000    5    2.000   1.0000         pwOrt
256.0000    1    2.000   1.0000         rwRep
258.0000    5    2.000   1.0000         pwOrt
260.0000    1    2.000   1.0000         rwRep
262.0000    0    2.000   1.0000          NULL 
264.0000    6    2.000   1.0000         pwNov
266.0000    0   12.000   1.0000          NULL 
278.0000    2    2.000   1.0000         rwOrt
280.0000    0    2.000   1.0000          NULL 
282.0000    3    2.000   1.0000         rwNov
284.0000    4    2.000   1.0000         pwRep
286.0000    0    2.000   1.0000          NULL 
288.0000    1    2.000   1.0000         rwRep
290.0000    6    2.000   1.0000         pwNov
292.0000    1    2.000   1.0000         rwRep
294.0000    4    2.000   1.0000         pwRep
296.0000    0    2.000   1.0000          NULL 
298.0000    6    2.000   1.0000         pwNov
300.0000    5    2.000   1.0000         pwOrt
302.0000    6    2.000   1.0000         pwNov
304.0000    6    2.000   1.0000         pwNov
306.0000    0    2.000   1.0000          NULL 
308.0000    4    2.000   1.0000         pwRep
310.0000    2    2.000   1.0000         rwOrt
312.0000    0    2.000   1.0000          NULL 
314.0000    2    2.000   1.0000         rwOrt
316.0000    0    8.000   1.0000          NULL 
324.0000    4    2.000   1.0000         pwRep
326.0000    2    2.000   1.0000         rwOrt
328.0000    4    2.000   1.0000         pwRep
330.0000    0    4.000   1.0000          NULL 
334.0000    5    2.000   1.0000         pwOrt
336.0000    2    2.000   1.0000         rwOrt
338.0000    0    4.000   1.0000          NULL 
342.0000    1    2.000   1.0000         rwRep
344.0000    0    2.000   1.0000          NULL 
346.0000    1    2.000   1.0000         rwRep
348.0000    6    2.000   1.0000         pwNov
350.0000    0    6.000   1.0000          NULL 
356.0000    2    2.000   1.0000         rwOrt
358.0000    0    2.000   1.0000          NULL 
