  0.0000    1    2.000   1.0000         rwRep
  2.0000    2    2.000   1.0000         rwOrt
  4.0000    3    2.000   1.0000         rwNov
  6.0000    5    2.000   1.0000         pwOrt
  8.0000    0    4.000   1.0000          NULL 
 12.0000    1    2.000   1.0000         rwRep
 14.0000    0    2.000   1.0000          NULL 
 16.0000    5    2.000   1.0000         pwOrt
 18.0000    3    2.000   1.0000         rwNov
 20.0000    5    2.000   1.0000         pwOrt
 22.0000    0    2.000   1.0000          NULL 
 24.0000    1    2.000   1.0000         rwRep
 26.0000    2    2.000   1.0000         rwOrt
 28.0000    0    2.000   1.0000          NULL 
 30.0000    6    2.000   1.0000         pwNov
 32.0000    4    2.000   1.0000         pwRep
 34.0000    0    4.000   1.0000          NULL 
 38.0000    4    2.000   1.0000         pwRep
 40.0000    4    2.000   1.0000         pwRep
 42.0000    0    4.000   1.0000          NULL 
 46.0000    6    2.000   1.0000         pwNov
 48.0000    0    2.000   1.0000          NULL 
 50.0000    3    2.000   1.0000         rwNov
 52.0000    1    2.000   1.0000         rwRep
 54.0000    3    2.000   1.0000         rwNov
 56.0000    0    4.000   1.0000          NULL 
 60.0000    2    2.000   1.0000         rwOrt
 62.0000    4    2.000   1.0000         pwRep
 64.0000    0    2.000   1.0000          NULL 
 66.0000    1    2.000   1.0000         rwRep
 68.0000    1    2.000   1.0000         rwRep
 70.0000    2    2.000   1.0000         rwOrt
 72.0000    0    2.000   1.0000          NULL 
 74.0000    4    2.000   1.0000         pwRep
 76.0000    2    2.000   1.0000         rwOrt
 78.0000    1    2.000   1.0000         rwRep
 80.0000    0    2.000   1.0000          NULL 
 82.0000    1    2.000   1.0000         rwRep
 84.0000    3    2.000   1.0000         rwNov
 86.0000    3    2.000   1.0000         rwNov
 88.0000    4    2.000   1.0000         pwRep
 90.0000    1    2.000   1.0000         rwRep
 92.0000    0    2.000   1.0000          NULL 
 94.0000    4    2.000   1.0000         pwRep
 96.0000    0    2.000   1.0000          NULL 
 98.0000    6    2.000   1.0000         pwNov
100.0000    4    2.000   1.0000         pwRep
102.0000    2    2.000   1.0000         rwOrt
104.0000    3    2.000   1.0000         rwNov
106.0000    0    2.000   1.0000          NULL 
108.0000    3    2.000   1.0000         rwNov
110.0000    2    2.000   1.0000         rwOrt
112.0000    5    2.000   1.0000         pwOrt
114.0000    6    2.000   1.0000         pwNov
116.0000    2    2.000   1.0000         rwOrt
118.0000    4    2.000   1.0000         pwRep
120.0000    0    2.000   1.0000          NULL 
122.0000    2    2.000   1.0000         rwOrt
124.0000    3    2.000   1.0000         rwNov
126.0000    0    4.000   1.0000          NULL 
130.0000    5    2.000   1.0000         pwOrt
132.0000    0    2.000   1.0000          NULL 
134.0000    6    2.000   1.0000         pwNov
136.0000    5    2.000   1.0000         pwOrt
138.0000    0    2.000   1.0000          NULL 
140.0000    1    2.000   1.0000         rwRep
142.0000    0    2.000   1.0000          NULL 
144.0000    4    2.000   1.0000         pwRep
146.0000    0    4.000   1.0000          NULL 
150.0000    2    2.000   1.0000         rwOrt
152.0000    5    2.000   1.0000         pwOrt
154.0000    2    2.000   1.0000         rwOrt
156.0000    0    2.000   1.0000          NULL 
158.0000    3    2.000   1.0000         rwNov
160.0000    0    4.000   1.0000          NULL 
164.0000    4    2.000   1.0000         pwRep
166.0000    0    2.000   1.0000          NULL 
168.0000    5    2.000   1.0000         pwOrt
170.0000    0    2.000   1.0000          NULL 
172.0000    4    2.000   1.0000         pwRep
174.0000    5    2.000   1.0000         pwOrt
176.0000    2    2.000   1.0000         rwOrt
178.0000    4    2.000   1.0000         pwRep
180.0000    0    2.000   1.0000          NULL 
182.0000    5    2.000   1.0000         pwOrt
184.0000    5    2.000   1.0000         pwOrt
186.0000    5    2.000   1.0000         pwOrt
188.0000    5    2.000   1.0000         pwOrt
190.0000    0    2.000   1.0000          NULL 
192.0000    6    2.000   1.0000         pwNov
194.0000    0    4.000   1.0000          NULL 
198.0000    6    2.000   1.0000         pwNov
200.0000    1    2.000   1.0000         rwRep
202.0000    6    2.000   1.0000         pwNov
204.0000    1    2.000   1.0000         rwRep
206.0000    0    2.000   1.0000          NULL 
208.0000    6    2.000   1.0000         pwNov
210.0000    6    2.000   1.0000         pwNov
212.0000    0    2.000   1.0000          NULL 
214.0000    4    2.000   1.0000         pwRep
216.0000    0    2.000   1.0000          NULL 
218.0000    3    2.000   1.0000         rwNov
220.0000    6    2.000   1.0000         pwNov
222.0000    5    2.000   1.0000         pwOrt
224.0000    6    2.000   1.0000         pwNov
226.0000    0    2.000   1.0000          NULL 
228.0000    6    2.000   1.0000         pwNov
230.0000    1    2.000   1.0000         rwRep
232.0000    0    2.000   1.0000          NULL 
234.0000    2    2.000   1.0000         rwOrt
236.0000    0    4.000   1.0000          NULL 
240.0000    3    2.000   1.0000         rwNov
242.0000    2    2.000   1.0000         rwOrt
244.0000    2    2.000   1.0000         rwOrt
246.0000    2    2.000   1.0000         rwOrt
248.0000    6    2.000   1.0000         pwNov
250.0000    0    4.000   1.0000          NULL 
254.0000    1    2.000   1.0000         rwRep
256.0000    0    2.000   1.0000          NULL 
258.0000    1    2.000   1.0000         rwRep
260.0000    0    2.000   1.0000          NULL 
262.0000    2    2.000   1.0000         rwOrt
264.0000    1    2.000   1.0000         rwRep
266.0000    1    2.000   1.0000         rwRep
268.0000    3    2.000   1.0000         rwNov
270.0000    0    2.000   1.0000          NULL 
272.0000    5    2.000   1.0000         pwOrt
274.0000    3    2.000   1.0000         rwNov
276.0000    0    2.000   1.0000          NULL 
278.0000    6    2.000   1.0000         pwNov
280.0000    3    2.000   1.0000         rwNov
282.0000    6    2.000   1.0000         pwNov
284.0000    1    2.000   1.0000         rwRep
286.0000    6    2.000   1.0000         pwNov
288.0000    4    2.000   1.0000         pwRep
290.0000    4    2.000   1.0000         pwRep
292.0000    0    8.000   1.0000          NULL 
300.0000    2    2.000   1.0000         rwOrt
302.0000    0    2.000   1.0000          NULL 
304.0000    3    2.000   1.0000         rwNov
306.0000    6    2.000   1.0000         pwNov
308.0000    6    2.000   1.0000         pwNov
310.0000    0    2.000   1.0000          NULL 
312.0000    3    2.000   1.0000         rwNov
314.0000    2    2.000   1.0000         rwOrt
316.0000    5    2.000   1.0000         pwOrt
318.0000    5    2.000   1.0000         pwOrt
320.0000    4    2.000   1.0000         pwRep
322.0000    0    2.000   1.0000          NULL 
324.0000    3    2.000   1.0000         rwNov
326.0000    5    2.000   1.0000         pwOrt
328.0000    2    2.000   1.0000         rwOrt
330.0000    0    4.000   1.0000          NULL 
334.0000    4    2.000   1.0000         pwRep
336.0000    1    2.000   1.0000         rwRep
338.0000    4    2.000   1.0000         pwRep
340.0000    3    2.000   1.0000         rwNov
342.0000    5    2.000   1.0000         pwOrt
344.0000    4    2.000   1.0000         pwRep
346.0000    1    2.000   1.0000         rwRep
348.0000    5    2.000   1.0000         pwOrt
350.0000    3    2.000   1.0000         rwNov
352.0000    0    2.000   1.0000          NULL 
354.0000    6    2.000   1.0000         pwNov
356.0000    0    4.000   1.0000          NULL 
