  0.0000    1    2.000   1.0000         rwRep
  2.0000    6    2.000   1.0000         pwNov
  4.0000    5    2.000   1.0000         pwOrt
  6.0000    6    2.000   1.0000         pwNov
  8.0000    3    2.000   1.0000         rwNov
 10.0000    0    2.000   1.0000          NULL 
 12.0000    4    2.000   1.0000         pwRep
 14.0000    0    6.000   1.0000          NULL 
 20.0000    5    2.000   1.0000         pwOrt
 22.0000    5    2.000   1.0000         pwOrt
 24.0000    0    2.000   1.0000          NULL 
 26.0000    5    2.000   1.0000         pwOrt
 28.0000    4    2.000   1.0000         pwRep
 30.0000    6    2.000   1.0000         pwNov
 32.0000    6    2.000   1.0000         pwNov
 34.0000    0    2.000   1.0000          NULL 
 36.0000    3    2.000   1.0000         rwNov
 38.0000    5    2.000   1.0000         pwOrt
 40.0000    2    2.000   1.0000         rwOrt
 42.0000    0    2.000   1.0000          NULL 
 44.0000    2    2.000   1.0000         rwOrt
 46.0000    5    2.000   1.0000         pwOrt
 48.0000    4    2.000   1.0000         pwRep
 50.0000    0    6.000   1.0000          NULL 
 56.0000    2    2.000   1.0000         rwOrt
 58.0000    2    2.000   1.0000         rwOrt
 60.0000    0    2.000   1.0000          NULL 
 62.0000    2    2.000   1.0000         rwOrt
 64.0000    1    2.000   1.0000         rwRep
 66.0000    3    2.000   1.0000         rwNov
 68.0000    4    2.000   1.0000         pwRep
 70.0000    2    2.000   1.0000         rwOrt
 72.0000    2    2.000   1.0000         rwOrt
 74.0000    6    2.000   1.0000         pwNov
 76.0000    1    2.000   1.0000         rwRep
 78.0000    6    2.000   1.0000         pwNov
 80.0000    0    4.000   1.0000          NULL 
 84.0000    5    2.000   1.0000         pwOrt
 86.0000    0    2.000   1.0000          NULL 
 88.0000    5    2.000   1.0000         pwOrt
 90.0000    6    2.000   1.0000         pwNov
 92.0000    0    2.000   1.0000          NULL 
 94.0000    5    2.000   1.0000         pwOrt
 96.0000    0    4.000   1.0000          NULL 
100.0000    4    2.000   1.0000         pwRep
102.0000    0    4.000   1.0000          NULL 
106.0000    6    2.000   1.0000         pwNov
108.0000    0    2.000   1.0000          NULL 
110.0000    1    2.000   1.0000         rwRep
112.0000    1    2.000   1.0000         rwRep
114.0000    6    2.000   1.0000         pwNov
116.0000    1    2.000   1.0000         rwRep
118.0000    3    2.000   1.0000         rwNov
120.0000    0    2.000   1.0000          NULL 
122.0000    3    2.000   1.0000         rwNov
124.0000    5    2.000   1.0000         pwOrt
126.0000    0    2.000   1.0000          NULL 
128.0000    1    2.000   1.0000         rwRep
130.0000    3    2.000   1.0000         rwNov
132.0000    0    4.000   1.0000          NULL 
136.0000    3    2.000   1.0000         rwNov
138.0000    0    4.000   1.0000          NULL 
142.0000    1    2.000   1.0000         rwRep
144.0000    1    2.000   1.0000         rwRep
146.0000    2    2.000   1.0000         rwOrt
148.0000    0    2.000   1.0000          NULL 
150.0000    1    2.000   1.0000         rwRep
152.0000    0    4.000   1.0000          NULL 
156.0000    1    2.000   1.0000         rwRep
158.0000    5    2.000   1.0000         pwOrt
160.0000    1    2.000   1.0000         rwRep
162.0000    3    2.000   1.0000         rwNov
164.0000    0    2.000   1.0000          NULL 
166.0000    4    2.000   1.0000         pwRep
168.0000    2    2.000   1.0000         rwOrt
170.0000    3    2.000   1.0000         rwNov
172.0000    3    2.000   1.0000         rwNov
174.0000    4    2.000   1.0000         pwRep
176.0000    0    2.000   1.0000          NULL 
178.0000    1    2.000   1.0000         rwRep
180.0000    0    2.000   1.0000          NULL 
182.0000    1    2.000   1.0000         rwRep
184.0000    1    2.000   1.0000         rwRep
186.0000    5    2.000   1.0000         pwOrt
188.0000    6    2.000   1.0000         pwNov
190.0000    4    2.000   1.0000         pwRep
192.0000    1    2.000   1.0000         rwRep
194.0000    0    2.000   1.0000          NULL 
196.0000    4    2.000   1.0000         pwRep
198.0000    6    2.000   1.0000         pwNov
200.0000    5    2.000   1.0000         pwOrt
202.0000    0    2.000   1.0000          NULL 
204.0000    5    2.000   1.0000         pwOrt
206.0000    2    2.000   1.0000         rwOrt
208.0000    0    2.000   1.0000          NULL 
210.0000    6    2.000   1.0000         pwNov
212.0000    0    2.000   1.0000          NULL 
214.0000    1    2.000   1.0000         rwRep
216.0000    4    2.000   1.0000         pwRep
218.0000    6    2.000   1.0000         pwNov
220.0000    0    6.000   1.0000          NULL 
226.0000    3    2.000   1.0000         rwNov
228.0000    2    2.000   1.0000         rwOrt
230.0000    4    2.000   1.0000         pwRep
232.0000    5    2.000   1.0000         pwOrt
234.0000    2    2.000   1.0000         rwOrt
236.0000    2    2.000   1.0000         rwOrt
238.0000    0    4.000   1.0000          NULL 
242.0000    4    2.000   1.0000         pwRep
244.0000    3    2.000   1.0000         rwNov
246.0000    1    2.000   1.0000         rwRep
248.0000    0    2.000   1.0000          NULL 
250.0000    2    2.000   1.0000         rwOrt
252.0000    0    2.000   1.0000          NULL 
254.0000    6    2.000   1.0000         pwNov
256.0000    0    2.000   1.0000          NULL 
258.0000    2    2.000   1.0000         rwOrt
260.0000    6    2.000   1.0000         pwNov
262.0000    6    2.000   1.0000         pwNov
264.0000    0    2.000   1.0000          NULL 
266.0000    6    2.000   1.0000         pwNov
268.0000    0   10.000   1.0000          NULL 
278.0000    4    2.000   1.0000         pwRep
280.0000    5    2.000   1.0000         pwOrt
282.0000    0    2.000   1.0000          NULL 
284.0000    3    2.000   1.0000         rwNov
286.0000    3    2.000   1.0000         rwNov
288.0000    3    2.000   1.0000         rwNov
290.0000    1    2.000   1.0000         rwRep
292.0000    0    2.000   1.0000          NULL 
294.0000    3    2.000   1.0000         rwNov
296.0000    5    2.000   1.0000         pwOrt
298.0000    0    2.000   1.0000          NULL 
300.0000    2    2.000   1.0000         rwOrt
302.0000    0    2.000   1.0000          NULL 
304.0000    2    2.000   1.0000         rwOrt
306.0000    4    2.000   1.0000         pwRep
308.0000    4    2.000   1.0000         pwRep
310.0000    2    2.000   1.0000         rwOrt
312.0000    4    2.000   1.0000         pwRep
314.0000    5    2.000   1.0000         pwOrt
316.0000    4    2.000   1.0000         pwRep
318.0000    3    2.000   1.0000         rwNov
320.0000    4    2.000   1.0000         pwRep
322.0000    0    2.000   1.0000          NULL 
324.0000    6    2.000   1.0000         pwNov
326.0000    2    2.000   1.0000         rwOrt
328.0000    3    2.000   1.0000         rwNov
330.0000    0    2.000   1.0000          NULL 
332.0000    6    2.000   1.0000         pwNov
334.0000    5    2.000   1.0000         pwOrt
336.0000    1    2.000   1.0000         rwRep
338.0000    0    2.000   1.0000          NULL 
340.0000    4    2.000   1.0000         pwRep
342.0000    2    2.000   1.0000         rwOrt
344.0000    3    2.000   1.0000         rwNov
346.0000    3    2.000   1.0000         rwNov
348.0000    6    2.000   1.0000         pwNov
350.0000    0    4.000   1.0000          NULL 
354.0000    4    2.000   1.0000         pwRep
356.0000    5    2.000   1.0000         pwOrt
358.0000    0    2.000   1.0000          NULL 
