  0.0000    4    2.000   1.0000     pseudoNov
  2.0000    1    2.000   1.0000       realRep
  4.0000    4    2.000   1.0000     pseudoNov
  6.0000    2    2.000   1.0000       realNov
  8.0000    0    2.000   1.0000          NULL 
 10.0000    3    2.000   1.0000     pseudoRep
 12.0000    1    2.000   1.0000       realRep
 14.0000    4    2.000   1.0000     pseudoNov
 16.0000    2    2.000   1.0000       realNov
 18.0000    1    2.000   1.0000       realRep
 20.0000    1    2.000   1.0000       realRep
 22.0000    1    2.000   1.0000       realRep
 24.0000    1    2.000   1.0000       realRep
 26.0000    1    2.000   1.0000       realRep
 28.0000    2    2.000   1.0000       realNov
 30.0000    2    2.000   1.0000       realNov
 32.0000    4    2.000   1.0000     pseudoNov
 34.0000    4    2.000   1.0000     pseudoNov
 36.0000    2    2.000   1.0000       realNov
 38.0000    2    2.000   1.0000       realNov
 40.0000    3    2.000   1.0000     pseudoRep
 42.0000    2    2.000   1.0000       realNov
 44.0000    4    2.000   1.0000     pseudoNov
 46.0000    4    2.000   1.0000     pseudoNov
 48.0000    0    2.000   1.0000          NULL 
 50.0000    2    2.000   1.0000       realNov
 52.0000    4    2.000   1.0000     pseudoNov
 54.0000    3    2.000   1.0000     pseudoRep
 56.0000    2    2.000   1.0000       realNov
 58.0000    4    2.000   1.0000     pseudoNov
 60.0000    1    2.000   1.0000       realRep
 62.0000    2    2.000   1.0000       realNov
 64.0000    0    2.000   1.0000          NULL 
 66.0000    2    2.000   1.0000       realNov
 68.0000    2    2.000   1.0000       realNov
 70.0000    2    2.000   1.0000       realNov
 72.0000    4    2.000   1.0000     pseudoNov
 74.0000    4    2.000   1.0000     pseudoNov
 76.0000    4    2.000   1.0000     pseudoNov
 78.0000    3    2.000   1.0000     pseudoRep
 80.0000    0    2.000   1.0000          NULL 
 82.0000    1    2.000   1.0000       realRep
 84.0000    2    2.000   1.0000       realNov
 86.0000    0    2.000   1.0000          NULL 
 88.0000    4    2.000   1.0000     pseudoNov
 90.0000    3    2.000   1.0000     pseudoRep
 92.0000    2    2.000   1.0000       realNov
 94.0000    2    2.000   1.0000       realNov
 96.0000    4    2.000   1.0000     pseudoNov
 98.0000    3    2.000   1.0000     pseudoRep
100.0000    3    2.000   1.0000     pseudoRep
102.0000    3    2.000   1.0000     pseudoRep
104.0000    0    2.000   1.0000          NULL 
106.0000    4    2.000   1.0000     pseudoNov
108.0000    1    2.000   1.0000       realRep
110.0000    3    2.000   1.0000     pseudoRep
112.0000    0    2.000   1.0000          NULL 
114.0000    3    2.000   1.0000     pseudoRep
116.0000    3    2.000   1.0000     pseudoRep
118.0000    0    2.000   1.0000          NULL 
120.0000    2    2.000   1.0000       realNov
122.0000    1    2.000   1.0000       realRep
124.0000    0    2.000   1.0000          NULL 
126.0000    1    2.000   1.0000       realRep
128.0000    2    2.000   1.0000       realNov
130.0000    2    2.000   1.0000       realNov
132.0000    3    2.000   1.0000     pseudoRep
134.0000    1    2.000   1.0000       realRep
136.0000    1    2.000   1.0000       realRep
138.0000    0    4.000   1.0000          NULL 
142.0000    4    2.000   1.0000     pseudoNov
144.0000    0    2.000   1.0000          NULL 
146.0000    1    2.000   1.0000       realRep
148.0000    2    2.000   1.0000       realNov
150.0000    3    2.000   1.0000     pseudoRep
152.0000    3    2.000   1.0000     pseudoRep
154.0000    2    2.000   1.0000       realNov
156.0000    3    2.000   1.0000     pseudoRep
158.0000    2    2.000   1.0000       realNov
160.0000    3    2.000   1.0000     pseudoRep
162.0000    4    2.000   1.0000     pseudoNov
164.0000    3    2.000   1.0000     pseudoRep
166.0000    2    2.000   1.0000       realNov
168.0000    0    2.000   1.0000          NULL 
170.0000    1    2.000   1.0000       realRep
172.0000    2    2.000   1.0000       realNov
174.0000    0    4.000   1.0000          NULL 
178.0000    3    2.000   1.0000     pseudoRep
180.0000    4    2.000   1.0000     pseudoNov
182.0000    2    2.000   1.0000       realNov
184.0000    3    2.000   1.0000     pseudoRep
186.0000    2    2.000   1.0000       realNov
188.0000    0    4.000   1.0000          NULL 
192.0000    3    2.000   1.0000     pseudoRep
194.0000    0    2.000   1.0000          NULL 
196.0000    1    2.000   1.0000       realRep
198.0000    3    2.000   1.0000     pseudoRep
200.0000    3    2.000   1.0000     pseudoRep
202.0000    4    2.000   1.0000     pseudoNov
204.0000    0    2.000   1.0000          NULL 
206.0000    4    2.000   1.0000     pseudoNov
208.0000    3    2.000   1.0000     pseudoRep
210.0000    2    2.000   1.0000       realNov
212.0000    1    2.000   1.0000       realRep
214.0000    1    2.000   1.0000       realRep
216.0000    0    2.000   1.0000          NULL 
218.0000    4    2.000   1.0000     pseudoNov
220.0000    0    2.000   1.0000          NULL 
222.0000    2    2.000   1.0000       realNov
224.0000    4    2.000   1.0000     pseudoNov
226.0000    0    2.000   1.0000          NULL 
228.0000    3    2.000   1.0000     pseudoRep
230.0000    1    2.000   1.0000       realRep
232.0000    2    2.000   1.0000       realNov
234.0000    3    2.000   1.0000     pseudoRep
236.0000    1    2.000   1.0000       realRep
238.0000    2    2.000   1.0000       realNov
240.0000    4    2.000   1.0000     pseudoNov
242.0000    3    2.000   1.0000     pseudoRep
244.0000    4    2.000   1.0000     pseudoNov
246.0000    3    2.000   1.0000     pseudoRep
248.0000    4    2.000   1.0000     pseudoNov
250.0000    0    4.000   1.0000          NULL 
254.0000    3    2.000   1.0000     pseudoRep
256.0000    1    2.000   1.0000       realRep
258.0000    3    2.000   1.0000     pseudoRep
260.0000    0    2.000   1.0000          NULL 
262.0000    2    2.000   1.0000       realNov
264.0000    1    2.000   1.0000       realRep
266.0000    3    2.000   1.0000     pseudoRep
268.0000    0    2.000   1.0000          NULL 
270.0000    4    2.000   1.0000     pseudoNov
272.0000    0    2.000   1.0000          NULL 
274.0000    1    2.000   1.0000       realRep
276.0000    1    2.000   1.0000       realRep
278.0000    1    2.000   1.0000       realRep
280.0000    4    2.000   1.0000     pseudoNov
282.0000    0    2.000   1.0000          NULL 
284.0000    1    2.000   1.0000       realRep
286.0000    2    2.000   1.0000       realNov
288.0000    3    2.000   1.0000     pseudoRep
290.0000    4    2.000   1.0000     pseudoNov
292.0000    3    2.000   1.0000     pseudoRep
294.0000    3    2.000   1.0000     pseudoRep
296.0000    1    2.000   1.0000       realRep
298.0000    0    2.000   1.0000          NULL 
300.0000    3    2.000   1.0000     pseudoRep
302.0000    4    2.000   1.0000     pseudoNov
304.0000    2    2.000   1.0000       realNov
306.0000    4    2.000   1.0000     pseudoNov
308.0000    0    4.000   1.0000          NULL 
312.0000    1    2.000   1.0000       realRep
314.0000    4    2.000   1.0000     pseudoNov
316.0000    4    2.000   1.0000     pseudoNov
318.0000    2    2.000   1.0000       realNov
320.0000    0    2.000   1.0000          NULL 
322.0000    4    2.000   1.0000     pseudoNov
324.0000    0    2.000   1.0000          NULL 
326.0000    3    2.000   1.0000     pseudoRep
328.0000    0    2.000   1.0000          NULL 
330.0000    1    2.000   1.0000       realRep
332.0000    0    2.000   1.0000          NULL 
334.0000    4    2.000   1.0000     pseudoNov
336.0000    2    2.000   1.0000       realNov
338.0000    4    2.000   1.0000     pseudoNov
340.0000    4    2.000   1.0000     pseudoNov
342.0000    1    2.000   1.0000       realRep
344.0000    4    2.000   1.0000     pseudoNov
346.0000    2    2.000   1.0000       realNov
348.0000    1    2.000   1.0000       realRep
350.0000    1    2.000   1.0000       realRep
352.0000    3    2.000   1.0000     pseudoRep
354.0000    1    2.000   1.0000       realRep
356.0000    4    2.000   1.0000     pseudoNov
358.0000    4    2.000   1.0000     pseudoNov
360.0000    3    2.000   1.0000     pseudoRep
362.0000    1    2.000   1.0000       realRep
364.0000    0    2.000   1.0000          NULL 
366.0000    4    2.000   1.0000     pseudoNov
368.0000    1    2.000   1.0000       realRep
370.0000    0    2.000   1.0000          NULL 
372.0000    1    2.000   1.0000       realRep
374.0000    2    2.000   1.0000       realNov
376.0000    0    4.000   1.0000          NULL 
380.0000    2    2.000   1.0000       realNov
382.0000    3    2.000   1.0000     pseudoRep
384.0000    1    2.000   1.0000       realRep
386.0000    2    2.000   1.0000       realNov
388.0000    1    2.000   1.0000       realRep
390.0000    2    2.000   1.0000       realNov
392.0000    1    2.000   1.0000       realRep
394.0000    3    2.000   1.0000     pseudoRep
396.0000    0    2.000   1.0000          NULL 
398.0000    3    2.000   1.0000     pseudoRep
