  0.0000    1    2.000   1.0000       realRep
  2.0000    4    2.000   1.0000     pseudoNov
  4.0000    2    2.000   1.0000       realNov
  6.0000    1    2.000   1.0000       realRep
  8.0000    3    2.000   1.0000     pseudoRep
 10.0000    1    2.000   1.0000       realRep
 12.0000    4    2.000   1.0000     pseudoNov
 14.0000    2    2.000   1.0000       realNov
 16.0000    0    4.000   1.0000          NULL 
 20.0000    2    2.000   1.0000       realNov
 22.0000    1    2.000   1.0000       realRep
 24.0000    1    2.000   1.0000       realRep
 26.0000    1    2.000   1.0000       realRep
 28.0000    1    2.000   1.0000       realRep
 30.0000    0    2.000   1.0000          NULL 
 32.0000    2    2.000   1.0000       realNov
 34.0000    4    2.000   1.0000     pseudoNov
 36.0000    1    2.000   1.0000       realRep
 38.0000    3    2.000   1.0000     pseudoRep
 40.0000    1    2.000   1.0000       realRep
 42.0000    2    2.000   1.0000       realNov
 44.0000    4    2.000   1.0000     pseudoNov
 46.0000    1    2.000   1.0000       realRep
 48.0000    1    2.000   1.0000       realRep
 50.0000    0    2.000   1.0000          NULL 
 52.0000    1    2.000   1.0000       realRep
 54.0000    1    2.000   1.0000       realRep
 56.0000    0    2.000   1.0000          NULL 
 58.0000    4    2.000   1.0000     pseudoNov
 60.0000    2    2.000   1.0000       realNov
 62.0000    2    2.000   1.0000       realNov
 64.0000    3    2.000   1.0000     pseudoRep
 66.0000    0    2.000   1.0000          NULL 
 68.0000    2    2.000   1.0000       realNov
 70.0000    3    2.000   1.0000     pseudoRep
 72.0000    3    2.000   1.0000     pseudoRep
 74.0000    2    2.000   1.0000       realNov
 76.0000    1    2.000   1.0000       realRep
 78.0000    0    4.000   1.0000          NULL 
 82.0000    4    2.000   1.0000     pseudoNov
 84.0000    2    2.000   1.0000       realNov
 86.0000    4    2.000   1.0000     pseudoNov
 88.0000    1    2.000   1.0000       realRep
 90.0000    0    2.000   1.0000          NULL 
 92.0000    2    2.000   1.0000       realNov
 94.0000    3    2.000   1.0000     pseudoRep
 96.0000    3    2.000   1.0000     pseudoRep
 98.0000    2    2.000   1.0000       realNov
100.0000    4    2.000   1.0000     pseudoNov
102.0000    4    2.000   1.0000     pseudoNov
104.0000    2    2.000   1.0000       realNov
106.0000    1    2.000   1.0000       realRep
108.0000    0    2.000   1.0000          NULL 
110.0000    1    2.000   1.0000       realRep
112.0000    4    2.000   1.0000     pseudoNov
114.0000    4    2.000   1.0000     pseudoNov
116.0000    2    2.000   1.0000       realNov
118.0000    4    2.000   1.0000     pseudoNov
120.0000    4    2.000   1.0000     pseudoNov
122.0000    0    2.000   1.0000          NULL 
124.0000    1    2.000   1.0000       realRep
126.0000    4    2.000   1.0000     pseudoNov
128.0000    2    2.000   1.0000       realNov
130.0000    3    2.000   1.0000     pseudoRep
132.0000    3    2.000   1.0000     pseudoRep
134.0000    1    2.000   1.0000       realRep
136.0000    0    2.000   1.0000          NULL 
138.0000    4    2.000   1.0000     pseudoNov
140.0000    0    2.000   1.0000          NULL 
142.0000    3    2.000   1.0000     pseudoRep
144.0000    0    2.000   1.0000          NULL 
146.0000    3    2.000   1.0000     pseudoRep
148.0000    2    2.000   1.0000       realNov
150.0000    4    2.000   1.0000     pseudoNov
152.0000    0    2.000   1.0000          NULL 
154.0000    2    2.000   1.0000       realNov
156.0000    0    2.000   1.0000          NULL 
158.0000    2    2.000   1.0000       realNov
160.0000    0    2.000   1.0000          NULL 
162.0000    2    2.000   1.0000       realNov
164.0000    4    2.000   1.0000     pseudoNov
166.0000    1    2.000   1.0000       realRep
168.0000    0    2.000   1.0000          NULL 
170.0000    1    2.000   1.0000       realRep
172.0000    3    2.000   1.0000     pseudoRep
174.0000    2    2.000   1.0000       realNov
176.0000    3    2.000   1.0000     pseudoRep
178.0000    0    2.000   1.0000          NULL 
180.0000    4    2.000   1.0000     pseudoNov
182.0000    4    2.000   1.0000     pseudoNov
184.0000    2    2.000   1.0000       realNov
186.0000    4    2.000   1.0000     pseudoNov
188.0000    3    2.000   1.0000     pseudoRep
190.0000    3    2.000   1.0000     pseudoRep
192.0000    2    2.000   1.0000       realNov
194.0000    1    2.000   1.0000       realRep
196.0000    3    2.000   1.0000     pseudoRep
198.0000    0    2.000   1.0000          NULL 
200.0000    1    2.000   1.0000       realRep
202.0000    1    2.000   1.0000       realRep
204.0000    1    2.000   1.0000       realRep
206.0000    2    2.000   1.0000       realNov
208.0000    0    2.000   1.0000          NULL 
210.0000    4    2.000   1.0000     pseudoNov
212.0000    4    2.000   1.0000     pseudoNov
214.0000    3    2.000   1.0000     pseudoRep
216.0000    1    2.000   1.0000       realRep
218.0000    3    2.000   1.0000     pseudoRep
220.0000    1    2.000   1.0000       realRep
222.0000    2    2.000   1.0000       realNov
224.0000    4    2.000   1.0000     pseudoNov
226.0000    3    2.000   1.0000     pseudoRep
228.0000    2    2.000   1.0000       realNov
230.0000    0    2.000   1.0000          NULL 
232.0000    2    2.000   1.0000       realNov
234.0000    3    2.000   1.0000     pseudoRep
236.0000    1    2.000   1.0000       realRep
238.0000    3    2.000   1.0000     pseudoRep
240.0000    3    2.000   1.0000     pseudoRep
242.0000    1    2.000   1.0000       realRep
244.0000    3    2.000   1.0000     pseudoRep
246.0000    2    2.000   1.0000       realNov
248.0000    1    2.000   1.0000       realRep
250.0000    1    2.000   1.0000       realRep
252.0000    3    2.000   1.0000     pseudoRep
254.0000    2    2.000   1.0000       realNov
256.0000    0    2.000   1.0000          NULL 
258.0000    3    2.000   1.0000     pseudoRep
260.0000    2    2.000   1.0000       realNov
262.0000    0    2.000   1.0000          NULL 
264.0000    3    2.000   1.0000     pseudoRep
266.0000    2    2.000   1.0000       realNov
268.0000    0    4.000   1.0000          NULL 
272.0000    3    2.000   1.0000     pseudoRep
274.0000    3    2.000   1.0000     pseudoRep
276.0000    3    2.000   1.0000     pseudoRep
278.0000    4    2.000   1.0000     pseudoNov
280.0000    4    2.000   1.0000     pseudoNov
282.0000    3    2.000   1.0000     pseudoRep
284.0000    1    2.000   1.0000       realRep
286.0000    2    2.000   1.0000       realNov
288.0000    4    2.000   1.0000     pseudoNov
290.0000    0    6.000   1.0000          NULL 
296.0000    4    2.000   1.0000     pseudoNov
298.0000    3    2.000   1.0000     pseudoRep
300.0000    1    2.000   1.0000       realRep
302.0000    4    2.000   1.0000     pseudoNov
304.0000    4    2.000   1.0000     pseudoNov
306.0000    4    2.000   1.0000     pseudoNov
308.0000    2    2.000   1.0000       realNov
310.0000    3    2.000   1.0000     pseudoRep
312.0000    4    2.000   1.0000     pseudoNov
314.0000    0    4.000   1.0000          NULL 
318.0000    4    2.000   1.0000     pseudoNov
320.0000    1    2.000   1.0000       realRep
322.0000    0    2.000   1.0000          NULL 
324.0000    3    2.000   1.0000     pseudoRep
326.0000    3    2.000   1.0000     pseudoRep
328.0000    1    2.000   1.0000       realRep
330.0000    1    2.000   1.0000       realRep
332.0000    2    2.000   1.0000       realNov
334.0000    3    2.000   1.0000     pseudoRep
336.0000    3    2.000   1.0000     pseudoRep
338.0000    0    2.000   1.0000          NULL 
340.0000    4    2.000   1.0000     pseudoNov
342.0000    1    2.000   1.0000       realRep
344.0000    0    2.000   1.0000          NULL 
346.0000    1    2.000   1.0000       realRep
348.0000    1    2.000   1.0000       realRep
350.0000    4    2.000   1.0000     pseudoNov
352.0000    0    2.000   1.0000          NULL 
354.0000    1    2.000   1.0000       realRep
356.0000    3    2.000   1.0000     pseudoRep
358.0000    0    2.000   1.0000          NULL 
360.0000    3    2.000   1.0000     pseudoRep
362.0000    4    2.000   1.0000     pseudoNov
364.0000    2    2.000   1.0000       realNov
366.0000    0    4.000   1.0000          NULL 
370.0000    2    2.000   1.0000       realNov
372.0000    2    2.000   1.0000       realNov
374.0000    2    2.000   1.0000       realNov
376.0000    0    2.000   1.0000          NULL 
378.0000    2    2.000   1.0000       realNov
380.0000    4    2.000   1.0000     pseudoNov
382.0000    3    2.000   1.0000     pseudoRep
384.0000    4    2.000   1.0000     pseudoNov
386.0000    2    2.000   1.0000       realNov
388.0000    0    2.000   1.0000          NULL 
390.0000    4    2.000   1.0000     pseudoNov
392.0000    4    2.000   1.0000     pseudoNov
394.0000    4    2.000   1.0000     pseudoNov
396.0000    2    2.000   1.0000       realNov
398.0000    3    2.000   1.0000     pseudoRep
