  0.0000    3    2.000   1.0000     pseudoRep
  2.0000    4    2.000   1.0000     pseudoNov
  4.0000    4    2.000   1.0000     pseudoNov
  6.0000    3    2.000   1.0000     pseudoRep
  8.0000    3    2.000   1.0000     pseudoRep
 10.0000    3    2.000   1.0000     pseudoRep
 12.0000    2    2.000   1.0000       realNov
 14.0000    4    2.000   1.0000     pseudoNov
 16.0000    4    2.000   1.0000     pseudoNov
 18.0000    3    2.000   1.0000     pseudoRep
 20.0000    2    2.000   1.0000       realNov
 22.0000    1    2.000   1.0000       realRep
 24.0000    0    2.000   1.0000          NULL 
 26.0000    1    2.000   1.0000       realRep
 28.0000    1    2.000   1.0000       realRep
 30.0000    4    2.000   1.0000     pseudoNov
 32.0000    4    2.000   1.0000     pseudoNov
 34.0000    0    2.000   1.0000          NULL 
 36.0000    4    2.000   1.0000     pseudoNov
 38.0000    3    2.000   1.0000     pseudoRep
 40.0000    2    2.000   1.0000       realNov
 42.0000    1    2.000   1.0000       realRep
 44.0000    2    2.000   1.0000       realNov
 46.0000    4    2.000   1.0000     pseudoNov
 48.0000    0    2.000   1.0000          NULL 
 50.0000    2    2.000   1.0000       realNov
 52.0000    4    2.000   1.0000     pseudoNov
 54.0000    4    2.000   1.0000     pseudoNov
 56.0000    0    2.000   1.0000          NULL 
 58.0000    3    2.000   1.0000     pseudoRep
 60.0000    2    2.000   1.0000       realNov
 62.0000    2    2.000   1.0000       realNov
 64.0000    2    2.000   1.0000       realNov
 66.0000    3    2.000   1.0000     pseudoRep
 68.0000    3    2.000   1.0000     pseudoRep
 70.0000    2    2.000   1.0000       realNov
 72.0000    0    2.000   1.0000          NULL 
 74.0000    3    2.000   1.0000     pseudoRep
 76.0000    2    2.000   1.0000       realNov
 78.0000    2    2.000   1.0000       realNov
 80.0000    4    2.000   1.0000     pseudoNov
 82.0000    4    2.000   1.0000     pseudoNov
 84.0000    1    2.000   1.0000       realRep
 86.0000    0    4.000   1.0000          NULL 
 90.0000    3    2.000   1.0000     pseudoRep
 92.0000    0    2.000   1.0000          NULL 
 94.0000    1    2.000   1.0000       realRep
 96.0000    3    2.000   1.0000     pseudoRep
 98.0000    1    2.000   1.0000       realRep
100.0000    2    2.000   1.0000       realNov
102.0000    1    2.000   1.0000       realRep
104.0000    2    2.000   1.0000       realNov
106.0000    0    2.000   1.0000          NULL 
108.0000    3    2.000   1.0000     pseudoRep
110.0000    3    2.000   1.0000     pseudoRep
112.0000    1    2.000   1.0000       realRep
114.0000    1    2.000   1.0000       realRep
116.0000    4    2.000   1.0000     pseudoNov
118.0000    0    2.000   1.0000          NULL 
120.0000    4    2.000   1.0000     pseudoNov
122.0000    4    2.000   1.0000     pseudoNov
124.0000    2    2.000   1.0000       realNov
126.0000    4    2.000   1.0000     pseudoNov
128.0000    2    2.000   1.0000       realNov
130.0000    2    2.000   1.0000       realNov
132.0000    3    2.000   1.0000     pseudoRep
134.0000    0    2.000   1.0000          NULL 
136.0000    4    2.000   1.0000     pseudoNov
138.0000    2    2.000   1.0000       realNov
140.0000    0    2.000   1.0000          NULL 
142.0000    2    2.000   1.0000       realNov
144.0000    2    2.000   1.0000       realNov
146.0000    0    2.000   1.0000          NULL 
148.0000    1    2.000   1.0000       realRep
150.0000    1    2.000   1.0000       realRep
152.0000    2    2.000   1.0000       realNov
154.0000    3    2.000   1.0000     pseudoRep
156.0000    4    2.000   1.0000     pseudoNov
158.0000    4    2.000   1.0000     pseudoNov
160.0000    1    2.000   1.0000       realRep
162.0000    1    2.000   1.0000       realRep
164.0000    1    2.000   1.0000       realRep
166.0000    1    2.000   1.0000       realRep
168.0000    0    2.000   1.0000          NULL 
170.0000    2    2.000   1.0000       realNov
172.0000    0    2.000   1.0000          NULL 
174.0000    4    2.000   1.0000     pseudoNov
176.0000    0    2.000   1.0000          NULL 
178.0000    2    2.000   1.0000       realNov
180.0000    0    2.000   1.0000          NULL 
182.0000    4    2.000   1.0000     pseudoNov
184.0000    4    2.000   1.0000     pseudoNov
186.0000    0    2.000   1.0000          NULL 
188.0000    3    2.000   1.0000     pseudoRep
190.0000    2    2.000   1.0000       realNov
192.0000    3    2.000   1.0000     pseudoRep
194.0000    1    2.000   1.0000       realRep
196.0000    4    2.000   1.0000     pseudoNov
198.0000    1    2.000   1.0000       realRep
200.0000    4    2.000   1.0000     pseudoNov
202.0000    4    2.000   1.0000     pseudoNov
204.0000    0    2.000   1.0000          NULL 
206.0000    2    2.000   1.0000       realNov
208.0000    1    2.000   1.0000       realRep
210.0000    1    2.000   1.0000       realRep
212.0000    1    2.000   1.0000       realRep
214.0000    0    2.000   1.0000          NULL 
216.0000    3    2.000   1.0000     pseudoRep
218.0000    0    2.000   1.0000          NULL 
220.0000    1    2.000   1.0000       realRep
222.0000    3    2.000   1.0000     pseudoRep
224.0000    3    2.000   1.0000     pseudoRep
226.0000    4    2.000   1.0000     pseudoNov
228.0000    2    2.000   1.0000       realNov
230.0000    3    2.000   1.0000     pseudoRep
232.0000    3    2.000   1.0000     pseudoRep
234.0000    0    2.000   1.0000          NULL 
236.0000    4    2.000   1.0000     pseudoNov
238.0000    1    2.000   1.0000       realRep
240.0000    3    2.000   1.0000     pseudoRep
242.0000    1    2.000   1.0000       realRep
244.0000    4    2.000   1.0000     pseudoNov
246.0000    3    2.000   1.0000     pseudoRep
248.0000    0    4.000   1.0000          NULL 
252.0000    4    2.000   1.0000     pseudoNov
254.0000    1    2.000   1.0000       realRep
256.0000    1    2.000   1.0000       realRep
258.0000    3    2.000   1.0000     pseudoRep
260.0000    0    2.000   1.0000          NULL 
262.0000    1    2.000   1.0000       realRep
264.0000    3    2.000   1.0000     pseudoRep
266.0000    1    2.000   1.0000       realRep
268.0000    4    2.000   1.0000     pseudoNov
270.0000    1    2.000   1.0000       realRep
272.0000    1    2.000   1.0000       realRep
274.0000    0    2.000   1.0000          NULL 
276.0000    3    2.000   1.0000     pseudoRep
278.0000    2    2.000   1.0000       realNov
280.0000    2    2.000   1.0000       realNov
282.0000    2    2.000   1.0000       realNov
284.0000    4    2.000   1.0000     pseudoNov
286.0000    0    6.000   1.0000          NULL 
292.0000    4    2.000   1.0000     pseudoNov
294.0000    3    2.000   1.0000     pseudoRep
296.0000    1    2.000   1.0000       realRep
298.0000    2    2.000   1.0000       realNov
300.0000    0    2.000   1.0000          NULL 
302.0000    1    2.000   1.0000       realRep
304.0000    4    2.000   1.0000     pseudoNov
306.0000    3    2.000   1.0000     pseudoRep
308.0000    0    2.000   1.0000          NULL 
310.0000    1    2.000   1.0000       realRep
312.0000    0    2.000   1.0000          NULL 
314.0000    3    2.000   1.0000     pseudoRep
316.0000    1    2.000   1.0000       realRep
318.0000    0    2.000   1.0000          NULL 
320.0000    4    2.000   1.0000     pseudoNov
322.0000    2    2.000   1.0000       realNov
324.0000    1    2.000   1.0000       realRep
326.0000    0    2.000   1.0000          NULL 
328.0000    4    2.000   1.0000     pseudoNov
330.0000    3    2.000   1.0000     pseudoRep
332.0000    1    2.000   1.0000       realRep
334.0000    0    2.000   1.0000          NULL 
336.0000    1    2.000   1.0000       realRep
338.0000    3    2.000   1.0000     pseudoRep
340.0000    2    2.000   1.0000       realNov
342.0000    2    2.000   1.0000       realNov
344.0000    1    2.000   1.0000       realRep
346.0000    2    2.000   1.0000       realNov
348.0000    0    2.000   1.0000          NULL 
350.0000    4    2.000   1.0000     pseudoNov
352.0000    1    2.000   1.0000       realRep
354.0000    2    2.000   1.0000       realNov
356.0000    4    2.000   1.0000     pseudoNov
358.0000    4    2.000   1.0000     pseudoNov
360.0000    2    2.000   1.0000       realNov
362.0000    2    2.000   1.0000       realNov
364.0000    4    2.000   1.0000     pseudoNov
366.0000    3    2.000   1.0000     pseudoRep
368.0000    3    2.000   1.0000     pseudoRep
370.0000    0    8.000   1.0000          NULL 
378.0000    4    2.000   1.0000     pseudoNov
380.0000    2    2.000   1.0000       realNov
382.0000    3    2.000   1.0000     pseudoRep
384.0000    3    2.000   1.0000     pseudoRep
386.0000    3    2.000   1.0000     pseudoRep
388.0000    2    2.000   1.0000       realNov
390.0000    3    2.000   1.0000     pseudoRep
392.0000    2    2.000   1.0000       realNov
394.0000    1    2.000   1.0000       realRep
396.0000    3    2.000   1.0000     pseudoRep
398.0000    2    2.000   1.0000       realNov
