  0.0000    3    2.000   1.0000     pseudoRep
  2.0000    1    2.000   1.0000       realRep
  4.0000    2    2.000   1.0000       realNov
  6.0000    4    2.000   1.0000     pseudoNov
  8.0000    3    2.000   1.0000     pseudoRep
 10.0000    2    2.000   1.0000       realNov
 12.0000    3    2.000   1.0000     pseudoRep
 14.0000    3    2.000   1.0000     pseudoRep
 16.0000    0    2.000   1.0000          NULL 
 18.0000    3    2.000   1.0000     pseudoRep
 20.0000    1    2.000   1.0000       realRep
 22.0000    2    2.000   1.0000       realNov
 24.0000    3    2.000   1.0000     pseudoRep
 26.0000    4    2.000   1.0000     pseudoNov
 28.0000    0    2.000   1.0000          NULL 
 30.0000    1    2.000   1.0000       realRep
 32.0000    0    2.000   1.0000          NULL 
 34.0000    2    2.000   1.0000       realNov
 36.0000    2    2.000   1.0000       realNov
 38.0000    3    2.000   1.0000     pseudoRep
 40.0000    3    2.000   1.0000     pseudoRep
 42.0000    2    2.000   1.0000       realNov
 44.0000    3    2.000   1.0000     pseudoRep
 46.0000    2    2.000   1.0000       realNov
 48.0000    0    2.000   1.0000          NULL 
 50.0000    2    2.000   1.0000       realNov
 52.0000    2    2.000   1.0000       realNov
 54.0000    0    2.000   1.0000          NULL 
 56.0000    4    2.000   1.0000     pseudoNov
 58.0000    0    2.000   1.0000          NULL 
 60.0000    4    2.000   1.0000     pseudoNov
 62.0000    4    2.000   1.0000     pseudoNov
 64.0000    1    2.000   1.0000       realRep
 66.0000    0    2.000   1.0000          NULL 
 68.0000    2    2.000   1.0000       realNov
 70.0000    2    2.000   1.0000       realNov
 72.0000    4    2.000   1.0000     pseudoNov
 74.0000    3    2.000   1.0000     pseudoRep
 76.0000    0    2.000   1.0000          NULL 
 78.0000    4    2.000   1.0000     pseudoNov
 80.0000    1    2.000   1.0000       realRep
 82.0000    1    2.000   1.0000       realRep
 84.0000    0    4.000   1.0000          NULL 
 88.0000    4    2.000   1.0000     pseudoNov
 90.0000    2    2.000   1.0000       realNov
 92.0000    1    2.000   1.0000       realRep
 94.0000    2    2.000   1.0000       realNov
 96.0000    2    2.000   1.0000       realNov
 98.0000    1    2.000   1.0000       realRep
100.0000    0    2.000   1.0000          NULL 
102.0000    3    2.000   1.0000     pseudoRep
104.0000    3    2.000   1.0000     pseudoRep
106.0000    2    2.000   1.0000       realNov
108.0000    4    2.000   1.0000     pseudoNov
110.0000    3    2.000   1.0000     pseudoRep
112.0000    2    2.000   1.0000       realNov
114.0000    3    2.000   1.0000     pseudoRep
116.0000    2    2.000   1.0000       realNov
118.0000    0    4.000   1.0000          NULL 
122.0000    2    2.000   1.0000       realNov
124.0000    2    2.000   1.0000       realNov
126.0000    1    2.000   1.0000       realRep
128.0000    3    2.000   1.0000     pseudoRep
130.0000    0    2.000   1.0000          NULL 
132.0000    2    2.000   1.0000       realNov
134.0000    0    2.000   1.0000          NULL 
136.0000    2    2.000   1.0000       realNov
138.0000    1    2.000   1.0000       realRep
140.0000    3    2.000   1.0000     pseudoRep
142.0000    1    2.000   1.0000       realRep
144.0000    1    2.000   1.0000       realRep
146.0000    3    2.000   1.0000     pseudoRep
148.0000    2    2.000   1.0000       realNov
150.0000    1    2.000   1.0000       realRep
152.0000    0    2.000   1.0000          NULL 
154.0000    2    2.000   1.0000       realNov
156.0000    1    2.000   1.0000       realRep
158.0000    4    2.000   1.0000     pseudoNov
160.0000    4    2.000   1.0000     pseudoNov
162.0000    4    2.000   1.0000     pseudoNov
164.0000    3    2.000   1.0000     pseudoRep
166.0000    0    2.000   1.0000          NULL 
168.0000    2    2.000   1.0000       realNov
170.0000    4    2.000   1.0000     pseudoNov
172.0000    0    2.000   1.0000          NULL 
174.0000    4    2.000   1.0000     pseudoNov
176.0000    4    2.000   1.0000     pseudoNov
178.0000    1    2.000   1.0000       realRep
180.0000    1    2.000   1.0000       realRep
182.0000    2    2.000   1.0000       realNov
184.0000    3    2.000   1.0000     pseudoRep
186.0000    1    2.000   1.0000       realRep
188.0000    1    2.000   1.0000       realRep
190.0000    0    2.000   1.0000          NULL 
192.0000    1    2.000   1.0000       realRep
194.0000    0    2.000   1.0000          NULL 
196.0000    3    2.000   1.0000     pseudoRep
198.0000    0    2.000   1.0000          NULL 
200.0000    1    2.000   1.0000       realRep
202.0000    4    2.000   1.0000     pseudoNov
204.0000    2    2.000   1.0000       realNov
206.0000    2    2.000   1.0000       realNov
208.0000    0    2.000   1.0000          NULL 
210.0000    1    2.000   1.0000       realRep
212.0000    2    2.000   1.0000       realNov
214.0000    2    2.000   1.0000       realNov
216.0000    1    2.000   1.0000       realRep
218.0000    1    2.000   1.0000       realRep
220.0000    0    2.000   1.0000          NULL 
222.0000    1    2.000   1.0000       realRep
224.0000    0    2.000   1.0000          NULL 
226.0000    2    2.000   1.0000       realNov
228.0000    1    2.000   1.0000       realRep
230.0000    4    2.000   1.0000     pseudoNov
232.0000    1    2.000   1.0000       realRep
234.0000    1    2.000   1.0000       realRep
236.0000    3    2.000   1.0000     pseudoRep
238.0000    3    2.000   1.0000     pseudoRep
240.0000    4    2.000   1.0000     pseudoNov
242.0000    2    2.000   1.0000       realNov
244.0000    2    2.000   1.0000       realNov
246.0000    0    2.000   1.0000          NULL 
248.0000    4    2.000   1.0000     pseudoNov
250.0000    3    2.000   1.0000     pseudoRep
252.0000    1    2.000   1.0000       realRep
254.0000    1    2.000   1.0000       realRep
256.0000    3    2.000   1.0000     pseudoRep
258.0000    0    4.000   1.0000          NULL 
262.0000    4    2.000   1.0000     pseudoNov
264.0000    3    2.000   1.0000     pseudoRep
266.0000    3    2.000   1.0000     pseudoRep
268.0000    3    2.000   1.0000     pseudoRep
270.0000    1    2.000   1.0000       realRep
272.0000    1    2.000   1.0000       realRep
274.0000    4    2.000   1.0000     pseudoNov
276.0000    4    2.000   1.0000     pseudoNov
278.0000    3    2.000   1.0000     pseudoRep
280.0000    2    2.000   1.0000       realNov
282.0000    0    2.000   1.0000          NULL 
284.0000    2    2.000   1.0000       realNov
286.0000    4    2.000   1.0000     pseudoNov
288.0000    4    2.000   1.0000     pseudoNov
290.0000    4    2.000   1.0000     pseudoNov
292.0000    2    2.000   1.0000       realNov
294.0000    2    2.000   1.0000       realNov
296.0000    0    2.000   1.0000          NULL 
298.0000    1    2.000   1.0000       realRep
300.0000    3    2.000   1.0000     pseudoRep
302.0000    2    2.000   1.0000       realNov
304.0000    1    2.000   1.0000       realRep
306.0000    2    2.000   1.0000       realNov
308.0000    3    2.000   1.0000     pseudoRep
310.0000    4    2.000   1.0000     pseudoNov
312.0000    4    2.000   1.0000     pseudoNov
314.0000    0    4.000   1.0000          NULL 
318.0000    3    2.000   1.0000     pseudoRep
320.0000    4    2.000   1.0000     pseudoNov
322.0000    0    2.000   1.0000          NULL 
324.0000    3    2.000   1.0000     pseudoRep
326.0000    4    2.000   1.0000     pseudoNov
328.0000    0    4.000   1.0000          NULL 
332.0000    4    2.000   1.0000     pseudoNov
334.0000    1    2.000   1.0000       realRep
336.0000    4    2.000   1.0000     pseudoNov
338.0000    4    2.000   1.0000     pseudoNov
340.0000    0    2.000   1.0000          NULL 
342.0000    4    2.000   1.0000     pseudoNov
344.0000    4    2.000   1.0000     pseudoNov
346.0000    1    2.000   1.0000       realRep
348.0000    1    2.000   1.0000       realRep
350.0000    0    2.000   1.0000          NULL 
352.0000    3    2.000   1.0000     pseudoRep
354.0000    1    2.000   1.0000       realRep
356.0000    3    2.000   1.0000     pseudoRep
358.0000    3    2.000   1.0000     pseudoRep
360.0000    0    2.000   1.0000          NULL 
362.0000    4    2.000   1.0000     pseudoNov
364.0000    4    2.000   1.0000     pseudoNov
366.0000    3    2.000   1.0000     pseudoRep
368.0000    3    2.000   1.0000     pseudoRep
370.0000    0    2.000   1.0000          NULL 
372.0000    1    2.000   1.0000       realRep
374.0000    4    2.000   1.0000     pseudoNov
376.0000    0    4.000   1.0000          NULL 
380.0000    2    2.000   1.0000       realNov
382.0000    4    2.000   1.0000     pseudoNov
384.0000    3    2.000   1.0000     pseudoRep
386.0000    3    2.000   1.0000     pseudoRep
388.0000    4    2.000   1.0000     pseudoNov
390.0000    4    2.000   1.0000     pseudoNov
392.0000    1    2.000   1.0000       realRep
394.0000    1    2.000   1.0000       realRep
396.0000    2    2.000   1.0000       realNov
398.0000    3    2.000   1.0000     pseudoRep
