  0.0000    2    2.000   1.0000       realNov
  2.0000    2    2.000   1.0000       realNov
  4.0000    3    2.000   1.0000     pseudoRep
  6.0000    3    2.000   1.0000     pseudoRep
  8.0000    3    2.000   1.0000     pseudoRep
 10.0000    1    2.000   1.0000       realRep
 12.0000    2    2.000   1.0000       realNov
 14.0000    2    2.000   1.0000       realNov
 16.0000    0    2.000   1.0000          NULL 
 18.0000    3    2.000   1.0000     pseudoRep
 20.0000    2    2.000   1.0000       realNov
 22.0000    2    2.000   1.0000       realNov
 24.0000    0    2.000   1.0000          NULL 
 26.0000    1    2.000   1.0000       realRep
 28.0000    4    2.000   1.0000     pseudoNov
 30.0000    1    2.000   1.0000       realRep
 32.0000    4    2.000   1.0000     pseudoNov
 34.0000    3    2.000   1.0000     pseudoRep
 36.0000    1    2.000   1.0000       realRep
 38.0000    1    2.000   1.0000       realRep
 40.0000    2    2.000   1.0000       realNov
 42.0000    0    2.000   1.0000          NULL 
 44.0000    2    2.000   1.0000       realNov
 46.0000    2    2.000   1.0000       realNov
 48.0000    3    2.000   1.0000     pseudoRep
 50.0000    1    2.000   1.0000       realRep
 52.0000    4    2.000   1.0000     pseudoNov
 54.0000    0    2.000   1.0000          NULL 
 56.0000    3    2.000   1.0000     pseudoRep
 58.0000    1    2.000   1.0000       realRep
 60.0000    0    2.000   1.0000          NULL 
 62.0000    4    2.000   1.0000     pseudoNov
 64.0000    2    2.000   1.0000       realNov
 66.0000    2    2.000   1.0000       realNov
 68.0000    2    2.000   1.0000       realNov
 70.0000    0    4.000   1.0000          NULL 
 74.0000    2    2.000   1.0000       realNov
 76.0000    3    2.000   1.0000     pseudoRep
 78.0000    2    2.000   1.0000       realNov
 80.0000    3    2.000   1.0000     pseudoRep
 82.0000    2    2.000   1.0000       realNov
 84.0000    2    2.000   1.0000       realNov
 86.0000    2    2.000   1.0000       realNov
 88.0000    0    2.000   1.0000          NULL 
 90.0000    1    2.000   1.0000       realRep
 92.0000    2    2.000   1.0000       realNov
 94.0000    0    2.000   1.0000          NULL 
 96.0000    4    2.000   1.0000     pseudoNov
 98.0000    4    2.000   1.0000     pseudoNov
100.0000    4    2.000   1.0000     pseudoNov
102.0000    0    2.000   1.0000          NULL 
104.0000    4    2.000   1.0000     pseudoNov
106.0000    4    2.000   1.0000     pseudoNov
108.0000    0    2.000   1.0000          NULL 
110.0000    1    2.000   1.0000       realRep
112.0000    3    2.000   1.0000     pseudoRep
114.0000    3    2.000   1.0000     pseudoRep
116.0000    0    2.000   1.0000          NULL 
118.0000    4    2.000   1.0000     pseudoNov
120.0000    3    2.000   1.0000     pseudoRep
122.0000    1    2.000   1.0000       realRep
124.0000    4    2.000   1.0000     pseudoNov
126.0000    4    2.000   1.0000     pseudoNov
128.0000    4    2.000   1.0000     pseudoNov
130.0000    3    2.000   1.0000     pseudoRep
132.0000    0    2.000   1.0000          NULL 
134.0000    3    2.000   1.0000     pseudoRep
136.0000    2    2.000   1.0000       realNov
138.0000    4    2.000   1.0000     pseudoNov
140.0000    0    4.000   1.0000          NULL 
144.0000    3    2.000   1.0000     pseudoRep
146.0000    4    2.000   1.0000     pseudoNov
148.0000    4    2.000   1.0000     pseudoNov
150.0000    3    2.000   1.0000     pseudoRep
152.0000    4    2.000   1.0000     pseudoNov
154.0000    3    2.000   1.0000     pseudoRep
156.0000    0    6.000   1.0000          NULL 
162.0000    3    2.000   1.0000     pseudoRep
164.0000    2    2.000   1.0000       realNov
166.0000    2    2.000   1.0000       realNov
168.0000    1    2.000   1.0000       realRep
170.0000    1    2.000   1.0000       realRep
172.0000    4    2.000   1.0000     pseudoNov
174.0000    1    2.000   1.0000       realRep
176.0000    3    2.000   1.0000     pseudoRep
178.0000    2    2.000   1.0000       realNov
180.0000    4    2.000   1.0000     pseudoNov
182.0000    2    2.000   1.0000       realNov
184.0000    2    2.000   1.0000       realNov
186.0000    3    2.000   1.0000     pseudoRep
188.0000    4    2.000   1.0000     pseudoNov
190.0000    1    2.000   1.0000       realRep
192.0000    1    2.000   1.0000       realRep
194.0000    1    2.000   1.0000       realRep
196.0000    3    2.000   1.0000     pseudoRep
198.0000    3    2.000   1.0000     pseudoRep
200.0000    0    2.000   1.0000          NULL 
202.0000    3    2.000   1.0000     pseudoRep
204.0000    1    2.000   1.0000       realRep
206.0000    4    2.000   1.0000     pseudoNov
208.0000    0    2.000   1.0000          NULL 
210.0000    2    2.000   1.0000       realNov
212.0000    1    2.000   1.0000       realRep
214.0000    3    2.000   1.0000     pseudoRep
216.0000    4    2.000   1.0000     pseudoNov
218.0000    3    2.000   1.0000     pseudoRep
220.0000    3    2.000   1.0000     pseudoRep
222.0000    4    2.000   1.0000     pseudoNov
224.0000    0    2.000   1.0000          NULL 
226.0000    1    2.000   1.0000       realRep
228.0000    1    2.000   1.0000       realRep
230.0000    0    4.000   1.0000          NULL 
234.0000    2    2.000   1.0000       realNov
236.0000    0    2.000   1.0000          NULL 
238.0000    3    2.000   1.0000     pseudoRep
240.0000    1    2.000   1.0000       realRep
242.0000    2    2.000   1.0000       realNov
244.0000    3    2.000   1.0000     pseudoRep
246.0000    2    2.000   1.0000       realNov
248.0000    1    2.000   1.0000       realRep
250.0000    4    2.000   1.0000     pseudoNov
252.0000    4    2.000   1.0000     pseudoNov
254.0000    4    2.000   1.0000     pseudoNov
256.0000    2    2.000   1.0000       realNov
258.0000    1    2.000   1.0000       realRep
260.0000    1    2.000   1.0000       realRep
262.0000    4    2.000   1.0000     pseudoNov
264.0000    0    2.000   1.0000          NULL 
266.0000    1    2.000   1.0000       realRep
268.0000    0    2.000   1.0000          NULL 
270.0000    4    2.000   1.0000     pseudoNov
272.0000    3    2.000   1.0000     pseudoRep
274.0000    4    2.000   1.0000     pseudoNov
276.0000    3    2.000   1.0000     pseudoRep
278.0000    0    2.000   1.0000          NULL 
280.0000    1    2.000   1.0000       realRep
282.0000    3    2.000   1.0000     pseudoRep
284.0000    1    2.000   1.0000       realRep
286.0000    2    2.000   1.0000       realNov
288.0000    1    2.000   1.0000       realRep
290.0000    2    2.000   1.0000       realNov
292.0000    0    2.000   1.0000          NULL 
294.0000    4    2.000   1.0000     pseudoNov
296.0000    0    2.000   1.0000          NULL 
298.0000    3    2.000   1.0000     pseudoRep
300.0000    3    2.000   1.0000     pseudoRep
302.0000    0    2.000   1.0000          NULL 
304.0000    2    2.000   1.0000       realNov
306.0000    1    2.000   1.0000       realRep
308.0000    4    2.000   1.0000     pseudoNov
310.0000    2    2.000   1.0000       realNov
312.0000    3    2.000   1.0000     pseudoRep
314.0000    2    2.000   1.0000       realNov
316.0000    4    2.000   1.0000     pseudoNov
318.0000    1    2.000   1.0000       realRep
320.0000    2    2.000   1.0000       realNov
322.0000    0    4.000   1.0000          NULL 
326.0000    2    2.000   1.0000       realNov
328.0000    1    2.000   1.0000       realRep
330.0000    1    2.000   1.0000       realRep
332.0000    0    2.000   1.0000          NULL 
334.0000    1    2.000   1.0000       realRep
336.0000    1    2.000   1.0000       realRep
338.0000    4    2.000   1.0000     pseudoNov
340.0000    0    4.000   1.0000          NULL 
344.0000    1    2.000   1.0000       realRep
346.0000    4    2.000   1.0000     pseudoNov
348.0000    2    2.000   1.0000       realNov
350.0000    3    2.000   1.0000     pseudoRep
352.0000    4    2.000   1.0000     pseudoNov
354.0000    0    2.000   1.0000          NULL 
356.0000    2    2.000   1.0000       realNov
358.0000    4    2.000   1.0000     pseudoNov
360.0000    4    2.000   1.0000     pseudoNov
362.0000    3    2.000   1.0000     pseudoRep
364.0000    0    2.000   1.0000          NULL 
366.0000    4    2.000   1.0000     pseudoNov
368.0000    3    2.000   1.0000     pseudoRep
370.0000    2    2.000   1.0000       realNov
372.0000    0    2.000   1.0000          NULL 
374.0000    1    2.000   1.0000       realRep
376.0000    0    2.000   1.0000          NULL 
378.0000    1    2.000   1.0000       realRep
380.0000    1    2.000   1.0000       realRep
382.0000    2    2.000   1.0000       realNov
384.0000    1    2.000   1.0000       realRep
386.0000    4    2.000   1.0000     pseudoNov
388.0000    3    2.000   1.0000     pseudoRep
390.0000    4    2.000   1.0000     pseudoNov
392.0000    3    2.000   1.0000     pseudoRep
394.0000    3    2.000   1.0000     pseudoRep
396.0000    0    2.000   1.0000          NULL 
398.0000    1    2.000   1.0000       realRep
