  0.0000    3    2.000   1.0000     pseudoRep
  2.0000    0    2.000   1.0000          NULL 
  4.0000    1    2.000   1.0000       realRep
  6.0000    0    2.000   1.0000          NULL 
  8.0000    4    2.000   1.0000     pseudoNov
 10.0000    3    2.000   1.0000     pseudoRep
 12.0000    2    2.000   1.0000       realNov
 14.0000    1    2.000   1.0000       realRep
 16.0000    2    2.000   1.0000       realNov
 18.0000    1    2.000   1.0000       realRep
 20.0000    0    4.000   1.0000          NULL 
 24.0000    2    2.000   1.0000       realNov
 26.0000    2    2.000   1.0000       realNov
 28.0000    4    2.000   1.0000     pseudoNov
 30.0000    2    2.000   1.0000       realNov
 32.0000    1    2.000   1.0000       realRep
 34.0000    1    2.000   1.0000       realRep
 36.0000    3    2.000   1.0000     pseudoRep
 38.0000    1    2.000   1.0000       realRep
 40.0000    3    2.000   1.0000     pseudoRep
 42.0000    0    4.000   1.0000          NULL 
 46.0000    3    2.000   1.0000     pseudoRep
 48.0000    3    2.000   1.0000     pseudoRep
 50.0000    1    2.000   1.0000       realRep
 52.0000    2    2.000   1.0000       realNov
 54.0000    4    2.000   1.0000     pseudoNov
 56.0000    3    2.000   1.0000     pseudoRep
 58.0000    0    4.000   1.0000          NULL 
 62.0000    1    2.000   1.0000       realRep
 64.0000    3    2.000   1.0000     pseudoRep
 66.0000    2    2.000   1.0000       realNov
 68.0000    3    2.000   1.0000     pseudoRep
 70.0000    0    2.000   1.0000          NULL 
 72.0000    1    2.000   1.0000       realRep
 74.0000    2    2.000   1.0000       realNov
 76.0000    0    2.000   1.0000          NULL 
 78.0000    4    2.000   1.0000     pseudoNov
 80.0000    3    2.000   1.0000     pseudoRep
 82.0000    0    2.000   1.0000          NULL 
 84.0000    2    2.000   1.0000       realNov
 86.0000    4    2.000   1.0000     pseudoNov
 88.0000    3    2.000   1.0000     pseudoRep
 90.0000    2    2.000   1.0000       realNov
 92.0000    3    2.000   1.0000     pseudoRep
 94.0000    3    2.000   1.0000     pseudoRep
 96.0000    2    2.000   1.0000       realNov
 98.0000    4    2.000   1.0000     pseudoNov
100.0000    2    2.000   1.0000       realNov
102.0000    3    2.000   1.0000     pseudoRep
104.0000    1    2.000   1.0000       realRep
106.0000    2    2.000   1.0000       realNov
108.0000    4    2.000   1.0000     pseudoNov
110.0000    0    2.000   1.0000          NULL 
112.0000    4    2.000   1.0000     pseudoNov
114.0000    4    2.000   1.0000     pseudoNov
116.0000    2    2.000   1.0000       realNov
118.0000    0    4.000   1.0000          NULL 
122.0000    1    2.000   1.0000       realRep
124.0000    3    2.000   1.0000     pseudoRep
126.0000    1    2.000   1.0000       realRep
128.0000    1    2.000   1.0000       realRep
130.0000    3    2.000   1.0000     pseudoRep
132.0000    0    2.000   1.0000          NULL 
134.0000    3    2.000   1.0000     pseudoRep
136.0000    1    2.000   1.0000       realRep
138.0000    4    2.000   1.0000     pseudoNov
140.0000    0    2.000   1.0000          NULL 
142.0000    4    2.000   1.0000     pseudoNov
144.0000    1    2.000   1.0000       realRep
146.0000    4    2.000   1.0000     pseudoNov
148.0000    1    2.000   1.0000       realRep
150.0000    0    2.000   1.0000          NULL 
152.0000    1    2.000   1.0000       realRep
154.0000    4    2.000   1.0000     pseudoNov
156.0000    4    2.000   1.0000     pseudoNov
158.0000    3    2.000   1.0000     pseudoRep
160.0000    4    2.000   1.0000     pseudoNov
162.0000    2    2.000   1.0000       realNov
164.0000    4    2.000   1.0000     pseudoNov
166.0000    0    2.000   1.0000          NULL 
168.0000    2    2.000   1.0000       realNov
170.0000    2    2.000   1.0000       realNov
172.0000    3    2.000   1.0000     pseudoRep
174.0000    2    2.000   1.0000       realNov
176.0000    0    2.000   1.0000          NULL 
178.0000    2    2.000   1.0000       realNov
180.0000    2    2.000   1.0000       realNov
182.0000    1    2.000   1.0000       realRep
184.0000    4    2.000   1.0000     pseudoNov
186.0000    1    2.000   1.0000       realRep
188.0000    0    2.000   1.0000          NULL 
190.0000    3    2.000   1.0000     pseudoRep
192.0000    4    2.000   1.0000     pseudoNov
194.0000    4    2.000   1.0000     pseudoNov
196.0000    0    2.000   1.0000          NULL 
198.0000    4    2.000   1.0000     pseudoNov
200.0000    2    2.000   1.0000       realNov
202.0000    0    2.000   1.0000          NULL 
204.0000    3    2.000   1.0000     pseudoRep
206.0000    4    2.000   1.0000     pseudoNov
208.0000    3    2.000   1.0000     pseudoRep
210.0000    0    2.000   1.0000          NULL 
212.0000    2    2.000   1.0000       realNov
214.0000    1    2.000   1.0000       realRep
216.0000    0    2.000   1.0000          NULL 
218.0000    4    2.000   1.0000     pseudoNov
220.0000    1    2.000   1.0000       realRep
222.0000    1    2.000   1.0000       realRep
224.0000    3    2.000   1.0000     pseudoRep
226.0000    4    2.000   1.0000     pseudoNov
228.0000    3    2.000   1.0000     pseudoRep
230.0000    2    2.000   1.0000       realNov
232.0000    0    2.000   1.0000          NULL 
234.0000    1    2.000   1.0000       realRep
236.0000    3    2.000   1.0000     pseudoRep
238.0000    0    2.000   1.0000          NULL 
240.0000    2    2.000   1.0000       realNov
242.0000    1    2.000   1.0000       realRep
244.0000    1    2.000   1.0000       realRep
246.0000    3    2.000   1.0000     pseudoRep
248.0000    1    2.000   1.0000       realRep
250.0000    2    2.000   1.0000       realNov
252.0000    2    2.000   1.0000       realNov
254.0000    4    2.000   1.0000     pseudoNov
256.0000    2    2.000   1.0000       realNov
258.0000    1    2.000   1.0000       realRep
260.0000    4    2.000   1.0000     pseudoNov
262.0000    3    2.000   1.0000     pseudoRep
264.0000    3    2.000   1.0000     pseudoRep
266.0000    4    2.000   1.0000     pseudoNov
268.0000    0    2.000   1.0000          NULL 
270.0000    3    2.000   1.0000     pseudoRep
272.0000    0    2.000   1.0000          NULL 
274.0000    3    2.000   1.0000     pseudoRep
276.0000    2    2.000   1.0000       realNov
278.0000    2    2.000   1.0000       realNov
280.0000    4    2.000   1.0000     pseudoNov
282.0000    4    2.000   1.0000     pseudoNov
284.0000    1    2.000   1.0000       realRep
286.0000    2    2.000   1.0000       realNov
288.0000    3    2.000   1.0000     pseudoRep
290.0000    0    2.000   1.0000          NULL 
292.0000    2    2.000   1.0000       realNov
294.0000    2    2.000   1.0000       realNov
296.0000    1    2.000   1.0000       realRep
298.0000    4    2.000   1.0000     pseudoNov
300.0000    4    2.000   1.0000     pseudoNov
302.0000    1    2.000   1.0000       realRep
304.0000    3    2.000   1.0000     pseudoRep
306.0000    3    2.000   1.0000     pseudoRep
308.0000    1    2.000   1.0000       realRep
310.0000    0    2.000   1.0000          NULL 
312.0000    1    2.000   1.0000       realRep
314.0000    0    4.000   1.0000          NULL 
318.0000    4    2.000   1.0000     pseudoNov
320.0000    2    2.000   1.0000       realNov
322.0000    2    2.000   1.0000       realNov
324.0000    2    2.000   1.0000       realNov
326.0000    2    2.000   1.0000       realNov
328.0000    1    2.000   1.0000       realRep
330.0000    0    2.000   1.0000          NULL 
332.0000    4    2.000   1.0000     pseudoNov
334.0000    4    2.000   1.0000     pseudoNov
336.0000    2    2.000   1.0000       realNov
338.0000    2    2.000   1.0000       realNov
340.0000    0    2.000   1.0000          NULL 
342.0000    4    2.000   1.0000     pseudoNov
344.0000    0    2.000   1.0000          NULL 
346.0000    4    2.000   1.0000     pseudoNov
348.0000    1    2.000   1.0000       realRep
350.0000    1    2.000   1.0000       realRep
352.0000    0    2.000   1.0000          NULL 
354.0000    3    2.000   1.0000     pseudoRep
356.0000    3    2.000   1.0000     pseudoRep
358.0000    3    2.000   1.0000     pseudoRep
360.0000    1    2.000   1.0000       realRep
362.0000    3    2.000   1.0000     pseudoRep
364.0000    4    2.000   1.0000     pseudoNov
366.0000    0    2.000   1.0000          NULL 
368.0000    3    2.000   1.0000     pseudoRep
370.0000    0    2.000   1.0000          NULL 
372.0000    4    2.000   1.0000     pseudoNov
374.0000    0    2.000   1.0000          NULL 
376.0000    3    2.000   1.0000     pseudoRep
378.0000    3    2.000   1.0000     pseudoRep
380.0000    0    2.000   1.0000          NULL 
382.0000    1    2.000   1.0000       realRep
384.0000    4    2.000   1.0000     pseudoNov
386.0000    2    2.000   1.0000       realNov
388.0000    1    2.000   1.0000       realRep
390.0000    1    2.000   1.0000       realRep
392.0000    2    2.000   1.0000       realNov
394.0000    4    2.000   1.0000     pseudoNov
396.0000    1    2.000   1.0000       realRep
398.0000    4    2.000   1.0000     pseudoNov
