  0.0000    5    2.000   1.0000         pwOrt
  2.0000    1    2.000   1.0000         rwRep
  4.0000    0    4.000   1.0000          NULL 
  8.0000    5    2.000   1.0000         pwOrt
 10.0000    3    2.000   1.0000         rwNov
 12.0000    5    2.000   1.0000         pwOrt
 14.0000    3    2.000   1.0000         rwNov
 16.0000    0    2.000   1.0000          NULL 
 18.0000    4    2.000   1.0000         pwRep
 20.0000    6    2.000   1.0000         pwNov
 22.0000    2    2.000   1.0000         rwOrt
 24.0000    3    2.000   1.0000         rwNov
 26.0000    0    2.000   1.0000          NULL 
 28.0000    2    2.000   1.0000         rwOrt
 30.0000    0    4.000   1.0000          NULL 
 34.0000    2    2.000   1.0000         rwOrt
 36.0000    6    2.000   1.0000         pwNov
 38.0000    0    2.000   1.0000          NULL 
 40.0000    1    2.000   1.0000         rwRep
 42.0000    0    2.000   1.0000          NULL 
 44.0000    1    2.000   1.0000         rwRep
 46.0000    3    2.000   1.0000         rwNov
 48.0000    6    2.000   1.0000         pwNov
 50.0000    0    2.000   1.0000          NULL 
 52.0000    2    2.000   1.0000         rwOrt
 54.0000    0    2.000   1.0000          NULL 
 56.0000    6    2.000   1.0000         pwNov
 58.0000    0    2.000   1.0000          NULL 
 60.0000    6    2.000   1.0000         pwNov
 62.0000    1    2.000   1.0000         rwRep
 64.0000    0    6.000   1.0000          NULL 
 70.0000    5    2.000   1.0000         pwOrt
 72.0000    2    2.000   1.0000         rwOrt
 74.0000    4    2.000   1.0000         pwRep
 76.0000    3    2.000   1.0000         rwNov
 78.0000    0    2.000   1.0000          NULL 
 80.0000    4    2.000   1.0000         pwRep
 82.0000    0    2.000   1.0000          NULL 
 84.0000    6    2.000   1.0000         pwNov
 86.0000    4    2.000   1.0000         pwRep
 88.0000    6    2.000   1.0000         pwNov
 90.0000    2    2.000   1.0000         rwOrt
 92.0000    0    2.000   1.0000          NULL 
 94.0000    1    2.000   1.0000         rwRep
 96.0000    1    2.000   1.0000         rwRep
 98.0000    2    2.000   1.0000         rwOrt
100.0000    2    2.000   1.0000         rwOrt
102.0000    4    2.000   1.0000         pwRep
104.0000    2    2.000   1.0000         rwOrt
106.0000    0    2.000   1.0000          NULL 
108.0000    4    2.000   1.0000         pwRep
110.0000    4    2.000   1.0000         pwRep
112.0000    0    2.000   1.0000          NULL 
114.0000    6    2.000   1.0000         pwNov
116.0000    2    2.000   1.0000         rwOrt
118.0000    0    2.000   1.0000          NULL 
120.0000    3    2.000   1.0000         rwNov
122.0000    0    4.000   1.0000          NULL 
126.0000    4    2.000   1.0000         pwRep
128.0000    0    2.000   1.0000          NULL 
130.0000    4    2.000   1.0000         pwRep
132.0000    0    4.000   1.0000          NULL 
136.0000    4    2.000   1.0000         pwRep
138.0000    2    2.000   1.0000         rwOrt
140.0000    3    2.000   1.0000         rwNov
142.0000    3    2.000   1.0000         rwNov
144.0000    5    2.000   1.0000         pwOrt
146.0000    0    4.000   1.0000          NULL 
150.0000    6    2.000   1.0000         pwNov
152.0000    3    2.000   1.0000         rwNov
154.0000    4    2.000   1.0000         pwRep
156.0000    1    2.000   1.0000         rwRep
158.0000    4    2.000   1.0000         pwRep
160.0000    5    2.000   1.0000         pwOrt
162.0000    2    2.000   1.0000         rwOrt
164.0000    1    2.000   1.0000         rwRep
166.0000    0    2.000   1.0000          NULL 
168.0000    3    2.000   1.0000         rwNov
170.0000    0    4.000   1.0000          NULL 
174.0000    5    2.000   1.0000         pwOrt
176.0000    2    2.000   1.0000         rwOrt
178.0000    0    2.000   1.0000          NULL 
180.0000    4    2.000   1.0000         pwRep
182.0000    1    2.000   1.0000         rwRep
184.0000    5    2.000   1.0000         pwOrt
186.0000    5    2.000   1.0000         pwOrt
188.0000    6    2.000   1.0000         pwNov
190.0000    4    2.000   1.0000         pwRep
192.0000    4    2.000   1.0000         pwRep
194.0000    3    2.000   1.0000         rwNov
196.0000    0    4.000   1.0000          NULL 
200.0000    3    2.000   1.0000         rwNov
202.0000    6    2.000   1.0000         pwNov
204.0000    0    4.000   1.0000          NULL 
208.0000    5    2.000   1.0000         pwOrt
210.0000    5    2.000   1.0000         pwOrt
212.0000    4    2.000   1.0000         pwRep
214.0000    5    2.000   1.0000         pwOrt
216.0000    4    2.000   1.0000         pwRep
218.0000    0    2.000   1.0000          NULL 
220.0000    6    2.000   1.0000         pwNov
222.0000    0    2.000   1.0000          NULL 
224.0000    6    2.000   1.0000         pwNov
226.0000    0    4.000   1.0000          NULL 
230.0000    3    2.000   1.0000         rwNov
232.0000    6    2.000   1.0000         pwNov
234.0000    0    2.000   1.0000          NULL 
236.0000    5    2.000   1.0000         pwOrt
238.0000    0    2.000   1.0000          NULL 
240.0000    1    2.000   1.0000         rwRep
242.0000    0    2.000   1.0000          NULL 
244.0000    5    2.000   1.0000         pwOrt
246.0000    0    2.000   1.0000          NULL 
248.0000    3    2.000   1.0000         rwNov
250.0000    5    2.000   1.0000         pwOrt
252.0000    0    2.000   1.0000          NULL 
254.0000    1    2.000   1.0000         rwRep
256.0000    4    2.000   1.0000         pwRep
258.0000    1    2.000   1.0000         rwRep
260.0000    0    8.000   1.0000          NULL 
268.0000    1    2.000   1.0000         rwRep
270.0000    0    2.000   1.0000          NULL 
272.0000    4    2.000   1.0000         pwRep
274.0000    0    2.000   1.0000          NULL 
276.0000    5    2.000   1.0000         pwOrt
278.0000    6    2.000   1.0000         pwNov
280.0000    1    2.000   1.0000         rwRep
282.0000    6    2.000   1.0000         pwNov
284.0000    0    2.000   1.0000          NULL 
286.0000    3    2.000   1.0000         rwNov
288.0000    5    2.000   1.0000         pwOrt
290.0000    1    2.000   1.0000         rwRep
292.0000    6    2.000   1.0000         pwNov
294.0000    6    2.000   1.0000         pwNov
296.0000    1    2.000   1.0000         rwRep
298.0000    2    2.000   1.0000         rwOrt
300.0000    3    2.000   1.0000         rwNov
302.0000    2    2.000   1.0000         rwOrt
304.0000    0    8.000   1.0000          NULL 
312.0000    1    2.000   1.0000         rwRep
314.0000    2    2.000   1.0000         rwOrt
316.0000    3    2.000   1.0000         rwNov
318.0000    1    2.000   1.0000         rwRep
320.0000    6    2.000   1.0000         pwNov
322.0000    2    2.000   1.0000         rwOrt
324.0000    2    2.000   1.0000         rwOrt
326.0000    5    2.000   1.0000         pwOrt
328.0000    5    2.000   1.0000         pwOrt
330.0000    6    2.000   1.0000         pwNov
332.0000    5    2.000   1.0000         pwOrt
334.0000    0    2.000   1.0000          NULL 
336.0000    3    2.000   1.0000         rwNov
338.0000    0    2.000   1.0000          NULL 
340.0000    2    2.000   1.0000         rwOrt
342.0000    0    2.000   1.0000          NULL 
344.0000    2    2.000   1.0000         rwOrt
346.0000    3    2.000   1.0000         rwNov
348.0000    1    2.000   1.0000         rwRep
350.0000    0    2.000   1.0000          NULL 
352.0000    3    2.000   1.0000         rwNov
354.0000    0    2.000   1.0000          NULL 
356.0000    4    2.000   1.0000         pwRep
358.0000    1    2.000   1.0000         rwRep
