  0.0000    6    2.000   1.0000         pwNov
  2.0000    3    2.000   1.0000         rwNov
  4.0000    5    2.000   1.0000         pwOrt
  6.0000    5    2.000   1.0000         pwOrt
  8.0000    1    2.000   1.0000         rwRep
 10.0000    3    2.000   1.0000         rwNov
 12.0000    2    2.000   1.0000         rwOrt
 14.0000    0    2.000   1.0000          NULL 
 16.0000    1    2.000   1.0000         rwRep
 18.0000    0    2.000   1.0000          NULL 
 20.0000    2    2.000   1.0000         rwOrt
 22.0000    0    2.000   1.0000          NULL 
 24.0000    5    2.000   1.0000         pwOrt
 26.0000    4    2.000   1.0000         pwRep
 28.0000    3    2.000   1.0000         rwNov
 30.0000    0    4.000   1.0000          NULL 
 34.0000    3    2.000   1.0000         rwNov
 36.0000    4    2.000   1.0000         pwRep
 38.0000    4    2.000   1.0000         pwRep
 40.0000    0    2.000   1.0000          NULL 
 42.0000    6    2.000   1.0000         pwNov
 44.0000    0    2.000   1.0000          NULL 
 46.0000    2    2.000   1.0000         rwOrt
 48.0000    0    2.000   1.0000          NULL 
 50.0000    2    2.000   1.0000         rwOrt
 52.0000    2    2.000   1.0000         rwOrt
 54.0000    0    2.000   1.0000          NULL 
 56.0000    4    2.000   1.0000         pwRep
 58.0000    5    2.000   1.0000         pwOrt
 60.0000    6    2.000   1.0000         pwNov
 62.0000    1    2.000   1.0000         rwRep
 64.0000    4    2.000   1.0000         pwRep
 66.0000    6    2.000   1.0000         pwNov
 68.0000    4    2.000   1.0000         pwRep
 70.0000    0    2.000   1.0000          NULL 
 72.0000    4    2.000   1.0000         pwRep
 74.0000    1    2.000   1.0000         rwRep
 76.0000    3    2.000   1.0000         rwNov
 78.0000    3    2.000   1.0000         rwNov
 80.0000    6    2.000   1.0000         pwNov
 82.0000    0    2.000   1.0000          NULL 
 84.0000    2    2.000   1.0000         rwOrt
 86.0000    4    2.000   1.0000         pwRep
 88.0000    3    2.000   1.0000         rwNov
 90.0000    1    2.000   1.0000         rwRep
 92.0000    3    2.000   1.0000         rwNov
 94.0000    4    2.000   1.0000         pwRep
 96.0000    3    2.000   1.0000         rwNov
 98.0000    2    2.000   1.0000         rwOrt
100.0000    4    2.000   1.0000         pwRep
102.0000    0    2.000   1.0000          NULL 
104.0000    4    2.000   1.0000         pwRep
106.0000    3    2.000   1.0000         rwNov
108.0000    0    2.000   1.0000          NULL 
110.0000    3    2.000   1.0000         rwNov
112.0000    0    2.000   1.0000          NULL 
114.0000    2    2.000   1.0000         rwOrt
116.0000    1    2.000   1.0000         rwRep
118.0000    1    2.000   1.0000         rwRep
120.0000    2    2.000   1.0000         rwOrt
122.0000    4    2.000   1.0000         pwRep
124.0000    5    2.000   1.0000         pwOrt
126.0000    3    2.000   1.0000         rwNov
128.0000    2    2.000   1.0000         rwOrt
130.0000    1    2.000   1.0000         rwRep
132.0000    4    2.000   1.0000         pwRep
134.0000    5    2.000   1.0000         pwOrt
136.0000    2    2.000   1.0000         rwOrt
138.0000    0    2.000   1.0000          NULL 
140.0000    6    2.000   1.0000         pwNov
142.0000    4    2.000   1.0000         pwRep
144.0000    6    2.000   1.0000         pwNov
146.0000    3    2.000   1.0000         rwNov
148.0000    1    2.000   1.0000         rwRep
150.0000    1    2.000   1.0000         rwRep
152.0000    4    2.000   1.0000         pwRep
154.0000    1    2.000   1.0000         rwRep
156.0000    6    2.000   1.0000         pwNov
158.0000    1    2.000   1.0000         rwRep
160.0000    0    6.000   1.0000          NULL 
166.0000    3    2.000   1.0000         rwNov
168.0000    0    4.000   1.0000          NULL 
172.0000    3    2.000   1.0000         rwNov
174.0000    0    2.000   1.0000          NULL 
176.0000    6    2.000   1.0000         pwNov
178.0000    1    2.000   1.0000         rwRep
180.0000    0    6.000   1.0000          NULL 
186.0000    1    2.000   1.0000         rwRep
188.0000    0    2.000   1.0000          NULL 
190.0000    6    2.000   1.0000         pwNov
192.0000    5    2.000   1.0000         pwOrt
194.0000    3    2.000   1.0000         rwNov
196.0000    2    2.000   1.0000         rwOrt
198.0000    5    2.000   1.0000         pwOrt
200.0000    6    2.000   1.0000         pwNov
202.0000    0    6.000   1.0000          NULL 
208.0000    3    2.000   1.0000         rwNov
210.0000    4    2.000   1.0000         pwRep
212.0000    0    2.000   1.0000          NULL 
214.0000    2    2.000   1.0000         rwOrt
216.0000    2    2.000   1.0000         rwOrt
218.0000    0    2.000   1.0000          NULL 
220.0000    1    2.000   1.0000         rwRep
222.0000    2    2.000   1.0000         rwOrt
224.0000    6    2.000   1.0000         pwNov
226.0000    0    6.000   1.0000          NULL 
232.0000    5    2.000   1.0000         pwOrt
234.0000    3    2.000   1.0000         rwNov
236.0000    0    2.000   1.0000          NULL 
238.0000    6    2.000   1.0000         pwNov
240.0000    4    2.000   1.0000         pwRep
242.0000    0    2.000   1.0000          NULL 
244.0000    1    2.000   1.0000         rwRep
246.0000    4    2.000   1.0000         pwRep
248.0000    0    2.000   1.0000          NULL 
250.0000    5    2.000   1.0000         pwOrt
252.0000    5    2.000   1.0000         pwOrt
254.0000    0    4.000   1.0000          NULL 
258.0000    3    2.000   1.0000         rwNov
260.0000    0    2.000   1.0000          NULL 
262.0000    2    2.000   1.0000         rwOrt
264.0000    0    2.000   1.0000          NULL 
266.0000    5    2.000   1.0000         pwOrt
268.0000    0    6.000   1.0000          NULL 
274.0000    1    2.000   1.0000         rwRep
276.0000    0    2.000   1.0000          NULL 
278.0000    6    2.000   1.0000         pwNov
280.0000    2    2.000   1.0000         rwOrt
282.0000    0    2.000   1.0000          NULL 
284.0000    6    2.000   1.0000         pwNov
286.0000    6    2.000   1.0000         pwNov
288.0000    1    2.000   1.0000         rwRep
290.0000    6    2.000   1.0000         pwNov
292.0000    0    4.000   1.0000          NULL 
296.0000    5    2.000   1.0000         pwOrt
298.0000    0    2.000   1.0000          NULL 
300.0000    4    2.000   1.0000         pwRep
302.0000    0    2.000   1.0000          NULL 
304.0000    5    2.000   1.0000         pwOrt
306.0000    4    2.000   1.0000         pwRep
308.0000    5    2.000   1.0000         pwOrt
310.0000    0    6.000   1.0000          NULL 
316.0000    6    2.000   1.0000         pwNov
318.0000    3    2.000   1.0000         rwNov
320.0000    5    2.000   1.0000         pwOrt
322.0000    1    2.000   1.0000         rwRep
324.0000    6    2.000   1.0000         pwNov
326.0000    0    2.000   1.0000          NULL 
328.0000    5    2.000   1.0000         pwOrt
330.0000    2    2.000   1.0000         rwOrt
332.0000    1    2.000   1.0000         rwRep
334.0000    5    2.000   1.0000         pwOrt
336.0000    6    2.000   1.0000         pwNov
338.0000    5    2.000   1.0000         pwOrt
340.0000    2    2.000   1.0000         rwOrt
342.0000    0    6.000   1.0000          NULL 
348.0000    5    2.000   1.0000         pwOrt
350.0000    0    4.000   1.0000          NULL 
354.0000    2    2.000   1.0000         rwOrt
356.0000    0    4.000   1.0000          NULL 
