  0.0000    2    2.000   1.0000         rwOrt
  2.0000    1    2.000   1.0000         rwRep
  4.0000    5    2.000   1.0000         pwOrt
  6.0000    1    2.000   1.0000         rwRep
  8.0000    2    2.000   1.0000         rwOrt
 10.0000    2    2.000   1.0000         rwOrt
 12.0000    1    2.000   1.0000         rwRep
 14.0000    0    2.000   1.0000          NULL 
 16.0000    6    2.000   1.0000         pwNov
 18.0000    0    2.000   1.0000          NULL 
 20.0000    4    2.000   1.0000         pwRep
 22.0000    0    2.000   1.0000          NULL 
 24.0000    6    2.000   1.0000         pwNov
 26.0000    2    2.000   1.0000         rwOrt
 28.0000    3    2.000   1.0000         rwNov
 30.0000    0    2.000   1.0000          NULL 
 32.0000    1    2.000   1.0000         rwRep
 34.0000    5    2.000   1.0000         pwOrt
 36.0000    1    2.000   1.0000         rwRep
 38.0000    4    2.000   1.0000         pwRep
 40.0000    2    2.000   1.0000         rwOrt
 42.0000    0    2.000   1.0000          NULL 
 44.0000    2    2.000   1.0000         rwOrt
 46.0000    4    2.000   1.0000         pwRep
 48.0000    4    2.000   1.0000         pwRep
 50.0000    2    2.000   1.0000         rwOrt
 52.0000    6    2.000   1.0000         pwNov
 54.0000    1    2.000   1.0000         rwRep
 56.0000    0    2.000   1.0000          NULL 
 58.0000    6    2.000   1.0000         pwNov
 60.0000    0    2.000   1.0000          NULL 
 62.0000    5    2.000   1.0000         pwOrt
 64.0000    2    2.000   1.0000         rwOrt
 66.0000    1    2.000   1.0000         rwRep
 68.0000    1    2.000   1.0000         rwRep
 70.0000    6    2.000   1.0000         pwNov
 72.0000    0    2.000   1.0000          NULL 
 74.0000    1    2.000   1.0000         rwRep
 76.0000    3    2.000   1.0000         rwNov
 78.0000    0    2.000   1.0000          NULL 
 80.0000    3    2.000   1.0000         rwNov
 82.0000    0    2.000   1.0000          NULL 
 84.0000    6    2.000   1.0000         pwNov
 86.0000    4    2.000   1.0000         pwRep
 88.0000    1    2.000   1.0000         rwRep
 90.0000    5    2.000   1.0000         pwOrt
 92.0000    5    2.000   1.0000         pwOrt
 94.0000    0    6.000   1.0000          NULL 
100.0000    3    2.000   1.0000         rwNov
102.0000    0    2.000   1.0000          NULL 
104.0000    3    2.000   1.0000         rwNov
106.0000    3    2.000   1.0000         rwNov
108.0000    0    2.000   1.0000          NULL 
110.0000    6    2.000   1.0000         pwNov
112.0000    4    2.000   1.0000         pwRep
114.0000    0    2.000   1.0000          NULL 
116.0000    4    2.000   1.0000         pwRep
118.0000    3    2.000   1.0000         rwNov
120.0000    4    2.000   1.0000         pwRep
122.0000    0    4.000   1.0000          NULL 
126.0000    5    2.000   1.0000         pwOrt
128.0000    0    6.000   1.0000          NULL 
134.0000    5    2.000   1.0000         pwOrt
136.0000    3    2.000   1.0000         rwNov
138.0000    5    2.000   1.0000         pwOrt
140.0000    0    2.000   1.0000          NULL 
142.0000    4    2.000   1.0000         pwRep
144.0000    2    2.000   1.0000         rwOrt
146.0000    3    2.000   1.0000         rwNov
148.0000    0    2.000   1.0000          NULL 
150.0000    1    2.000   1.0000         rwRep
152.0000    2    2.000   1.0000         rwOrt
154.0000    1    2.000   1.0000         rwRep
156.0000    6    2.000   1.0000         pwNov
158.0000    1    2.000   1.0000         rwRep
160.0000    5    2.000   1.0000         pwOrt
162.0000    0    2.000   1.0000          NULL 
164.0000    6    2.000   1.0000         pwNov
166.0000    6    2.000   1.0000         pwNov
168.0000    4    2.000   1.0000         pwRep
170.0000    6    2.000   1.0000         pwNov
172.0000    0    4.000   1.0000          NULL 
176.0000    1    2.000   1.0000         rwRep
178.0000    0    2.000   1.0000          NULL 
180.0000    2    2.000   1.0000         rwOrt
182.0000    0    2.000   1.0000          NULL 
184.0000    3    2.000   1.0000         rwNov
186.0000    0    6.000   1.0000          NULL 
192.0000    3    2.000   1.0000         rwNov
194.0000    0    2.000   1.0000          NULL 
196.0000    4    2.000   1.0000         pwRep
198.0000    6    2.000   1.0000         pwNov
200.0000    5    2.000   1.0000         pwOrt
202.0000    4    2.000   1.0000         pwRep
204.0000    6    2.000   1.0000         pwNov
206.0000    1    2.000   1.0000         rwRep
208.0000    5    2.000   1.0000         pwOrt
210.0000    5    2.000   1.0000         pwOrt
212.0000    0    2.000   1.0000          NULL 
214.0000    1    2.000   1.0000         rwRep
216.0000    0    2.000   1.0000          NULL 
218.0000    3    2.000   1.0000         rwNov
220.0000    6    2.000   1.0000         pwNov
222.0000    4    2.000   1.0000         pwRep
224.0000    3    2.000   1.0000         rwNov
226.0000    0    6.000   1.0000          NULL 
232.0000    5    2.000   1.0000         pwOrt
234.0000    2    2.000   1.0000         rwOrt
236.0000    2    2.000   1.0000         rwOrt
238.0000    6    2.000   1.0000         pwNov
240.0000    0    2.000   1.0000          NULL 
242.0000    6    2.000   1.0000         pwNov
244.0000    2    2.000   1.0000         rwOrt
246.0000    0    4.000   1.0000          NULL 
250.0000    3    2.000   1.0000         rwNov
252.0000    1    2.000   1.0000         rwRep
254.0000    6    2.000   1.0000         pwNov
256.0000    0    2.000   1.0000          NULL 
258.0000    3    2.000   1.0000         rwNov
260.0000    5    2.000   1.0000         pwOrt
262.0000    1    2.000   1.0000         rwRep
264.0000    4    2.000   1.0000         pwRep
266.0000    3    2.000   1.0000         rwNov
268.0000    5    2.000   1.0000         pwOrt
270.0000    0    2.000   1.0000          NULL 
272.0000    3    2.000   1.0000         rwNov
274.0000    2    2.000   1.0000         rwOrt
276.0000    0    2.000   1.0000          NULL 
278.0000    4    2.000   1.0000         pwRep
280.0000    0    2.000   1.0000          NULL 
282.0000    2    2.000   1.0000         rwOrt
284.0000    0    2.000   1.0000          NULL 
286.0000    5    2.000   1.0000         pwOrt
288.0000    3    2.000   1.0000         rwNov
290.0000    2    2.000   1.0000         rwOrt
292.0000    5    2.000   1.0000         pwOrt
294.0000    0    4.000   1.0000          NULL 
298.0000    5    2.000   1.0000         pwOrt
300.0000    5    2.000   1.0000         pwOrt
302.0000    5    2.000   1.0000         pwOrt
304.0000    3    2.000   1.0000         rwNov
306.0000    4    2.000   1.0000         pwRep
308.0000    0    2.000   1.0000          NULL 
310.0000    1    2.000   1.0000         rwRep
312.0000    0    4.000   1.0000          NULL 
316.0000    3    2.000   1.0000         rwNov
318.0000    6    2.000   1.0000         pwNov
320.0000    1    2.000   1.0000         rwRep
322.0000    0    2.000   1.0000          NULL 
324.0000    6    2.000   1.0000         pwNov
326.0000    0    4.000   1.0000          NULL 
330.0000    6    2.000   1.0000         pwNov
332.0000    0    2.000   1.0000          NULL 
334.0000    4    2.000   1.0000         pwRep
336.0000    2    2.000   1.0000         rwOrt
338.0000    4    2.000   1.0000         pwRep
340.0000    4    2.000   1.0000         pwRep
342.0000    2    2.000   1.0000         rwOrt
344.0000    0    4.000   1.0000          NULL 
348.0000    2    2.000   1.0000         rwOrt
350.0000    4    2.000   1.0000         pwRep
352.0000    0    8.000   1.0000          NULL 
