  0.0000    4    2.000   1.0000         pwRep
  2.0000    2    2.000   1.0000         rwOrt
  4.0000    2    2.000   1.0000         rwOrt
  6.0000    3    2.000   1.0000         rwNov
  8.0000    2    2.000   1.0000         rwOrt
 10.0000    5    2.000   1.0000         pwOrt
 12.0000    0    2.000   1.0000          NULL 
 14.0000    3    2.000   1.0000         rwNov
 16.0000    0    2.000   1.0000          NULL 
 18.0000    6    2.000   1.0000         pwNov
 20.0000    1    2.000   1.0000         rwRep
 22.0000    1    2.000   1.0000         rwRep
 24.0000    5    2.000   1.0000         pwOrt
 26.0000    0    2.000   1.0000          NULL 
 28.0000    3    2.000   1.0000         rwNov
 30.0000    2    2.000   1.0000         rwOrt
 32.0000    0    4.000   1.0000          NULL 
 36.0000    4    2.000   1.0000         pwRep
 38.0000    6    2.000   1.0000         pwNov
 40.0000    4    2.000   1.0000         pwRep
 42.0000    3    2.000   1.0000         rwNov
 44.0000    2    2.000   1.0000         rwOrt
 46.0000    4    2.000   1.0000         pwRep
 48.0000    0    2.000   1.0000          NULL 
 50.0000    3    2.000   1.0000         rwNov
 52.0000    0    2.000   1.0000          NULL 
 54.0000    3    2.000   1.0000         rwNov
 56.0000    1    2.000   1.0000         rwRep
 58.0000    1    2.000   1.0000         rwRep
 60.0000    0    2.000   1.0000          NULL 
 62.0000    4    2.000   1.0000         pwRep
 64.0000    0    2.000   1.0000          NULL 
 66.0000    6    2.000   1.0000         pwNov
 68.0000    4    2.000   1.0000         pwRep
 70.0000    2    2.000   1.0000         rwOrt
 72.0000    0    2.000   1.0000          NULL 
 74.0000    1    2.000   1.0000         rwRep
 76.0000    3    2.000   1.0000         rwNov
 78.0000    4    2.000   1.0000         pwRep
 80.0000    4    2.000   1.0000         pwRep
 82.0000    5    2.000   1.0000         pwOrt
 84.0000    6    2.000   1.0000         pwNov
 86.0000    4    2.000   1.0000         pwRep
 88.0000    0    2.000   1.0000          NULL 
 90.0000    2    2.000   1.0000         rwOrt
 92.0000    4    2.000   1.0000         pwRep
 94.0000    5    2.000   1.0000         pwOrt
 96.0000    1    2.000   1.0000         rwRep
 98.0000    5    2.000   1.0000         pwOrt
100.0000    5    2.000   1.0000         pwOrt
102.0000    4    2.000   1.0000         pwRep
104.0000    0    4.000   1.0000          NULL 
108.0000    2    2.000   1.0000         rwOrt
110.0000    5    2.000   1.0000         pwOrt
112.0000    0    2.000   1.0000          NULL 
114.0000    5    2.000   1.0000         pwOrt
116.0000    1    2.000   1.0000         rwRep
118.0000    6    2.000   1.0000         pwNov
120.0000    2    2.000   1.0000         rwOrt
122.0000    1    2.000   1.0000         rwRep
124.0000    4    2.000   1.0000         pwRep
126.0000    2    2.000   1.0000         rwOrt
128.0000    3    2.000   1.0000         rwNov
130.0000    2    2.000   1.0000         rwOrt
132.0000    0    4.000   1.0000          NULL 
136.0000    2    2.000   1.0000         rwOrt
138.0000    3    2.000   1.0000         rwNov
140.0000    5    2.000   1.0000         pwOrt
142.0000    6    2.000   1.0000         pwNov
144.0000    0    6.000   1.0000          NULL 
150.0000    6    2.000   1.0000         pwNov
152.0000    0    4.000   1.0000          NULL 
156.0000    3    2.000   1.0000         rwNov
158.0000    4    2.000   1.0000         pwRep
160.0000    5    2.000   1.0000         pwOrt
162.0000    2    2.000   1.0000         rwOrt
164.0000    0    2.000   1.0000          NULL 
166.0000    4    2.000   1.0000         pwRep
168.0000    3    2.000   1.0000         rwNov
170.0000    6    2.000   1.0000         pwNov
172.0000    3    2.000   1.0000         rwNov
174.0000    0    2.000   1.0000          NULL 
176.0000    6    2.000   1.0000         pwNov
178.0000    0    2.000   1.0000          NULL 
180.0000    1    2.000   1.0000         rwRep
182.0000    1    2.000   1.0000         rwRep
184.0000    2    2.000   1.0000         rwOrt
186.0000    1    2.000   1.0000         rwRep
188.0000    5    2.000   1.0000         pwOrt
190.0000    0    2.000   1.0000          NULL 
192.0000    1    2.000   1.0000         rwRep
194.0000    0    4.000   1.0000          NULL 
198.0000    2    2.000   1.0000         rwOrt
200.0000    0    2.000   1.0000          NULL 
202.0000    4    2.000   1.0000         pwRep
204.0000    0    6.000   1.0000          NULL 
210.0000    6    2.000   1.0000         pwNov
212.0000    6    2.000   1.0000         pwNov
214.0000    0    6.000   1.0000          NULL 
220.0000    3    2.000   1.0000         rwNov
222.0000    0    4.000   1.0000          NULL 
226.0000    6    2.000   1.0000         pwNov
228.0000    0    2.000   1.0000          NULL 
230.0000    5    2.000   1.0000         pwOrt
232.0000    0    2.000   1.0000          NULL 
234.0000    1    2.000   1.0000         rwRep
236.0000    6    2.000   1.0000         pwNov
238.0000    5    2.000   1.0000         pwOrt
240.0000    0    2.000   1.0000          NULL 
242.0000    5    2.000   1.0000         pwOrt
244.0000    2    2.000   1.0000         rwOrt
246.0000    2    2.000   1.0000         rwOrt
248.0000    1    2.000   1.0000         rwRep
250.0000    0    6.000   1.0000          NULL 
256.0000    1    2.000   1.0000         rwRep
258.0000    0    2.000   1.0000          NULL 
260.0000    3    2.000   1.0000         rwNov
262.0000    6    2.000   1.0000         pwNov
264.0000    1    2.000   1.0000         rwRep
266.0000    2    2.000   1.0000         rwOrt
268.0000    6    2.000   1.0000         pwNov
270.0000    0    4.000   1.0000          NULL 
274.0000    5    2.000   1.0000         pwOrt
276.0000    5    2.000   1.0000         pwOrt
278.0000    2    2.000   1.0000         rwOrt
280.0000    4    2.000   1.0000         pwRep
282.0000    6    2.000   1.0000         pwNov
284.0000    5    2.000   1.0000         pwOrt
286.0000    1    2.000   1.0000         rwRep
288.0000    0    2.000   1.0000          NULL 
290.0000    5    2.000   1.0000         pwOrt
292.0000    0    4.000   1.0000          NULL 
296.0000    6    2.000   1.0000         pwNov
298.0000    3    2.000   1.0000         rwNov
300.0000    4    2.000   1.0000         pwRep
302.0000    0    2.000   1.0000          NULL 
304.0000    4    2.000   1.0000         pwRep
306.0000    1    2.000   1.0000         rwRep
308.0000    0    2.000   1.0000          NULL 
310.0000    3    2.000   1.0000         rwNov
312.0000    0    2.000   1.0000          NULL 
314.0000    2    2.000   1.0000         rwOrt
316.0000    3    2.000   1.0000         rwNov
318.0000    0    2.000   1.0000          NULL 
320.0000    1    2.000   1.0000         rwRep
322.0000    1    2.000   1.0000         rwRep
324.0000    0    8.000   1.0000          NULL 
332.0000    3    2.000   1.0000         rwNov
334.0000    4    2.000   1.0000         pwRep
336.0000    3    2.000   1.0000         rwNov
338.0000    0    2.000   1.0000          NULL 
340.0000    5    2.000   1.0000         pwOrt
342.0000    0    2.000   1.0000          NULL 
344.0000    4    2.000   1.0000         pwRep
346.0000    0    2.000   1.0000          NULL 
348.0000    5    2.000   1.0000         pwOrt
350.0000    6    2.000   1.0000         pwNov
352.0000    3    2.000   1.0000         rwNov
354.0000    6    2.000   1.0000         pwNov
356.0000    6    2.000   1.0000         pwNov
358.0000    0    2.000   1.0000          NULL 
