  0.0000    3    2.000   1.0000         rwNov
  2.0000    1    2.000   1.0000         rwRep
  4.0000    6    2.000   1.0000         pwNov
  6.0000    6    2.000   1.0000         pwNov
  8.0000    4    2.000   1.0000         pwRep
 10.0000    0    2.000   1.0000          NULL 
 12.0000    5    2.000   1.0000         pwOrt
 14.0000    1    2.000   1.0000         rwRep
 16.0000    1    2.000   1.0000         rwRep
 18.0000    5    2.000   1.0000         pwOrt
 20.0000    6    2.000   1.0000         pwNov
 22.0000    0    4.000   1.0000          NULL 
 26.0000    5    2.000   1.0000         pwOrt
 28.0000    6    2.000   1.0000         pwNov
 30.0000    0    2.000   1.0000          NULL 
 32.0000    6    2.000   1.0000         pwNov
 34.0000    1    2.000   1.0000         rwRep
 36.0000    1    2.000   1.0000         rwRep
 38.0000    0    2.000   1.0000          NULL 
 40.0000    2    2.000   1.0000         rwOrt
 42.0000    2    2.000   1.0000         rwOrt
 44.0000    3    2.000   1.0000         rwNov
 46.0000    2    2.000   1.0000         rwOrt
 48.0000    4    2.000   1.0000         pwRep
 50.0000    3    2.000   1.0000         rwNov
 52.0000    4    2.000   1.0000         pwRep
 54.0000    3    2.000   1.0000         rwNov
 56.0000    2    2.000   1.0000         rwOrt
 58.0000    0    2.000   1.0000          NULL 
 60.0000    4    2.000   1.0000         pwRep
 62.0000    6    2.000   1.0000         pwNov
 64.0000    0    6.000   1.0000          NULL 
 70.0000    4    2.000   1.0000         pwRep
 72.0000    0    4.000   1.0000          NULL 
 76.0000    4    2.000   1.0000         pwRep
 78.0000    4    2.000   1.0000         pwRep
 80.0000    3    2.000   1.0000         rwNov
 82.0000    0    2.000   1.0000          NULL 
 84.0000    3    2.000   1.0000         rwNov
 86.0000    3    2.000   1.0000         rwNov
 88.0000    4    2.000   1.0000         pwRep
 90.0000    0    2.000   1.0000          NULL 
 92.0000    5    2.000   1.0000         pwOrt
 94.0000    3    2.000   1.0000         rwNov
 96.0000    0    2.000   1.0000          NULL 
 98.0000    1    2.000   1.0000         rwRep
100.0000    0    4.000   1.0000          NULL 
104.0000    6    2.000   1.0000         pwNov
106.0000    0    2.000   1.0000          NULL 
108.0000    4    2.000   1.0000         pwRep
110.0000    0    2.000   1.0000          NULL 
112.0000    3    2.000   1.0000         rwNov
114.0000    4    2.000   1.0000         pwRep
116.0000    5    2.000   1.0000         pwOrt
118.0000    0    4.000   1.0000          NULL 
122.0000    4    2.000   1.0000         pwRep
124.0000    1    2.000   1.0000         rwRep
126.0000    3    2.000   1.0000         rwNov
128.0000    3    2.000   1.0000         rwNov
130.0000    6    2.000   1.0000         pwNov
132.0000    2    2.000   1.0000         rwOrt
134.0000    6    2.000   1.0000         pwNov
136.0000    1    2.000   1.0000         rwRep
138.0000    5    2.000   1.0000         pwOrt
140.0000    5    2.000   1.0000         pwOrt
142.0000    3    2.000   1.0000         rwNov
144.0000    3    2.000   1.0000         rwNov
146.0000    1    2.000   1.0000         rwRep
148.0000    1    2.000   1.0000         rwRep
150.0000    4    2.000   1.0000         pwRep
152.0000    4    2.000   1.0000         pwRep
154.0000    4    2.000   1.0000         pwRep
156.0000    0    2.000   1.0000          NULL 
158.0000    1    2.000   1.0000         rwRep
160.0000    0    2.000   1.0000          NULL 
162.0000    2    2.000   1.0000         rwOrt
164.0000    6    2.000   1.0000         pwNov
166.0000    2    2.000   1.0000         rwOrt
168.0000    3    2.000   1.0000         rwNov
170.0000    6    2.000   1.0000         pwNov
172.0000    0    6.000   1.0000          NULL 
178.0000    6    2.000   1.0000         pwNov
180.0000    5    2.000   1.0000         pwOrt
182.0000    3    2.000   1.0000         rwNov
184.0000    5    2.000   1.0000         pwOrt
186.0000    0    2.000   1.0000          NULL 
188.0000    4    2.000   1.0000         pwRep
190.0000    1    2.000   1.0000         rwRep
192.0000    0    2.000   1.0000          NULL 
194.0000    6    2.000   1.0000         pwNov
196.0000    0    4.000   1.0000          NULL 
200.0000    5    2.000   1.0000         pwOrt
202.0000    2    2.000   1.0000         rwOrt
204.0000    0    2.000   1.0000          NULL 
206.0000    2    2.000   1.0000         rwOrt
208.0000    5    2.000   1.0000         pwOrt
210.0000    2    2.000   1.0000         rwOrt
212.0000    2    2.000   1.0000         rwOrt
214.0000    3    2.000   1.0000         rwNov
216.0000    0    2.000   1.0000          NULL 
218.0000    6    2.000   1.0000         pwNov
220.0000    2    2.000   1.0000         rwOrt
222.0000    0    2.000   1.0000          NULL 
224.0000    2    2.000   1.0000         rwOrt
226.0000    0    2.000   1.0000          NULL 
228.0000    2    2.000   1.0000         rwOrt
230.0000    6    2.000   1.0000         pwNov
232.0000    5    2.000   1.0000         pwOrt
234.0000    0    4.000   1.0000          NULL 
238.0000    2    2.000   1.0000         rwOrt
240.0000    0    2.000   1.0000          NULL 
242.0000    5    2.000   1.0000         pwOrt
244.0000    0    2.000   1.0000          NULL 
246.0000    6    2.000   1.0000         pwNov
248.0000    0    4.000   1.0000          NULL 
252.0000    2    2.000   1.0000         rwOrt
254.0000    5    2.000   1.0000         pwOrt
256.0000    1    2.000   1.0000         rwRep
258.0000    0    2.000   1.0000          NULL 
260.0000    5    2.000   1.0000         pwOrt
262.0000    5    2.000   1.0000         pwOrt
264.0000    6    2.000   1.0000         pwNov
266.0000    0    2.000   1.0000          NULL 
268.0000    3    2.000   1.0000         rwNov
270.0000    0    4.000   1.0000          NULL 
274.0000    6    2.000   1.0000         pwNov
276.0000    3    2.000   1.0000         rwNov
278.0000    1    2.000   1.0000         rwRep
280.0000    0    4.000   1.0000          NULL 
284.0000    5    2.000   1.0000         pwOrt
286.0000    0    6.000   1.0000          NULL 
292.0000    2    2.000   1.0000         rwOrt
294.0000    5    2.000   1.0000         pwOrt
296.0000    0    2.000   1.0000          NULL 
298.0000    1    2.000   1.0000         rwRep
300.0000    6    2.000   1.0000         pwNov
302.0000    0    2.000   1.0000          NULL 
304.0000    1    2.000   1.0000         rwRep
306.0000    6    2.000   1.0000         pwNov
308.0000    0    2.000   1.0000          NULL 
310.0000    4    2.000   1.0000         pwRep
312.0000    4    2.000   1.0000         pwRep
314.0000    0    2.000   1.0000          NULL 
316.0000    2    2.000   1.0000         rwOrt
318.0000    0    4.000   1.0000          NULL 
322.0000    3    2.000   1.0000         rwNov
324.0000    0    2.000   1.0000          NULL 
326.0000    1    2.000   1.0000         rwRep
328.0000    4    2.000   1.0000         pwRep
330.0000    1    2.000   1.0000         rwRep
332.0000    2    2.000   1.0000         rwOrt
334.0000    1    2.000   1.0000         rwRep
336.0000    0    4.000   1.0000          NULL 
340.0000    1    2.000   1.0000         rwRep
342.0000    2    2.000   1.0000         rwOrt
344.0000    4    2.000   1.0000         pwRep
346.0000    0    4.000   1.0000          NULL 
350.0000    3    2.000   1.0000         rwNov
352.0000    5    2.000   1.0000         pwOrt
354.0000    5    2.000   1.0000         pwOrt
356.0000    0    2.000   1.0000          NULL 
358.0000    4    2.000   1.0000         pwRep
