  0.0000    2    2.000   1.0000         rwOrt
  2.0000    3    2.000   1.0000         rwNov
  4.0000    2    2.000   1.0000         rwOrt
  6.0000    4    2.000   1.0000         pwRep
  8.0000    5    2.000   1.0000         pwOrt
 10.0000    0    2.000   1.0000          NULL 
 12.0000    6    2.000   1.0000         pwNov
 14.0000    3    2.000   1.0000         rwNov
 16.0000    5    2.000   1.0000         pwOrt
 18.0000    1    2.000   1.0000         rwRep
 20.0000    0    2.000   1.0000          NULL 
 22.0000    4    2.000   1.0000         pwRep
 24.0000    4    2.000   1.0000         pwRep
 26.0000    3    2.000   1.0000         rwNov
 28.0000    2    2.000   1.0000         rwOrt
 30.0000    5    2.000   1.0000         pwOrt
 32.0000    1    2.000   1.0000         rwRep
 34.0000    0    2.000   1.0000          NULL 
 36.0000    4    2.000   1.0000         pwRep
 38.0000    4    2.000   1.0000         pwRep
 40.0000    0    2.000   1.0000          NULL 
 42.0000    5    2.000   1.0000         pwOrt
 44.0000    4    2.000   1.0000         pwRep
 46.0000    6    2.000   1.0000         pwNov
 48.0000    0    2.000   1.0000          NULL 
 50.0000    3    2.000   1.0000         rwNov
 52.0000    0    2.000   1.0000          NULL 
 54.0000    4    2.000   1.0000         pwRep
 56.0000    4    2.000   1.0000         pwRep
 58.0000    3    2.000   1.0000         rwNov
 60.0000    2    2.000   1.0000         rwOrt
 62.0000    1    2.000   1.0000         rwRep
 64.0000    0    2.000   1.0000          NULL 
 66.0000    2    2.000   1.0000         rwOrt
 68.0000    0    2.000   1.0000          NULL 
 70.0000    2    2.000   1.0000         rwOrt
 72.0000    5    2.000   1.0000         pwOrt
 74.0000    3    2.000   1.0000         rwNov
 76.0000    1    2.000   1.0000         rwRep
 78.0000    1    2.000   1.0000         rwRep
 80.0000    0    2.000   1.0000          NULL 
 82.0000    6    2.000   1.0000         pwNov
 84.0000    2    2.000   1.0000         rwOrt
 86.0000    0    2.000   1.0000          NULL 
 88.0000    6    2.000   1.0000         pwNov
 90.0000    6    2.000   1.0000         pwNov
 92.0000    4    2.000   1.0000         pwRep
 94.0000    0    2.000   1.0000          NULL 
 96.0000    4    2.000   1.0000         pwRep
 98.0000    0    2.000   1.0000          NULL 
100.0000    2    2.000   1.0000         rwOrt
102.0000    0    2.000   1.0000          NULL 
104.0000    5    2.000   1.0000         pwOrt
106.0000    6    2.000   1.0000         pwNov
108.0000    6    2.000   1.0000         pwNov
110.0000    6    2.000   1.0000         pwNov
112.0000    6    2.000   1.0000         pwNov
114.0000    3    2.000   1.0000         rwNov
116.0000    0    2.000   1.0000          NULL 
118.0000    5    2.000   1.0000         pwOrt
120.0000    1    2.000   1.0000         rwRep
122.0000    3    2.000   1.0000         rwNov
124.0000    2    2.000   1.0000         rwOrt
126.0000    5    2.000   1.0000         pwOrt
128.0000    1    2.000   1.0000         rwRep
130.0000    3    2.000   1.0000         rwNov
132.0000    3    2.000   1.0000         rwNov
134.0000    1    2.000   1.0000         rwRep
136.0000    4    2.000   1.0000         pwRep
138.0000    0    2.000   1.0000          NULL 
140.0000    4    2.000   1.0000         pwRep
142.0000    0    2.000   1.0000          NULL 
144.0000    2    2.000   1.0000         rwOrt
146.0000    2    2.000   1.0000         rwOrt
148.0000    0    4.000   1.0000          NULL 
152.0000    3    2.000   1.0000         rwNov
154.0000    4    2.000   1.0000         pwRep
156.0000    5    2.000   1.0000         pwOrt
158.0000    2    2.000   1.0000         rwOrt
160.0000    4    2.000   1.0000         pwRep
162.0000    0    4.000   1.0000          NULL 
166.0000    5    2.000   1.0000         pwOrt
168.0000    1    2.000   1.0000         rwRep
170.0000    1    2.000   1.0000         rwRep
172.0000    0    6.000   1.0000          NULL 
178.0000    1    2.000   1.0000         rwRep
180.0000    6    2.000   1.0000         pwNov
182.0000    2    2.000   1.0000         rwOrt
184.0000    2    2.000   1.0000         rwOrt
186.0000    3    2.000   1.0000         rwNov
188.0000    3    2.000   1.0000         rwNov
190.0000    0    4.000   1.0000          NULL 
194.0000    2    2.000   1.0000         rwOrt
196.0000    4    2.000   1.0000         pwRep
198.0000    1    2.000   1.0000         rwRep
200.0000    5    2.000   1.0000         pwOrt
202.0000    0    4.000   1.0000          NULL 
206.0000    3    2.000   1.0000         rwNov
208.0000    0    2.000   1.0000          NULL 
210.0000    3    2.000   1.0000         rwNov
212.0000    6    2.000   1.0000         pwNov
214.0000    4    2.000   1.0000         pwRep
216.0000    5    2.000   1.0000         pwOrt
218.0000    2    2.000   1.0000         rwOrt
220.0000    0    6.000   1.0000          NULL 
226.0000    6    2.000   1.0000         pwNov
228.0000    0    6.000   1.0000          NULL 
234.0000    1    2.000   1.0000         rwRep
236.0000    2    2.000   1.0000         rwOrt
238.0000    6    2.000   1.0000         pwNov
240.0000    0    2.000   1.0000          NULL 
242.0000    6    2.000   1.0000         pwNov
244.0000    0    2.000   1.0000          NULL 
246.0000    1    2.000   1.0000         rwRep
248.0000    1    2.000   1.0000         rwRep
250.0000    0    2.000   1.0000          NULL 
252.0000    1    2.000   1.0000         rwRep
254.0000    2    2.000   1.0000         rwOrt
256.0000    5    2.000   1.0000         pwOrt
258.0000    0    4.000   1.0000          NULL 
262.0000    1    2.000   1.0000         rwRep
264.0000    3    2.000   1.0000         rwNov
266.0000    0    4.000   1.0000          NULL 
270.0000    6    2.000   1.0000         pwNov
272.0000    1    2.000   1.0000         rwRep
274.0000    0    2.000   1.0000          NULL 
276.0000    3    2.000   1.0000         rwNov
278.0000    3    2.000   1.0000         rwNov
280.0000    0    4.000   1.0000          NULL 
284.0000    1    2.000   1.0000         rwRep
286.0000    5    2.000   1.0000         pwOrt
288.0000    4    2.000   1.0000         pwRep
290.0000    6    2.000   1.0000         pwNov
292.0000    0    4.000   1.0000          NULL 
296.0000    5    2.000   1.0000         pwOrt
298.0000    0    2.000   1.0000          NULL 
300.0000    5    2.000   1.0000         pwOrt
302.0000    4    2.000   1.0000         pwRep
304.0000    5    2.000   1.0000         pwOrt
306.0000    0    4.000   1.0000          NULL 
310.0000    3    2.000   1.0000         rwNov
312.0000    5    2.000   1.0000         pwOrt
314.0000    6    2.000   1.0000         pwNov
316.0000    0    2.000   1.0000          NULL 
318.0000    6    2.000   1.0000         pwNov
320.0000    0    4.000   1.0000          NULL 
324.0000    4    2.000   1.0000         pwRep
326.0000    0    8.000   1.0000          NULL 
334.0000    6    2.000   1.0000         pwNov
336.0000    5    2.000   1.0000         pwOrt
338.0000    0    2.000   1.0000          NULL 
340.0000    4    2.000   1.0000         pwRep
342.0000    2    2.000   1.0000         rwOrt
344.0000    0    2.000   1.0000          NULL 
346.0000    5    2.000   1.0000         pwOrt
348.0000    6    2.000   1.0000         pwNov
350.0000    0    2.000   1.0000          NULL 
352.0000    2    2.000   1.0000         rwOrt
354.0000    3    2.000   1.0000         rwNov
356.0000    1    2.000   1.0000         rwRep
358.0000    0    2.000   1.0000          NULL 
