  0.0000    1    2.000   1.0000         rwRep
  2.0000    5    2.000   1.0000         pwOrt
  4.0000    2    2.000   1.0000         rwOrt
  6.0000    4    2.000   1.0000         pwRep
  8.0000    5    2.000   1.0000         pwOrt
 10.0000    5    2.000   1.0000         pwOrt
 12.0000    3    2.000   1.0000         rwNov
 14.0000    0    2.000   1.0000          NULL 
 16.0000    4    2.000   1.0000         pwRep
 18.0000    3    2.000   1.0000         rwNov
 20.0000    2    2.000   1.0000         rwOrt
 22.0000    6    2.000   1.0000         pwNov
 24.0000    2    2.000   1.0000         rwOrt
 26.0000    2    2.000   1.0000         rwOrt
 28.0000    4    2.000   1.0000         pwRep
 30.0000    2    2.000   1.0000         rwOrt
 32.0000    6    2.000   1.0000         pwNov
 34.0000    0    2.000   1.0000          NULL 
 36.0000    5    2.000   1.0000         pwOrt
 38.0000    1    2.000   1.0000         rwRep
 40.0000    4    2.000   1.0000         pwRep
 42.0000    0    4.000   1.0000          NULL 
 46.0000    2    2.000   1.0000         rwOrt
 48.0000    1    2.000   1.0000         rwRep
 50.0000    0    2.000   1.0000          NULL 
 52.0000    6    2.000   1.0000         pwNov
 54.0000    3    2.000   1.0000         rwNov
 56.0000    5    2.000   1.0000         pwOrt
 58.0000    0    4.000   1.0000          NULL 
 62.0000    1    2.000   1.0000         rwRep
 64.0000    6    2.000   1.0000         pwNov
 66.0000    1    2.000   1.0000         rwRep
 68.0000    0    2.000   1.0000          NULL 
 70.0000    1    2.000   1.0000         rwRep
 72.0000    5    2.000   1.0000         pwOrt
 74.0000    4    2.000   1.0000         pwRep
 76.0000    0    2.000   1.0000          NULL 
 78.0000    2    2.000   1.0000         rwOrt
 80.0000    0    2.000   1.0000          NULL 
 82.0000    2    2.000   1.0000         rwOrt
 84.0000    0    2.000   1.0000          NULL 
 86.0000    3    2.000   1.0000         rwNov
 88.0000    1    2.000   1.0000         rwRep
 90.0000    5    2.000   1.0000         pwOrt
 92.0000    6    2.000   1.0000         pwNov
 94.0000    0    2.000   1.0000          NULL 
 96.0000    3    2.000   1.0000         rwNov
 98.0000    1    2.000   1.0000         rwRep
100.0000    0    2.000   1.0000          NULL 
102.0000    5    2.000   1.0000         pwOrt
104.0000    4    2.000   1.0000         pwRep
106.0000    0    2.000   1.0000          NULL 
108.0000    2    2.000   1.0000         rwOrt
110.0000    6    2.000   1.0000         pwNov
112.0000    6    2.000   1.0000         pwNov
114.0000    0    2.000   1.0000          NULL 
116.0000    3    2.000   1.0000         rwNov
118.0000    3    2.000   1.0000         rwNov
120.0000    1    2.000   1.0000         rwRep
122.0000    0    6.000   1.0000          NULL 
128.0000    6    2.000   1.0000         pwNov
130.0000    6    2.000   1.0000         pwNov
132.0000    5    2.000   1.0000         pwOrt
134.0000    0    4.000   1.0000          NULL 
138.0000    1    2.000   1.0000         rwRep
140.0000    2    2.000   1.0000         rwOrt
142.0000    2    2.000   1.0000         rwOrt
144.0000    5    2.000   1.0000         pwOrt
146.0000    6    2.000   1.0000         pwNov
148.0000    6    2.000   1.0000         pwNov
150.0000    0    4.000   1.0000          NULL 
154.0000    6    2.000   1.0000         pwNov
156.0000    0    6.000   1.0000          NULL 
162.0000    1    2.000   1.0000         rwRep
164.0000    1    2.000   1.0000         rwRep
166.0000    0    2.000   1.0000          NULL 
168.0000    3    2.000   1.0000         rwNov
170.0000    0    2.000   1.0000          NULL 
172.0000    4    2.000   1.0000         pwRep
174.0000    3    2.000   1.0000         rwNov
176.0000    0    4.000   1.0000          NULL 
180.0000    4    2.000   1.0000         pwRep
182.0000    0    2.000   1.0000          NULL 
184.0000    3    2.000   1.0000         rwNov
186.0000    6    2.000   1.0000         pwNov
188.0000    0    2.000   1.0000          NULL 
190.0000    6    2.000   1.0000         pwNov
192.0000    4    2.000   1.0000         pwRep
194.0000    0    2.000   1.0000          NULL 
196.0000    4    2.000   1.0000         pwRep
198.0000    6    2.000   1.0000         pwNov
200.0000    4    2.000   1.0000         pwRep
202.0000    2    2.000   1.0000         rwOrt
204.0000    0    4.000   1.0000          NULL 
208.0000    4    2.000   1.0000         pwRep
210.0000    5    2.000   1.0000         pwOrt
212.0000    1    2.000   1.0000         rwRep
214.0000    3    2.000   1.0000         rwNov
216.0000    5    2.000   1.0000         pwOrt
218.0000    2    2.000   1.0000         rwOrt
220.0000    3    2.000   1.0000         rwNov
222.0000    2    2.000   1.0000         rwOrt
224.0000    0    4.000   1.0000          NULL 
228.0000    3    2.000   1.0000         rwNov
230.0000    3    2.000   1.0000         rwNov
232.0000    0    2.000   1.0000          NULL 
234.0000    2    2.000   1.0000         rwOrt
236.0000    0    2.000   1.0000          NULL 
238.0000    5    2.000   1.0000         pwOrt
240.0000    0    2.000   1.0000          NULL 
242.0000    1    2.000   1.0000         rwRep
244.0000    2    2.000   1.0000         rwOrt
246.0000    0    4.000   1.0000          NULL 
250.0000    4    2.000   1.0000         pwRep
252.0000    0    2.000   1.0000          NULL 
254.0000    5    2.000   1.0000         pwOrt
256.0000    0    2.000   1.0000          NULL 
258.0000    1    2.000   1.0000         rwRep
260.0000    0    2.000   1.0000          NULL 
262.0000    3    2.000   1.0000         rwNov
264.0000    4    2.000   1.0000         pwRep
266.0000    3    2.000   1.0000         rwNov
268.0000    0    2.000   1.0000          NULL 
270.0000    5    2.000   1.0000         pwOrt
272.0000    0    2.000   1.0000          NULL 
274.0000    4    2.000   1.0000         pwRep
276.0000    0    2.000   1.0000          NULL 
278.0000    6    2.000   1.0000         pwNov
280.0000    1    2.000   1.0000         rwRep
282.0000    1    2.000   1.0000         rwRep
284.0000    6    2.000   1.0000         pwNov
286.0000    0    2.000   1.0000          NULL 
288.0000    3    2.000   1.0000         rwNov
290.0000    5    2.000   1.0000         pwOrt
292.0000    4    2.000   1.0000         pwRep
294.0000    4    2.000   1.0000         pwRep
296.0000    6    2.000   1.0000         pwNov
298.0000    5    2.000   1.0000         pwOrt
300.0000    0    4.000   1.0000          NULL 
304.0000    6    2.000   1.0000         pwNov
306.0000    5    2.000   1.0000         pwOrt
308.0000    6    2.000   1.0000         pwNov
310.0000    4    2.000   1.0000         pwRep
312.0000    0    2.000   1.0000          NULL 
314.0000    3    2.000   1.0000         rwNov
316.0000    0    2.000   1.0000          NULL 
318.0000    5    2.000   1.0000         pwOrt
320.0000    0    2.000   1.0000          NULL 
322.0000    5    2.000   1.0000         pwOrt
324.0000    2    2.000   1.0000         rwOrt
326.0000    0    2.000   1.0000          NULL 
328.0000    1    2.000   1.0000         rwRep
330.0000    0    2.000   1.0000          NULL 
332.0000    4    2.000   1.0000         pwRep
334.0000    1    2.000   1.0000         rwRep
336.0000    2    2.000   1.0000         rwOrt
338.0000    4    2.000   1.0000         pwRep
340.0000    3    2.000   1.0000         rwNov
342.0000    1    2.000   1.0000         rwRep
344.0000    2    2.000   1.0000         rwOrt
346.0000    0    4.000   1.0000          NULL 
350.0000    2    2.000   1.0000         rwOrt
352.0000    0    4.000   1.0000          NULL 
356.0000    3    2.000   1.0000         rwNov
358.0000    0    2.000   1.0000          NULL 
