  0.0000    3    2.000   1.0000         rwNov
  2.0000    2    2.000   1.0000         rwOrt
  4.0000    6    2.000   1.0000         pwNov
  6.0000    4    2.000   1.0000         pwRep
  8.0000    1    2.000   1.0000         rwRep
 10.0000    3    2.000   1.0000         rwNov
 12.0000    2    2.000   1.0000         rwOrt
 14.0000    1    2.000   1.0000         rwRep
 16.0000    2    2.000   1.0000         rwOrt
 18.0000    6    2.000   1.0000         pwNov
 20.0000    0    4.000   1.0000          NULL 
 24.0000    2    2.000   1.0000         rwOrt
 26.0000    1    2.000   1.0000         rwRep
 28.0000    1    2.000   1.0000         rwRep
 30.0000    3    2.000   1.0000         rwNov
 32.0000    4    2.000   1.0000         pwRep
 34.0000    0    4.000   1.0000          NULL 
 38.0000    2    2.000   1.0000         rwOrt
 40.0000    0    2.000   1.0000          NULL 
 42.0000    6    2.000   1.0000         pwNov
 44.0000    2    2.000   1.0000         rwOrt
 46.0000    6    2.000   1.0000         pwNov
 48.0000    5    2.000   1.0000         pwOrt
 50.0000    0    2.000   1.0000          NULL 
 52.0000    6    2.000   1.0000         pwNov
 54.0000    0    2.000   1.0000          NULL 
 56.0000    4    2.000   1.0000         pwRep
 58.0000    5    2.000   1.0000         pwOrt
 60.0000    0    2.000   1.0000          NULL 
 62.0000    2    2.000   1.0000         rwOrt
 64.0000    0    2.000   1.0000          NULL 
 66.0000    5    2.000   1.0000         pwOrt
 68.0000    1    2.000   1.0000         rwRep
 70.0000    4    2.000   1.0000         pwRep
 72.0000    1    2.000   1.0000         rwRep
 74.0000    0    6.000   1.0000          NULL 
 80.0000    3    2.000   1.0000         rwNov
 82.0000    5    2.000   1.0000         pwOrt
 84.0000    1    2.000   1.0000         rwRep
 86.0000    0    2.000   1.0000          NULL 
 88.0000    2    2.000   1.0000         rwOrt
 90.0000    5    2.000   1.0000         pwOrt
 92.0000    5    2.000   1.0000         pwOrt
 94.0000    0    2.000   1.0000          NULL 
 96.0000    3    2.000   1.0000         rwNov
 98.0000    4    2.000   1.0000         pwRep
100.0000    2    2.000   1.0000         rwOrt
102.0000    0    2.000   1.0000          NULL 
104.0000    4    2.000   1.0000         pwRep
106.0000    6    2.000   1.0000         pwNov
108.0000    0    2.000   1.0000          NULL 
110.0000    3    2.000   1.0000         rwNov
112.0000    0    2.000   1.0000          NULL 
114.0000    3    2.000   1.0000         rwNov
116.0000    4    2.000   1.0000         pwRep
118.0000    0    4.000   1.0000          NULL 
122.0000    5    2.000   1.0000         pwOrt
124.0000    0    2.000   1.0000          NULL 
126.0000    4    2.000   1.0000         pwRep
128.0000    2    2.000   1.0000         rwOrt
130.0000    2    2.000   1.0000         rwOrt
132.0000    3    2.000   1.0000         rwNov
134.0000    5    2.000   1.0000         pwOrt
136.0000    3    2.000   1.0000         rwNov
138.0000    3    2.000   1.0000         rwNov
140.0000    0    2.000   1.0000          NULL 
142.0000    2    2.000   1.0000         rwOrt
144.0000    3    2.000   1.0000         rwNov
146.0000    0    4.000   1.0000          NULL 
150.0000    5    2.000   1.0000         pwOrt
152.0000    1    2.000   1.0000         rwRep
154.0000    1    2.000   1.0000         rwRep
156.0000    0    2.000   1.0000          NULL 
158.0000    3    2.000   1.0000         rwNov
160.0000    0    6.000   1.0000          NULL 
166.0000    4    2.000   1.0000         pwRep
168.0000    0    4.000   1.0000          NULL 
172.0000    5    2.000   1.0000         pwOrt
174.0000    6    2.000   1.0000         pwNov
176.0000    2    2.000   1.0000         rwOrt
178.0000    4    2.000   1.0000         pwRep
180.0000    5    2.000   1.0000         pwOrt
182.0000    4    2.000   1.0000         pwRep
184.0000    2    2.000   1.0000         rwOrt
186.0000    2    2.000   1.0000         rwOrt
188.0000    0    4.000   1.0000          NULL 
192.0000    3    2.000   1.0000         rwNov
194.0000    5    2.000   1.0000         pwOrt
196.0000    6    2.000   1.0000         pwNov
198.0000    1    2.000   1.0000         rwRep
200.0000    5    2.000   1.0000         pwOrt
202.0000    6    2.000   1.0000         pwNov
204.0000    0    2.000   1.0000          NULL 
206.0000    1    2.000   1.0000         rwRep
208.0000    0    2.000   1.0000          NULL 
210.0000    5    2.000   1.0000         pwOrt
212.0000    5    2.000   1.0000         pwOrt
214.0000    5    2.000   1.0000         pwOrt
216.0000    0    2.000   1.0000          NULL 
218.0000    5    2.000   1.0000         pwOrt
220.0000    2    2.000   1.0000         rwOrt
222.0000    6    2.000   1.0000         pwNov
224.0000    3    2.000   1.0000         rwNov
226.0000    1    2.000   1.0000         rwRep
228.0000    0    2.000   1.0000          NULL 
230.0000    6    2.000   1.0000         pwNov
232.0000    0    2.000   1.0000          NULL 
234.0000    5    2.000   1.0000         pwOrt
236.0000    3    2.000   1.0000         rwNov
238.0000    1    2.000   1.0000         rwRep
240.0000    5    2.000   1.0000         pwOrt
242.0000    0    2.000   1.0000          NULL 
244.0000    2    2.000   1.0000         rwOrt
246.0000    6    2.000   1.0000         pwNov
248.0000    1    2.000   1.0000         rwRep
250.0000    0    2.000   1.0000          NULL 
252.0000    6    2.000   1.0000         pwNov
254.0000    4    2.000   1.0000         pwRep
256.0000    0    4.000   1.0000          NULL 
260.0000    1    2.000   1.0000         rwRep
262.0000    0    8.000   1.0000          NULL 
270.0000    1    2.000   1.0000         rwRep
272.0000    6    2.000   1.0000         pwNov
274.0000    0    2.000   1.0000          NULL 
276.0000    6    2.000   1.0000         pwNov
278.0000    4    2.000   1.0000         pwRep
280.0000    3    2.000   1.0000         rwNov
282.0000    3    2.000   1.0000         rwNov
284.0000    0    2.000   1.0000          NULL 
286.0000    3    2.000   1.0000         rwNov
288.0000    0    4.000   1.0000          NULL 
292.0000    2    2.000   1.0000         rwOrt
294.0000    2    2.000   1.0000         rwOrt
296.0000    1    2.000   1.0000         rwRep
298.0000    0    2.000   1.0000          NULL 
300.0000    3    2.000   1.0000         rwNov
302.0000    0    2.000   1.0000          NULL 
304.0000    4    2.000   1.0000         pwRep
306.0000    6    2.000   1.0000         pwNov
308.0000    0    2.000   1.0000          NULL 
310.0000    6    2.000   1.0000         pwNov
312.0000    1    2.000   1.0000         rwRep
314.0000    6    2.000   1.0000         pwNov
316.0000    0    2.000   1.0000          NULL 
318.0000    1    2.000   1.0000         rwRep
320.0000    0    6.000   1.0000          NULL 
326.0000    4    2.000   1.0000         pwRep
328.0000    0    2.000   1.0000          NULL 
330.0000    4    2.000   1.0000         pwRep
332.0000    1    2.000   1.0000         rwRep
334.0000    6    2.000   1.0000         pwNov
336.0000    4    2.000   1.0000         pwRep
338.0000    4    2.000   1.0000         pwRep
340.0000    4    2.000   1.0000         pwRep
342.0000    4    2.000   1.0000         pwRep
344.0000    5    2.000   1.0000         pwOrt
346.0000    0    6.000   1.0000          NULL 
352.0000    6    2.000   1.0000         pwNov
354.0000    0    2.000   1.0000          NULL 
356.0000    2    2.000   1.0000         rwOrt
358.0000    3    2.000   1.0000         rwNov
