  0.0000    4    2.000   1.0000         pwRep
  2.0000    6    2.000   1.0000         pwNov
  4.0000    5    2.000   1.0000         pwOrt
  6.0000    2    2.000   1.0000         rwOrt
  8.0000    5    2.000   1.0000         pwOrt
 10.0000    6    2.000   1.0000         pwNov
 12.0000    4    2.000   1.0000         pwRep
 14.0000    0    6.000   1.0000          NULL 
 20.0000    2    2.000   1.0000         rwOrt
 22.0000    6    2.000   1.0000         pwNov
 24.0000    1    2.000   1.0000         rwRep
 26.0000    0    4.000   1.0000          NULL 
 30.0000    2    2.000   1.0000         rwOrt
 32.0000    6    2.000   1.0000         pwNov
 34.0000    5    2.000   1.0000         pwOrt
 36.0000    0    6.000   1.0000          NULL 
 42.0000    1    2.000   1.0000         rwRep
 44.0000    0    2.000   1.0000          NULL 
 46.0000    6    2.000   1.0000         pwNov
 48.0000    3    2.000   1.0000         rwNov
 50.0000    0    2.000   1.0000          NULL 
 52.0000    6    2.000   1.0000         pwNov
 54.0000    2    2.000   1.0000         rwOrt
 56.0000    0    4.000   1.0000          NULL 
 60.0000    2    2.000   1.0000         rwOrt
 62.0000    2    2.000   1.0000         rwOrt
 64.0000    4    2.000   1.0000         pwRep
 66.0000    0    2.000   1.0000          NULL 
 68.0000    2    2.000   1.0000         rwOrt
 70.0000    3    2.000   1.0000         rwNov
 72.0000    1    2.000   1.0000         rwRep
 74.0000    2    2.000   1.0000         rwOrt
 76.0000    0    2.000   1.0000          NULL 
 78.0000    4    2.000   1.0000         pwRep
 80.0000    5    2.000   1.0000         pwOrt
 82.0000    5    2.000   1.0000         pwOrt
 84.0000    0    2.000   1.0000          NULL 
 86.0000    1    2.000   1.0000         rwRep
 88.0000    4    2.000   1.0000         pwRep
 90.0000    4    2.000   1.0000         pwRep
 92.0000    3    2.000   1.0000         rwNov
 94.0000    3    2.000   1.0000         rwNov
 96.0000    3    2.000   1.0000         rwNov
 98.0000    5    2.000   1.0000         pwOrt
100.0000    0    2.000   1.0000          NULL 
102.0000    2    2.000   1.0000         rwOrt
104.0000    1    2.000   1.0000         rwRep
106.0000    4    2.000   1.0000         pwRep
108.0000    3    2.000   1.0000         rwNov
110.0000    0    8.000   1.0000          NULL 
118.0000    5    2.000   1.0000         pwOrt
120.0000    6    2.000   1.0000         pwNov
122.0000    2    2.000   1.0000         rwOrt
124.0000    0    2.000   1.0000          NULL 
126.0000    3    2.000   1.0000         rwNov
128.0000    1    2.000   1.0000         rwRep
130.0000    0    2.000   1.0000          NULL 
132.0000    2    2.000   1.0000         rwOrt
134.0000    0    4.000   1.0000          NULL 
138.0000    2    2.000   1.0000         rwOrt
140.0000    1    2.000   1.0000         rwRep
142.0000    2    2.000   1.0000         rwOrt
144.0000    0    4.000   1.0000          NULL 
148.0000    6    2.000   1.0000         pwNov
150.0000    6    2.000   1.0000         pwNov
152.0000    5    2.000   1.0000         pwOrt
154.0000    1    2.000   1.0000         rwRep
156.0000    3    2.000   1.0000         rwNov
158.0000    5    2.000   1.0000         pwOrt
160.0000    5    2.000   1.0000         pwOrt
162.0000    2    2.000   1.0000         rwOrt
164.0000    4    2.000   1.0000         pwRep
166.0000    4    2.000   1.0000         pwRep
168.0000    0    2.000   1.0000          NULL 
170.0000    5    2.000   1.0000         pwOrt
172.0000    1    2.000   1.0000         rwRep
174.0000    0    2.000   1.0000          NULL 
176.0000    4    2.000   1.0000         pwRep
178.0000    5    2.000   1.0000         pwOrt
180.0000    1    2.000   1.0000         rwRep
182.0000    1    2.000   1.0000         rwRep
184.0000    6    2.000   1.0000         pwNov
186.0000    1    2.000   1.0000         rwRep
188.0000    0    2.000   1.0000          NULL 
190.0000    5    2.000   1.0000         pwOrt
192.0000    0    2.000   1.0000          NULL 
194.0000    2    2.000   1.0000         rwOrt
196.0000    6    2.000   1.0000         pwNov
198.0000    0    4.000   1.0000          NULL 
202.0000    3    2.000   1.0000         rwNov
204.0000    3    2.000   1.0000         rwNov
206.0000    0    4.000   1.0000          NULL 
210.0000    1    2.000   1.0000         rwRep
212.0000    0    4.000   1.0000          NULL 
216.0000    4    2.000   1.0000         pwRep
218.0000    2    2.000   1.0000         rwOrt
220.0000    3    2.000   1.0000         rwNov
222.0000    5    2.000   1.0000         pwOrt
224.0000    0    4.000   1.0000          NULL 
228.0000    3    2.000   1.0000         rwNov
230.0000    0    2.000   1.0000          NULL 
232.0000    2    2.000   1.0000         rwOrt
234.0000    6    2.000   1.0000         pwNov
236.0000    5    2.000   1.0000         pwOrt
238.0000    6    2.000   1.0000         pwNov
240.0000    0    2.000   1.0000          NULL 
242.0000    4    2.000   1.0000         pwRep
244.0000    5    2.000   1.0000         pwOrt
246.0000    6    2.000   1.0000         pwNov
248.0000    6    2.000   1.0000         pwNov
250.0000    3    2.000   1.0000         rwNov
252.0000    3    2.000   1.0000         rwNov
254.0000    2    2.000   1.0000         rwOrt
256.0000    0    2.000   1.0000          NULL 
258.0000    6    2.000   1.0000         pwNov
260.0000    4    2.000   1.0000         pwRep
262.0000    1    2.000   1.0000         rwRep
264.0000    0    6.000   1.0000          NULL 
270.0000    4    2.000   1.0000         pwRep
272.0000    0    2.000   1.0000          NULL 
274.0000    5    2.000   1.0000         pwOrt
276.0000    5    2.000   1.0000         pwOrt
278.0000    5    2.000   1.0000         pwOrt
280.0000    0    2.000   1.0000          NULL 
282.0000    4    2.000   1.0000         pwRep
284.0000    0    2.000   1.0000          NULL 
286.0000    6    2.000   1.0000         pwNov
288.0000    4    2.000   1.0000         pwRep
290.0000    4    2.000   1.0000         pwRep
292.0000    0    6.000   1.0000          NULL 
298.0000    1    2.000   1.0000         rwRep
300.0000    0    2.000   1.0000          NULL 
302.0000    6    2.000   1.0000         pwNov
304.0000    0    2.000   1.0000          NULL 
306.0000    1    2.000   1.0000         rwRep
308.0000    2    2.000   1.0000         rwOrt
310.0000    0    2.000   1.0000          NULL 
312.0000    3    2.000   1.0000         rwNov
314.0000    3    2.000   1.0000         rwNov
316.0000    0    2.000   1.0000          NULL 
318.0000    3    2.000   1.0000         rwNov
320.0000    0    2.000   1.0000          NULL 
322.0000    3    2.000   1.0000         rwNov
324.0000    0    2.000   1.0000          NULL 
326.0000    1    2.000   1.0000         rwRep
328.0000    3    2.000   1.0000         rwNov
330.0000    1    2.000   1.0000         rwRep
332.0000    1    2.000   1.0000         rwRep
334.0000    4    2.000   1.0000         pwRep
336.0000    0    4.000   1.0000          NULL 
340.0000    6    2.000   1.0000         pwNov
342.0000    0    2.000   1.0000          NULL 
344.0000    4    2.000   1.0000         pwRep
346.0000    4    2.000   1.0000         pwRep
348.0000    6    2.000   1.0000         pwNov
350.0000    5    2.000   1.0000         pwOrt
352.0000    3    2.000   1.0000         rwNov
354.0000    1    2.000   1.0000         rwRep
356.0000    2    2.000   1.0000         rwOrt
358.0000    0    2.000   1.0000          NULL 
