  0.0000    2    2.000   1.0000       realNov
  2.0000    2    2.000   1.0000       realNov
  4.0000    0    2.000   1.0000          NULL 
  6.0000    3    2.000   1.0000     pseudoRep
  8.0000    3    2.000   1.0000     pseudoRep
 10.0000    0    2.000   1.0000          NULL 
 12.0000    1    2.000   1.0000       realRep
 14.0000    0    2.000   1.0000          NULL 
 16.0000    3    2.000   1.0000     pseudoRep
 18.0000    4    2.000   1.0000     pseudoNov
 20.0000    3    2.000   1.0000     pseudoRep
 22.0000    2    2.000   1.0000       realNov
 24.0000    4    2.000   1.0000     pseudoNov
 26.0000    3    2.000   1.0000     pseudoRep
 28.0000    0    4.000   1.0000          NULL 
 32.0000    2    2.000   1.0000       realNov
 34.0000    0    2.000   1.0000          NULL 
 36.0000    1    2.000   1.0000       realRep
 38.0000    4    2.000   1.0000     pseudoNov
 40.0000    2    2.000   1.0000       realNov
 42.0000    2    2.000   1.0000       realNov
 44.0000    1    2.000   1.0000       realRep
 46.0000    0    4.000   1.0000          NULL 
 50.0000    3    2.000   1.0000     pseudoRep
 52.0000    1    2.000   1.0000       realRep
 54.0000    3    2.000   1.0000     pseudoRep
 56.0000    3    2.000   1.0000     pseudoRep
 58.0000    3    2.000   1.0000     pseudoRep
 60.0000    3    2.000   1.0000     pseudoRep
 62.0000    2    2.000   1.0000       realNov
 64.0000    0    4.000   1.0000          NULL 
 68.0000    4    2.000   1.0000     pseudoNov
 70.0000    2    2.000   1.0000       realNov
 72.0000    2    2.000   1.0000       realNov
 74.0000    3    2.000   1.0000     pseudoRep
 76.0000    4    2.000   1.0000     pseudoNov
 78.0000    1    2.000   1.0000       realRep
 80.0000    3    2.000   1.0000     pseudoRep
 82.0000    2    2.000   1.0000       realNov
 84.0000    0    2.000   1.0000          NULL 
 86.0000    1    2.000   1.0000       realRep
 88.0000    4    2.000   1.0000     pseudoNov
 90.0000    4    2.000   1.0000     pseudoNov
 92.0000    2    2.000   1.0000       realNov
 94.0000    4    2.000   1.0000     pseudoNov
 96.0000    0    2.000   1.0000          NULL 
 98.0000    2    2.000   1.0000       realNov
100.0000    4    2.000   1.0000     pseudoNov
102.0000    2    2.000   1.0000       realNov
104.0000    4    2.000   1.0000     pseudoNov
106.0000    2    2.000   1.0000       realNov
108.0000    0    2.000   1.0000          NULL 
110.0000    4    2.000   1.0000     pseudoNov
112.0000    1    2.000   1.0000       realRep
114.0000    1    2.000   1.0000       realRep
116.0000    2    2.000   1.0000       realNov
118.0000    1    2.000   1.0000       realRep
120.0000    4    2.000   1.0000     pseudoNov
122.0000    2    2.000   1.0000       realNov
124.0000    0    2.000   1.0000          NULL 
126.0000    2    2.000   1.0000       realNov
128.0000    1    2.000   1.0000       realRep
130.0000    1    2.000   1.0000       realRep
132.0000    2    2.000   1.0000       realNov
134.0000    3    2.000   1.0000     pseudoRep
136.0000    1    2.000   1.0000       realRep
138.0000    2    2.000   1.0000       realNov
140.0000    1    2.000   1.0000       realRep
142.0000    4    2.000   1.0000     pseudoNov
144.0000    0    4.000   1.0000          NULL 
148.0000    3    2.000   1.0000     pseudoRep
150.0000    4    2.000   1.0000     pseudoNov
152.0000    2    2.000   1.0000       realNov
154.0000    1    2.000   1.0000       realRep
156.0000    2    2.000   1.0000       realNov
158.0000    2    2.000   1.0000       realNov
160.0000    4    2.000   1.0000     pseudoNov
162.0000    1    2.000   1.0000       realRep
164.0000    1    2.000   1.0000       realRep
166.0000    1    2.000   1.0000       realRep
168.0000    3    2.000   1.0000     pseudoRep
170.0000    0    2.000   1.0000          NULL 
172.0000    4    2.000   1.0000     pseudoNov
174.0000    0    2.000   1.0000          NULL 
176.0000    4    2.000   1.0000     pseudoNov
178.0000    4    2.000   1.0000     pseudoNov
180.0000    1    2.000   1.0000       realRep
182.0000    3    2.000   1.0000     pseudoRep
184.0000    1    2.000   1.0000       realRep
186.0000    1    2.000   1.0000       realRep
188.0000    0    2.000   1.0000          NULL 
190.0000    2    2.000   1.0000       realNov
192.0000    3    2.000   1.0000     pseudoRep
194.0000    0    2.000   1.0000          NULL 
196.0000    1    2.000   1.0000       realRep
198.0000    3    2.000   1.0000     pseudoRep
200.0000    0    2.000   1.0000          NULL 
202.0000    3    2.000   1.0000     pseudoRep
204.0000    2    2.000   1.0000       realNov
206.0000    1    2.000   1.0000       realRep
208.0000    0    2.000   1.0000          NULL 
210.0000    3    2.000   1.0000     pseudoRep
212.0000    1    2.000   1.0000       realRep
214.0000    1    2.000   1.0000       realRep
216.0000    2    2.000   1.0000       realNov
218.0000    1    2.000   1.0000       realRep
220.0000    0    4.000   1.0000          NULL 
224.0000    3    2.000   1.0000     pseudoRep
226.0000    1    2.000   1.0000       realRep
228.0000    3    2.000   1.0000     pseudoRep
230.0000    4    2.000   1.0000     pseudoNov
232.0000    0    2.000   1.0000          NULL 
234.0000    4    2.000   1.0000     pseudoNov
236.0000    3    2.000   1.0000     pseudoRep
238.0000    3    2.000   1.0000     pseudoRep
240.0000    3    2.000   1.0000     pseudoRep
242.0000    0    2.000   1.0000          NULL 
244.0000    4    2.000   1.0000     pseudoNov
246.0000    3    2.000   1.0000     pseudoRep
248.0000    3    2.000   1.0000     pseudoRep
250.0000    1    2.000   1.0000       realRep
252.0000    1    2.000   1.0000       realRep
254.0000    0    2.000   1.0000          NULL 
256.0000    4    2.000   1.0000     pseudoNov
258.0000    0    4.000   1.0000          NULL 
262.0000    4    2.000   1.0000     pseudoNov
264.0000    3    2.000   1.0000     pseudoRep
266.0000    4    2.000   1.0000     pseudoNov
268.0000    1    2.000   1.0000       realRep
270.0000    4    2.000   1.0000     pseudoNov
272.0000    3    2.000   1.0000     pseudoRep
274.0000    2    2.000   1.0000       realNov
276.0000    4    2.000   1.0000     pseudoNov
278.0000    2    2.000   1.0000       realNov
280.0000    1    2.000   1.0000       realRep
282.0000    0    2.000   1.0000          NULL 
284.0000    4    2.000   1.0000     pseudoNov
286.0000    2    2.000   1.0000       realNov
288.0000    3    2.000   1.0000     pseudoRep
290.0000    4    2.000   1.0000     pseudoNov
292.0000    0    2.000   1.0000          NULL 
294.0000    1    2.000   1.0000       realRep
296.0000    0    2.000   1.0000          NULL 
298.0000    2    2.000   1.0000       realNov
300.0000    0    2.000   1.0000          NULL 
302.0000    4    2.000   1.0000     pseudoNov
304.0000    3    2.000   1.0000     pseudoRep
306.0000    1    2.000   1.0000       realRep
308.0000    3    2.000   1.0000     pseudoRep
310.0000    4    2.000   1.0000     pseudoNov
312.0000    3    2.000   1.0000     pseudoRep
314.0000    4    2.000   1.0000     pseudoNov
316.0000    0    2.000   1.0000          NULL 
318.0000    2    2.000   1.0000       realNov
320.0000    1    2.000   1.0000       realRep
322.0000    4    2.000   1.0000     pseudoNov
324.0000    2    2.000   1.0000       realNov
326.0000    3    2.000   1.0000     pseudoRep
328.0000    3    2.000   1.0000     pseudoRep
330.0000    1    2.000   1.0000       realRep
332.0000    2    2.000   1.0000       realNov
334.0000    1    2.000   1.0000       realRep
336.0000    4    2.000   1.0000     pseudoNov
338.0000    4    2.000   1.0000     pseudoNov
340.0000    0    4.000   1.0000          NULL 
344.0000    4    2.000   1.0000     pseudoNov
346.0000    1    2.000   1.0000       realRep
348.0000    3    2.000   1.0000     pseudoRep
350.0000    0    2.000   1.0000          NULL 
352.0000    2    2.000   1.0000       realNov
354.0000    0    2.000   1.0000          NULL 
356.0000    3    2.000   1.0000     pseudoRep
358.0000    2    2.000   1.0000       realNov
360.0000    4    2.000   1.0000     pseudoNov
362.0000    4    2.000   1.0000     pseudoNov
364.0000    2    2.000   1.0000       realNov
366.0000    2    2.000   1.0000       realNov
368.0000    0    2.000   1.0000          NULL 
370.0000    1    2.000   1.0000       realRep
372.0000    2    2.000   1.0000       realNov
374.0000    2    2.000   1.0000       realNov
376.0000    4    2.000   1.0000     pseudoNov
378.0000    0    2.000   1.0000          NULL 
380.0000    2    2.000   1.0000       realNov
382.0000    3    2.000   1.0000     pseudoRep
384.0000    1    2.000   1.0000       realRep
386.0000    4    2.000   1.0000     pseudoNov
388.0000    1    2.000   1.0000       realRep
390.0000    1    2.000   1.0000       realRep
392.0000    3    2.000   1.0000     pseudoRep
394.0000    4    2.000   1.0000     pseudoNov
396.0000    3    2.000   1.0000     pseudoRep
398.0000    2    2.000   1.0000       realNov
