  0.0000    3    2.000   1.0000         rwNov
  2.0000    2    2.000   1.0000         rwOrt
  4.0000    0    2.000   1.0000          NULL 
  6.0000    5    2.000   1.0000         pwOrt
  8.0000    1    2.000   1.0000         rwRep
 10.0000    2    2.000   1.0000         rwOrt
 12.0000    0    2.000   1.0000          NULL 
 14.0000    5    2.000   1.0000         pwOrt
 16.0000    0    2.000   1.0000          NULL 
 18.0000    2    2.000   1.0000         rwOrt
 20.0000    3    2.000   1.0000         rwNov
 22.0000    3    2.000   1.0000         rwNov
 24.0000    4    2.000   1.0000         pwRep
 26.0000    4    2.000   1.0000         pwRep
 28.0000    0    2.000   1.0000          NULL 
 30.0000    4    2.000   1.0000         pwRep
 32.0000    2    2.000   1.0000         rwOrt
 34.0000    0    2.000   1.0000          NULL 
 36.0000    3    2.000   1.0000         rwNov
 38.0000    0    2.000   1.0000          NULL 
 40.0000    1    2.000   1.0000         rwRep
 42.0000    3    2.000   1.0000         rwNov
 44.0000    1    2.000   1.0000         rwRep
 46.0000    2    2.000   1.0000         rwOrt
 48.0000    0    4.000   1.0000          NULL 
 52.0000    6    2.000   1.0000         pwNov
 54.0000    5    2.000   1.0000         pwOrt
 56.0000    1    2.000   1.0000         rwRep
 58.0000    0    2.000   1.0000          NULL 
 60.0000    1    2.000   1.0000         rwRep
 62.0000    3    2.000   1.0000         rwNov
 64.0000    6    2.000   1.0000         pwNov
 66.0000    2    2.000   1.0000         rwOrt
 68.0000    1    2.000   1.0000         rwRep
 70.0000    4    2.000   1.0000         pwRep
 72.0000    5    2.000   1.0000         pwOrt
 74.0000    6    2.000   1.0000         pwNov
 76.0000    1    2.000   1.0000         rwRep
 78.0000    1    2.000   1.0000         rwRep
 80.0000    5    2.000   1.0000         pwOrt
 82.0000    5    2.000   1.0000         pwOrt
 84.0000    3    2.000   1.0000         rwNov
 86.0000    4    2.000   1.0000         pwRep
 88.0000    0    2.000   1.0000          NULL 
 90.0000    5    2.000   1.0000         pwOrt
 92.0000    6    2.000   1.0000         pwNov
 94.0000    0    2.000   1.0000          NULL 
 96.0000    4    2.000   1.0000         pwRep
 98.0000    4    2.000   1.0000         pwRep
100.0000    0    2.000   1.0000          NULL 
102.0000    6    2.000   1.0000         pwNov
104.0000    5    2.000   1.0000         pwOrt
106.0000    0    2.000   1.0000          NULL 
108.0000    6    2.000   1.0000         pwNov
110.0000    6    2.000   1.0000         pwNov
112.0000    0    2.000   1.0000          NULL 
114.0000    3    2.000   1.0000         rwNov
116.0000    5    2.000   1.0000         pwOrt
118.0000    1    2.000   1.0000         rwRep
120.0000    0    2.000   1.0000          NULL 
122.0000    2    2.000   1.0000         rwOrt
124.0000    4    2.000   1.0000         pwRep
126.0000    1    2.000   1.0000         rwRep
128.0000    5    2.000   1.0000         pwOrt
130.0000    3    2.000   1.0000         rwNov
132.0000    2    2.000   1.0000         rwOrt
134.0000    1    2.000   1.0000         rwRep
136.0000    3    2.000   1.0000         rwNov
138.0000    6    2.000   1.0000         pwNov
140.0000    0    2.000   1.0000          NULL 
142.0000    5    2.000   1.0000         pwOrt
144.0000    0    4.000   1.0000          NULL 
148.0000    2    2.000   1.0000         rwOrt
150.0000    0    4.000   1.0000          NULL 
154.0000    3    2.000   1.0000         rwNov
156.0000    0    4.000   1.0000          NULL 
160.0000    6    2.000   1.0000         pwNov
162.0000    4    2.000   1.0000         pwRep
164.0000    6    2.000   1.0000         pwNov
166.0000    2    2.000   1.0000         rwOrt
168.0000    0    2.000   1.0000          NULL 
170.0000    1    2.000   1.0000         rwRep
172.0000    0    2.000   1.0000          NULL 
174.0000    4    2.000   1.0000         pwRep
176.0000    0    4.000   1.0000          NULL 
180.0000    4    2.000   1.0000         pwRep
182.0000    3    2.000   1.0000         rwNov
184.0000    0    6.000   1.0000          NULL 
190.0000    6    2.000   1.0000         pwNov
192.0000    0    4.000   1.0000          NULL 
196.0000    3    2.000   1.0000         rwNov
198.0000    0    2.000   1.0000          NULL 
200.0000    4    2.000   1.0000         pwRep
202.0000    6    2.000   1.0000         pwNov
204.0000    3    2.000   1.0000         rwNov
206.0000    0    2.000   1.0000          NULL 
208.0000    5    2.000   1.0000         pwOrt
210.0000    4    2.000   1.0000         pwRep
212.0000    1    2.000   1.0000         rwRep
214.0000    0    2.000   1.0000          NULL 
216.0000    1    2.000   1.0000         rwRep
218.0000    1    2.000   1.0000         rwRep
220.0000    2    2.000   1.0000         rwOrt
222.0000    5    2.000   1.0000         pwOrt
224.0000    6    2.000   1.0000         pwNov
226.0000    0    2.000   1.0000          NULL 
228.0000    6    2.000   1.0000         pwNov
230.0000    4    2.000   1.0000         pwRep
232.0000    3    2.000   1.0000         rwNov
234.0000    4    2.000   1.0000         pwRep
236.0000    0    2.000   1.0000          NULL 
238.0000    2    2.000   1.0000         rwOrt
240.0000    0    2.000   1.0000          NULL 
242.0000    1    2.000   1.0000         rwRep
244.0000    0    2.000   1.0000          NULL 
246.0000    2    2.000   1.0000         rwOrt
248.0000    5    2.000   1.0000         pwOrt
250.0000    0    2.000   1.0000          NULL 
252.0000    2    2.000   1.0000         rwOrt
254.0000    3    2.000   1.0000         rwNov
256.0000    2    2.000   1.0000         rwOrt
258.0000    2    2.000   1.0000         rwOrt
260.0000    4    2.000   1.0000         pwRep
262.0000    5    2.000   1.0000         pwOrt
264.0000    5    2.000   1.0000         pwOrt
266.0000    0    2.000   1.0000          NULL 
268.0000    6    2.000   1.0000         pwNov
270.0000    6    2.000   1.0000         pwNov
272.0000    0    2.000   1.0000          NULL 
274.0000    4    2.000   1.0000         pwRep
276.0000    2    2.000   1.0000         rwOrt
278.0000    4    2.000   1.0000         pwRep
280.0000    0    2.000   1.0000          NULL 
282.0000    3    2.000   1.0000         rwNov
284.0000    5    2.000   1.0000         pwOrt
286.0000    0    6.000   1.0000          NULL 
292.0000    2    2.000   1.0000         rwOrt
294.0000    0    2.000   1.0000          NULL 
296.0000    6    2.000   1.0000         pwNov
298.0000    1    2.000   1.0000         rwRep
300.0000    6    2.000   1.0000         pwNov
302.0000    0    2.000   1.0000          NULL 
304.0000    1    2.000   1.0000         rwRep
306.0000    6    2.000   1.0000         pwNov
308.0000    4    2.000   1.0000         pwRep
310.0000    0    6.000   1.0000          NULL 
316.0000    3    2.000   1.0000         rwNov
318.0000    3    2.000   1.0000         rwNov
320.0000    0    8.000   1.0000          NULL 
328.0000    1    2.000   1.0000         rwRep
330.0000    5    2.000   1.0000         pwOrt
332.0000    2    2.000   1.0000         rwOrt
334.0000    1    2.000   1.0000         rwRep
336.0000    4    2.000   1.0000         pwRep
338.0000    0    8.000   1.0000          NULL 
346.0000    5    2.000   1.0000         pwOrt
348.0000    0    2.000   1.0000          NULL 
350.0000    3    2.000   1.0000         rwNov
352.0000    5    2.000   1.0000         pwOrt
354.0000    6    2.000   1.0000         pwNov
356.0000    2    2.000   1.0000         rwOrt
358.0000    0    2.000   1.0000          NULL 
