  0.0000    5    2.000   1.0000         pwOrt
  2.0000    4    2.000   1.0000         pwRep
  4.0000    3    2.000   1.0000         rwNov
  6.0000    2    2.000   1.0000         rwOrt
  8.0000    5    2.000   1.0000         pwOrt
 10.0000    4    2.000   1.0000         pwRep
 12.0000    0    2.000   1.0000          NULL 
 14.0000    3    2.000   1.0000         rwNov
 16.0000    6    2.000   1.0000         pwNov
 18.0000    0    2.000   1.0000          NULL 
 20.0000    1    2.000   1.0000         rwRep
 22.0000    3    2.000   1.0000         rwNov
 24.0000    3    2.000   1.0000         rwNov
 26.0000    0    2.000   1.0000          NULL 
 28.0000    6    2.000   1.0000         pwNov
 30.0000    4    2.000   1.0000         pwRep
 32.0000    4    2.000   1.0000         pwRep
 34.0000    0    2.000   1.0000          NULL 
 36.0000    1    2.000   1.0000         rwRep
 38.0000    0    2.000   1.0000          NULL 
 40.0000    5    2.000   1.0000         pwOrt
 42.0000    1    2.000   1.0000         rwRep
 44.0000    0    4.000   1.0000          NULL 
 48.0000    3    2.000   1.0000         rwNov
 50.0000    0    2.000   1.0000          NULL 
 52.0000    1    2.000   1.0000         rwRep
 54.0000    0    2.000   1.0000          NULL 
 56.0000    6    2.000   1.0000         pwNov
 58.0000    2    2.000   1.0000         rwOrt
 60.0000    2    2.000   1.0000         rwOrt
 62.0000    4    2.000   1.0000         pwRep
 64.0000    0    2.000   1.0000          NULL 
 66.0000    2    2.000   1.0000         rwOrt
 68.0000    0    2.000   1.0000          NULL 
 70.0000    2    2.000   1.0000         rwOrt
 72.0000    0    2.000   1.0000          NULL 
 74.0000    6    2.000   1.0000         pwNov
 76.0000    2    2.000   1.0000         rwOrt
 78.0000    0    2.000   1.0000          NULL 
 80.0000    2    2.000   1.0000         rwOrt
 82.0000    0    2.000   1.0000          NULL 
 84.0000    1    2.000   1.0000         rwRep
 86.0000    6    2.000   1.0000         pwNov
 88.0000    0    2.000   1.0000          NULL 
 90.0000    4    2.000   1.0000         pwRep
 92.0000    1    2.000   1.0000         rwRep
 94.0000    4    2.000   1.0000         pwRep
 96.0000    4    2.000   1.0000         pwRep
 98.0000    0    2.000   1.0000          NULL 
100.0000    5    2.000   1.0000         pwOrt
102.0000    4    2.000   1.0000         pwRep
104.0000    3    2.000   1.0000         rwNov
106.0000    4    2.000   1.0000         pwRep
108.0000    4    2.000   1.0000         pwRep
110.0000    0    4.000   1.0000          NULL 
114.0000    3    2.000   1.0000         rwNov
116.0000    2    2.000   1.0000         rwOrt
118.0000    2    2.000   1.0000         rwOrt
120.0000    1    2.000   1.0000         rwRep
122.0000    0    2.000   1.0000          NULL 
124.0000    1    2.000   1.0000         rwRep
126.0000    3    2.000   1.0000         rwNov
128.0000    3    2.000   1.0000         rwNov
130.0000    3    2.000   1.0000         rwNov
132.0000    1    2.000   1.0000         rwRep
134.0000    0    4.000   1.0000          NULL 
138.0000    6    2.000   1.0000         pwNov
140.0000    0    2.000   1.0000          NULL 
142.0000    6    2.000   1.0000         pwNov
144.0000    5    2.000   1.0000         pwOrt
146.0000    0    4.000   1.0000          NULL 
150.0000    1    2.000   1.0000         rwRep
152.0000    4    2.000   1.0000         pwRep
154.0000    0    2.000   1.0000          NULL 
156.0000    5    2.000   1.0000         pwOrt
158.0000    5    2.000   1.0000         pwOrt
160.0000    5    2.000   1.0000         pwOrt
162.0000    2    2.000   1.0000         rwOrt
164.0000    1    2.000   1.0000         rwRep
166.0000    0    4.000   1.0000          NULL 
170.0000    5    2.000   1.0000         pwOrt
172.0000    0    2.000   1.0000          NULL 
174.0000    4    2.000   1.0000         pwRep
176.0000    0    2.000   1.0000          NULL 
178.0000    5    2.000   1.0000         pwOrt
180.0000    3    2.000   1.0000         rwNov
182.0000    4    2.000   1.0000         pwRep
184.0000    6    2.000   1.0000         pwNov
186.0000    5    2.000   1.0000         pwOrt
188.0000    0    2.000   1.0000          NULL 
190.0000    6    2.000   1.0000         pwNov
192.0000    2    2.000   1.0000         rwOrt
194.0000    5    2.000   1.0000         pwOrt
196.0000    4    2.000   1.0000         pwRep
198.0000    5    2.000   1.0000         pwOrt
200.0000    0    4.000   1.0000          NULL 
204.0000    2    2.000   1.0000         rwOrt
206.0000    0    4.000   1.0000          NULL 
210.0000    4    2.000   1.0000         pwRep
212.0000    1    2.000   1.0000         rwRep
214.0000    3    2.000   1.0000         rwNov
216.0000    6    2.000   1.0000         pwNov
218.0000    0    2.000   1.0000          NULL 
220.0000    3    2.000   1.0000         rwNov
222.0000    0    2.000   1.0000          NULL 
224.0000    5    2.000   1.0000         pwOrt
226.0000    1    2.000   1.0000         rwRep
228.0000    0    6.000   1.0000          NULL 
234.0000    6    2.000   1.0000         pwNov
236.0000    3    2.000   1.0000         rwNov
238.0000    0    2.000   1.0000          NULL 
240.0000    6    2.000   1.0000         pwNov
242.0000    0    6.000   1.0000          NULL 
248.0000    2    2.000   1.0000         rwOrt
250.0000    1    2.000   1.0000         rwRep
252.0000    2    2.000   1.0000         rwOrt
254.0000    6    2.000   1.0000         pwNov
256.0000    6    2.000   1.0000         pwNov
258.0000    0    2.000   1.0000          NULL 
260.0000    4    2.000   1.0000         pwRep
262.0000    2    2.000   1.0000         rwOrt
264.0000    6    2.000   1.0000         pwNov
266.0000    0    2.000   1.0000          NULL 
268.0000    2    2.000   1.0000         rwOrt
270.0000    1    2.000   1.0000         rwRep
272.0000    0    2.000   1.0000          NULL 
274.0000    1    2.000   1.0000         rwRep
276.0000    2    2.000   1.0000         rwOrt
278.0000    3    2.000   1.0000         rwNov
280.0000    5    2.000   1.0000         pwOrt
282.0000    1    2.000   1.0000         rwRep
284.0000    2    2.000   1.0000         rwOrt
286.0000    6    2.000   1.0000         pwNov
288.0000    3    2.000   1.0000         rwNov
290.0000    5    2.000   1.0000         pwOrt
292.0000    1    2.000   1.0000         rwRep
294.0000    0    2.000   1.0000          NULL 
296.0000    5    2.000   1.0000         pwOrt
298.0000    0    2.000   1.0000          NULL 
300.0000    3    2.000   1.0000         rwNov
302.0000    0    2.000   1.0000          NULL 
304.0000    2    2.000   1.0000         rwOrt
306.0000    0    2.000   1.0000          NULL 
308.0000    6    2.000   1.0000         pwNov
310.0000    0    2.000   1.0000          NULL 
312.0000    3    2.000   1.0000         rwNov
314.0000    0    4.000   1.0000          NULL 
318.0000    3    2.000   1.0000         rwNov
320.0000    1    2.000   1.0000         rwRep
322.0000    5    2.000   1.0000         pwOrt
324.0000    5    2.000   1.0000         pwOrt
326.0000    0    2.000   1.0000          NULL 
328.0000    2    2.000   1.0000         rwOrt
330.0000    4    2.000   1.0000         pwRep
332.0000    4    2.000   1.0000         pwRep
334.0000    1    2.000   1.0000         rwRep
336.0000    3    2.000   1.0000         rwNov
338.0000    0    4.000   1.0000          NULL 
342.0000    5    2.000   1.0000         pwOrt
344.0000    0    4.000   1.0000          NULL 
348.0000    6    2.000   1.0000         pwNov
350.0000    6    2.000   1.0000         pwNov
352.0000    6    2.000   1.0000         pwNov
354.0000    0    2.000   1.0000          NULL 
356.0000    4    2.000   1.0000         pwRep
358.0000    0    2.000   1.0000          NULL 
